       -0.038156                0 
    -0.038079688     0.0117655764 
    -0.038003376     0.0235311527 
    -0.037927064     0.0352967291 
    -0.037850752     0.0470623055 
     -0.03777444     0.0588278818 
    -0.037698128     0.0705934582 
    -0.037621816     0.0823590346 
    -0.037545504     0.0941246109 
    -0.037469192      0.105890187 
     -0.03739288      0.117655764 
    -0.037316568       0.12942134 
    -0.037240256      0.141186916 
    -0.037163944      0.152952493 
    -0.037087632      0.164718069 
     -0.03701132      0.181052501 
    -0.036935008      0.193122667 
    -0.036858696      0.205192834 
    -0.036782384      0.217263001 
    -0.036706072      0.229333167 
     -0.03662976      0.241403334 
    -0.036553448      0.253473501 
    -0.036477136      0.265543667 
    -0.036400824      0.277613834 
    -0.036324512      0.289684001 
      -0.0362482      0.301754168 
    -0.036171888      0.313824334 
    -0.036095576      0.325894501 
    -0.036019264      0.337964668 
    -0.035942952      0.350034834 
     -0.03586664      0.373142091 
    -0.035790328       0.38558016 
    -0.035714016       0.39801823 
    -0.035637704        0.4104563 
    -0.035561392      0.422894369 
     -0.03548508      0.435332439 
    -0.035408768      0.447770509 
    -0.035332456      0.460208578 
    -0.035256144      0.472646648 
    -0.035179832      0.485084718 
     -0.03510352      0.497522787 
    -0.035027208      0.509960857 
    -0.034950896      0.522398927 
    -0.034874584      0.534836997 
    -0.034798272      0.547275066 
     -0.03472196      0.544006573 
    -0.034645648      0.557344827 
    -0.034569336      0.570774102 
    -0.034493024      0.584294399 
    -0.034416712      0.597905718 
      -0.0343404      0.611608058 
    -0.034264088      0.625401421 
    -0.034187776      0.639285805 
    -0.034111464      0.653261212 
    -0.034035152       0.66732764 
     -0.03395884       0.68148509 
    -0.033882528      0.695733561 
    -0.033806216      0.710073055 
    -0.033729904       0.72450357 
    -0.033653592      0.739025108 
     -0.03357728      0.753332029 
    -0.033500968        0.7680611 
    -0.033424656      0.782912704 
    -0.033348344      0.797886843 
    -0.033272032      0.812983515 
     -0.03319572      0.828202722 
    -0.033119408      0.843544463 
    -0.033043096      0.859008738 
    -0.032966784      0.874595547 
    -0.032890472       0.89030489 
     -0.03281416      0.906136767 
    -0.032737848      0.922091178 
    -0.032661536      0.938168123 
    -0.032585224      0.954367602 
    -0.032508912      0.970689616 
      -0.0324326      0.986754441 
    -0.032356288       1.00335141 
    -0.032279976       1.02010531 
    -0.032203664       1.03701615 
    -0.032127352       1.05408393 
     -0.03205104       1.07130865 
    -0.031974728        1.0886903 
    -0.031898416        1.1062289 
    -0.031822104       1.12392442 
    -0.031745792       1.14177689 
     -0.03166948       1.15978629 
    -0.031593168       1.17795264 
    -0.031516856       1.19627592 
    -0.031440544       1.21475613 
    -0.031364232       1.23339329 
     -0.03128792       1.25174595 
    -0.031211608       1.27073276 
    -0.031135296       1.28991464 
    -0.031058984        1.3092916 
    -0.030982672       1.32886363 
     -0.03090636       1.34863073 
    -0.030830048       1.36859291 
    -0.030753736       1.38875016 
    -0.030677424       1.40910248 
    -0.030601112       1.42964988 
      -0.0305248       1.45039235 
    -0.030448488        1.4713299 
    -0.030372176       1.49246252 
    -0.030295864       1.51379022 
    -0.030219552       1.53531298 
     -0.03014324       1.55653121 
    -0.030066928       1.57848754 
    -0.029990616       1.60068163 
    -0.029914304       1.62311348 
    -0.029837992       1.64578308 
     -0.02976168       1.66869043 
    -0.029685368       1.69183554 
    -0.029609056       1.71521841 
    -0.029532744       1.73883902 
    -0.029456432        1.7626974 
     -0.02938012       1.78679352 
    -0.029303808        1.8111274 
    -0.029227496       1.83569904 
    -0.029151184       1.86050843 
    -0.029074872       1.88555557 
     -0.02899856       1.91027547 
    -0.028922248       1.93585069 
    -0.028845936       1.96171145 
    -0.028769624       1.98785775 
    -0.028693312       2.01428959 
       -0.028617       2.04100698 
    -0.028540688        2.0680099 
    -0.028464376       2.09529836 
    -0.028388064       2.12287237 
    -0.028311752       2.15073191 
     -0.02823544         2.178877 
    -0.028159128       2.20730763 
    -0.028082816       2.23602379 
    -0.028006504        2.2650255 
    -0.027930192       2.29431275 
     -0.02785388       2.32324946 
    -0.027777568       2.35317085 
    -0.027701256       2.38343098 
    -0.027624944       2.41402984 
    -0.027548632       2.44496743 
     -0.02747232       2.47624376 
    -0.027396008       2.50785882 
    -0.027319696       2.53981261 
    -0.027243384       2.57210514 
    -0.027167072       2.60473639 
     -0.02709076       2.63770639 
    -0.027014448       2.67101511 
    -0.026938136       2.70466257 
    -0.026861824       2.73864876 
    -0.026785512       2.77297369 
      -0.0267092       2.80692766 
    -0.026632888       2.84200459 
    -0.026556576       2.87747876 
    -0.026480264       2.91335017 
    -0.026403952       2.94961881 
     -0.02632764       2.98628469 
    -0.026251328       3.02334781 
    -0.026175016       3.06080817 
    -0.026098704       3.09866576 
    -0.026022392        3.1369206 
     -0.02594608       3.17557267 
    -0.025869768       3.21462197 
    -0.025793456       3.25406852 
    -0.025717144        3.2939123 
    -0.025640832       3.33415333 
     -0.02556452       3.37401139 
    -0.025488208       3.41513312 
    -0.025411896       3.45671522 
    -0.025335584       3.49875768 
    -0.025259272       3.54126049 
     -0.02518296       3.58422367 
    -0.025106648       3.62764721 
    -0.025030336       3.67153111 
    -0.024954024       3.71587538 
    -0.024877712          3.76068 
      -0.0248014       3.80594498 
    -0.024725088       3.85167033 
    -0.024648776       3.89785603 
    -0.024572464        3.9445021 
    -0.024496152       3.99160853 
     -0.02441984        4.0383363 
    -0.024343528       4.08646029 
    -0.024267216       4.13511082 
    -0.024190904       4.18428789 
    -0.024114592        4.2339915 
     -0.02403828       4.28422164 
    -0.023961968       4.33497833 
    -0.023885656       4.38626155 
    -0.023809344       4.43807131 
    -0.023733032       4.49040761 
     -0.02365672       4.54327045 
    -0.023580408       4.59665983 
    -0.023504096       4.65057575 
    -0.023427784        4.7050182 
    -0.023351472       4.75907417 
     -0.02327516       4.81460749 
    -0.023198848       4.87073383 
    -0.023122536       4.92745319 
    -0.023046224       4.98476556 
    -0.022969912       5.04267095 
      -0.0228936       5.10116936 
    -0.022817288       5.16026078 
    -0.022740976       5.21994523 
    -0.022664664       5.28022269 
    -0.022588352       5.34109317 
     -0.02251204       5.40255666 
    -0.022435728       5.46461318 
    -0.022359416       5.52726271 
    -0.022283104       5.59050526 
    -0.022206792         5.653408 
     -0.02213048        5.7178796 
    -0.022054168       5.78300676 
    -0.021977856       5.84878948 
    -0.021901544       5.91522777 
    -0.021825232       5.98232162 
     -0.02174892       6.05007103 
    -0.021672608       6.11847601 
    -0.021596296       6.18753655 
    -0.021519984       6.25725266 
    -0.021443672       6.32762432 
     -0.02136736       6.39865156 
    -0.021291048       6.47033435 
    -0.021214736       6.54267271 
    -0.021138424       6.61566663 
    -0.021062112       6.68825027 
      -0.0209858       6.76259987 
    -0.020909488       6.83765776 
    -0.020833176       6.91342394 
    -0.020756864        6.9898984 
    -0.020680552       7.06708116 
     -0.02060424        7.1449722 
    -0.020527928       7.22357153 
    -0.020451616       7.30287914 
    -0.020375304       7.38289505 
    -0.020298992       7.46361924 
     -0.02022268       7.54505172 
    -0.020146368       7.62719249 
    -0.020070056       7.71004155 
    -0.019993744        7.7935989 
    -0.019917432       7.87556165 
     -0.01984112       7.96057851 
    -0.019764808       8.04633737 
    -0.019688496       8.13283824 
    -0.019612184       8.22008111 
    -0.019535872       8.30806599 
     -0.01945956       8.39679288 
    -0.019383248       8.48626177 
    -0.019306936       8.57647267 
    -0.019230624       8.66742558 
    -0.019154312        8.7591205 
       -0.019078       8.85155742 
    -0.019001688       8.94473634 
    -0.018925376       9.03865728 
    -0.018849064       9.13332022 
    -0.018772752       9.21960828 
     -0.01869644       9.31584146 
    -0.018620128       9.41280658 
    -0.018543816       9.51050363 
    -0.018467504       9.60893261 
    -0.018391192       9.70809353 
     -0.01831488       9.80798638 
    -0.018238568       9.90861117 
    -0.018162256       10.0099679 
    -0.018085944       10.1120566 
    -0.018009632       10.2148771 
     -0.01793332       10.3184297 
    -0.017857008       10.4227141 
    -0.017780696       10.5277305 
    -0.017704384       10.6334789 
    -0.017628072       10.7284084 
     -0.01755176       10.8357684 
    -0.017475448       10.9438508 
    -0.017399136       11.0526555 
    -0.017322824       11.1621826 
    -0.017246512       11.2724321 
      -0.0171702        11.383404 
    -0.017093888       11.4950982 
    -0.017017576       11.6075148 
    -0.016941264       11.7206537 
    -0.016864952        11.834515 
     -0.01678864       11.9490987 
    -0.016712328       12.0644048 
    -0.016636016       12.1804332 
    -0.016559704        12.297184 
    -0.016483392       12.4165422 
     -0.01640708       12.5341125 
    -0.016330768       12.6523389 
    -0.016254456       12.7712214 
    -0.016178144       12.8907599 
    -0.016101832       13.0109545 
     -0.01602552       13.1318052 
    -0.015949208        13.253312 
    -0.015872896       13.3689989 
    -0.015796584       13.4919459 
    -0.015720272       13.6156706 
     -0.01564396       13.7401731 
    -0.015567648       13.8654534 
    -0.015491336       13.9915115 
    -0.015415024       14.1183473 
    -0.015338712       14.2459609 
      -0.0152624       14.3915153 
    -0.015186088        14.520099 
    -0.015109776       14.6492579 
    -0.015033464        14.778992 
    -0.014957152       14.9093012 
     -0.01488084       15.0401855 
    -0.014804528       15.1716449 
    -0.014728216       15.3036795 
    -0.014651904       15.4342309 
    -0.014575592       15.5671407 
     -0.01449928       15.7004924 
    -0.014422968       15.8342861 
    -0.014346656       15.9685217 
    -0.014270344       16.1031992 
    -0.014194032       16.2383187 
     -0.01411772       16.3656448 
    -0.014041408       16.5017843 
    -0.013965096       16.6383503 
    -0.013888784       16.7753427 
    -0.013812472       16.9127616 
     -0.01373616       17.0506069 
    -0.013659848       17.1888787 
    -0.013583536        17.327577 
    -0.013507224       17.4674629 
    -0.013430912       17.6060985 
      -0.0133546       17.7449384 
    -0.013278288       17.8839827 
    -0.013201976       18.0202115 
    -0.013125664       18.1596416 
    -0.013049352       18.2994503 
     -0.01297304       18.4396376 
    -0.012896728       18.5871496 
    -0.012820416       18.7276893 
    -0.012744104       18.8684786 
    -0.012667792       19.0095174 
     -0.01259148       19.1531642 
    -0.012515168       19.2944468 
    -0.012438856       19.4358174 
    -0.012362544       19.5772758 
    -0.012286232       19.7187365 
     -0.01220992        19.860308 
    -0.012133608       20.0018907 
    -0.012057296       20.1434848 
    -0.011980984       20.2843078 
    -0.011904672        20.425865 
     -0.01182836       20.5673637 
    -0.011752048       20.7088039 
    -0.011675736       20.8492153 
    -0.011599424       20.9904748 
    -0.011523112       21.1316064 
      -0.0114468       21.2726101 
    -0.011370488       21.4124675 
    -0.011294176       21.5531478 
    -0.011217864       21.6936302 
    -0.011141552        21.833915 
     -0.01106524       21.9729749 
    -0.010988928       22.1127934 
    -0.010912616       22.2523443 
    -0.010836304       22.3916275 
    -0.010759992       22.5296257 
     -0.01068368       22.6683004 
    -0.010607368       22.8066381 
    -0.010531056       22.9446388 
    -0.010454744       23.0813169 
    -0.010378432       23.2185685 
     -0.01030212       23.3554151 
    -0.010225808       23.4918567 
    -0.010149496       23.6269829 
    -0.010073184       23.7625387 
    -0.009996872       23.8976245 
     -0.00992056       24.0322405 
    -0.009844248       24.1656449 
    -0.009767936       24.2992462 
    -0.009691624       24.4323193 
    -0.009615312       24.5648643 
       -0.009539        24.696509 
    -0.009462688       24.8279296 
    -0.009386376       24.9587812 
    -0.009310064       25.0890638 
    -0.009233752       25.2192367 
     -0.00915744       25.3483357 
    -0.009081128       25.4768766 
    -0.009004816       25.6048595 
    -0.008928504       25.7331547 
    -0.008852192       25.8600319 
     -0.00877588       25.9863554 
    -0.008699568       26.1121253 
    -0.008623256       26.2422232 
    -0.008546944       26.3665536 
    -0.008470632       26.4893007 
     -0.00839432       26.6104645 
    -0.008318008       26.7182077 
    -0.008241696       26.8374661 
    -0.008165384       26.9555981 
    -0.008089072       27.0726039 
     -0.00801276       27.1884834 
    -0.007936448       27.3032365 
    -0.007860136       27.4168634 
    -0.007783824        27.529364 
    -0.007707512       27.6282655 
      -0.0076312       27.7393677 
    -0.007554888       27.8496968 
    -0.007478576       27.9592527 
    -0.007402264       28.0680355 
    -0.007325952       28.1760451 
     -0.00724964       28.2832815 
    -0.007173328       28.3937138 
    -0.007097016       28.4990202 
    -0.007020704       28.6033869 
    -0.006944392       28.7068139 
     -0.00686808       28.8093013 
    -0.006791768       28.9108491 
    -0.006715456       29.0114572 
    -0.006639144       29.1111257 
    -0.006562832       29.2151696 
     -0.00648652       29.3126923 
    -0.006410208       29.4091436 
    -0.006333896       29.5045236 
    -0.006257584       29.5988323 
    -0.006181272       29.6920696 
     -0.00610496       29.7842357 
    -0.006028648       29.8753304 
    -0.005952336       29.9660901 
    -0.005876024       30.0549968 
    -0.005799712       30.1427885 
      -0.0057234       30.2294651 
    -0.005647088       30.3150267 
    -0.005570776       30.3994733 
    -0.005494464       30.4828048 
    -0.005418152       30.5650212 
     -0.00534184       30.6459876 
    -0.005265528       30.7259367 
    -0.005189216       30.8047432 
    -0.005112904       30.8824071 
    -0.005036592       30.9589284 
     -0.00496028       31.0343071 
    -0.004883968       31.1085432 
    -0.004807656       31.1816366 
    -0.004731344       31.2534486 
    -0.004655032        31.324232 
     -0.00457872       31.3938578 
    -0.004502408       31.4623262 
    -0.004426096       31.5296369 
    -0.004349784       31.5957901 
    -0.004273472       31.6607858 
     -0.00419716       31.7246239 
    -0.004120848       31.7872303 
    -0.004044536         31.84874 
    -0.003968224       31.9090864 
    -0.003891912       31.9682695 
      -0.0038156       32.0262894 
    -0.003739288        32.083146 
    -0.003662976       32.1388393 
    -0.003586664       32.1933566 
    -0.003510352       32.2467194 
     -0.00343404       32.2989198 
    -0.003357728       32.3499578 
    -0.003281416       32.3998334 
    -0.003205104       32.4485466 
    -0.003128792       32.4960973 
     -0.00305248       32.5424856 
    -0.002976168       32.5877345 
    -0.002899856       32.6317979 
    -0.002823544       32.6747037 
    -0.002747232       32.7164519 
     -0.00267092       32.7570425 
    -0.002594608       32.7964755 
    -0.002518296        32.834751 
    -0.002441984       32.8718688 
    -0.002365672       32.9078931 
     -0.00228936       32.9426986 
    -0.002213048       32.9763528 
    -0.002136736       33.0088558 
    -0.002060424       33.0402075 
    -0.001984112        33.070408 
      -0.0019078       33.0994573 
    -0.001831488       33.1273553 
    -0.001755176       33.1544598 
    -0.001678864        33.180057 
    -0.001602552        33.204509 
     -0.00152624       33.2278159 
    -0.001449928       33.2499778 
    -0.001373616       33.2709945 
    -0.001297304       33.2908661 
    -0.001220992       33.3095926 
     -0.00114468       33.3289575 
    -0.001068368       33.3453909 
    -0.000992056        33.360691 
    -0.000915744       33.3748577 
    -0.000839432       33.3878912 
     -0.00076312       33.3997912 
    -0.000686808        33.410558 
    -0.000610496       33.4201914 
    -0.000534184       33.4297378 
    -0.000457872       33.4371358 
     -0.00038156       33.4433956 
    -0.000305248       33.4485172 
    -0.000228936       33.4525007 
    -0.000152624       33.4553461 
     -7.6312e-05       33.4570533 
               0       33.4583822 
      7.6312e-05       33.4578132 
     0.000152624       33.4561065 
     0.000228936       33.4532618 
     0.000305248       33.4492794 
      0.00038156        33.444159 
     0.000457872       33.4379009 
     0.000534184       33.4305048 
     0.000610496       33.4209609 
     0.000686808         33.41133 
      0.00076312        33.400566 
     0.000839432        33.388669 
     0.000915744       33.3756389 
     0.000992056       33.3614758 
     0.001068368       33.3461796 
      0.00114468       33.3297504 
     0.001220992       33.3103906 
     0.001297304       33.2916688 
     0.001373616       33.2718023 
     0.001449928        33.250791 
      0.00152624       33.2286348 
     0.001602552       33.2053339 
     0.001678864       33.1808881 
     0.001755176       33.1552975 
     0.001831488       33.1281999 
       0.0019078        33.100309 
     0.001984112       33.0712672 
     0.002060424       33.0410744 
     0.002136736       33.0097307 
     0.002213048       32.9772361 
      0.00228936       32.9435904 
     0.002365672       32.9087939 
     0.002441984       32.8727787 
     0.002518296       32.8356704 
     0.002594608       32.7974047 
      0.00267092       32.7579818 
     0.002747232       32.7174015 
     0.002823544        32.675664 
     0.002899856       32.6327691 
     0.002976168        32.588717 
      0.00305248       32.5434795 
     0.003128792        32.497103 
     0.003205104       32.4495644 
     0.003281416       32.4008637 
     0.003357728       32.3510008 
      0.00343404       32.2999758 
     0.003510352       32.2477886 
     0.003586664       32.1944393 
     0.003662976       32.1399358 
     0.003739288       32.0842566 
       0.0038156       32.0274144 
     0.003891912       31.9694092 
     0.003968224       31.9102411 
     0.004044536       31.8499099 
     0.004120848       31.7884158 
      0.00419716       31.7258251 
     0.004273472       31.6620031 
     0.004349784       31.5970238 
     0.004426096       31.5308873 
     0.004502408       31.4635934 
      0.00457872       31.3951423 
     0.004655032        31.325534 
     0.004731344       31.2547683 
     0.004807656       31.1829742 
     0.004883968       31.1098991 
      0.00496028       31.0356815 
     0.005036592       30.9603217 
     0.005112904       30.8838195 
     0.005189216       30.8061749 
     0.005265528       30.7273881 
      0.00534184       30.6474588 
     0.005418152       30.5665125 
     0.005494464       30.4843164 
     0.005570776       30.4010055 
     0.005647088       30.3165798 
       0.0057234       30.2310394 
     0.005799712       30.1443841 
     0.005876024        30.056614 
     0.005952336       29.9677292 
     0.006028648       29.8769918 
      0.00610496       29.7859195 
     0.006181272        29.693776 
     0.006257584       29.6005615 
     0.006333896       29.5062758 
     0.006410208       29.4109191 
      0.00648652       29.3144913 
     0.006562832       29.2169924 
     0.006639144        29.112978 
     0.006715456       29.0133337 
     0.006791768       28.9127501 
      0.00686808       28.8112271 
     0.006944392       28.7087647 
     0.007020704        28.605363 
     0.007097016        28.501022 
     0.007173328       28.3957416 
      0.00724964       28.2853938 
     0.007325952        28.178184 
     0.007402264       28.0702014 
     0.007478576       27.9614458 
     0.007554888       27.8519174 
       0.0076312       27.7416161 
     0.007707512       27.6305419 
     0.007783824       27.5314872 
     0.007860136       27.4190079 
     0.007936448       27.3054073 
      0.00801276       27.1906854 
     0.008089072       27.0748423 
     0.008165384       26.9578778 
     0.008241696       26.8397921 
     0.008318008       26.7205851 
      0.00839432       26.6131759 
     0.008470632       26.4920123 
     0.008546944       26.3692494 
     0.008623256       26.2448874 
     0.008699568       26.1147856 
      0.00877588       25.9890389 
     0.008852192       25.8627405 
     0.008928504       25.7358904 
     0.009004816       25.6075976 
     0.009081128       25.4796459 
      0.00915744       25.3511384 
     0.009233752       25.2220752 
     0.009310064       25.0918923 
     0.009386376       24.9616429 
     0.009462688       24.8308234 
        0.009539       24.6994338 
     0.009615312       24.5677846 
     0.009691624       24.4352761 
     0.009767936       24.3022362 
     0.009844248       24.1686648 
      0.00992056       24.0352694 
     0.009996872       23.9006937 
     0.010073184       23.7656432 
     0.010149496        23.630118 
     0.010225808        23.495014 
      0.01030212        23.358617 
     0.010378432        23.221809 
     0.010454744       23.0845899 
     0.010531056       22.9479468 
     0.010607368       22.8099963 
      0.01068368       22.6717017 
     0.010759992       22.5340643 
     0.010836304       22.3951139 
     0.010912616       22.2558881 
     0.010988928       22.1163867 
      0.01106524       21.9776285 
     0.011141552       21.8376168 
     0.011217864        21.697399 
     0.011294176       21.5569751 
     0.011370488       21.4173696 
       0.0114468       21.2765819 
     0.011523112       21.1356578 
     0.011599424       20.9945974 
     0.011675736       20.8544222 
     0.011752048       20.7131445 
      0.01182836       20.5717996 
     0.011904672       20.4303877 
     0.011980984       20.2899207 
     0.012057296       20.1484368 
     0.012133608       20.0069542 
      0.01220992       19.8654731 
     0.012286232       19.7249892 
     0.012362544        19.583579 
     0.012438856       19.4422373 
     0.012515168       19.3009642 
      0.01259148       19.1607333 
     0.012667792       19.0196707 
     0.012744104        18.878742 
     0.012820416       18.7379472 
     0.012896728       18.5982322 
      0.01297304       18.4577832 
     0.013049352       18.3175312 
     0.013125664       18.1774763 
     0.013201976       18.0385316 
     0.013278288       17.8989524 
       0.0133546        17.759631 
     0.013430912       17.6205674 
     0.013507224        17.482637 
     0.013583536       17.3441729 
     0.013659848       17.2060244 
      0.01373616       17.0681915 
     0.013812472       16.9315079 
     0.013888784       16.7943916 
     0.013965096       16.6576457 
     0.014041408       16.5220238 
      0.01411772        16.386053 
     0.014194032       16.2505038 
     0.014270344       16.1153763 
     0.014346656       15.9813726 
     0.014422968       15.8471258 
      0.01449928       15.7133485 
     0.014575592       15.5800405 
     0.014651904        15.447851 
     0.014728216       15.3155215 
     0.014804528       15.1837055 
      0.01488084       15.0524029 
     0.014957152       14.9222087 
     0.015033464       14.7919741 
     0.015109776       14.6622932 
     0.015186088       14.5331662 
       0.0152624       14.4051327 
     0.015338712       14.2771547 
     0.015415024       14.1497669 
     0.015491336       14.0229693 
     0.015567648       13.8972467 
      0.01564396       13.7716707 
     0.015720272       13.6467176 
     0.015796584       13.5223873 
     0.015872896       13.3991098 
     0.015949208       13.2760652 
      0.01602552       13.1536724 
     0.016101832       13.0319312 
     0.016178144       12.9112172 
     0.016254456       12.7908176 
     0.016330768       12.6710946 
      0.01640708       12.5520483 
     0.016483392       12.4340012 
     0.016559704        12.316344 
     0.016636016        12.199385 
     0.016712328        12.083124 
      0.01678864       11.9678316 
     0.016864952       11.8529995 
     0.016941264       11.7388832 
     0.017017576       11.6256882 
     0.017093888       11.5130185 
       0.0171702       11.4010791 
     0.017246512       11.2898699 
     0.017322824       11.1795485 
     0.017399136       11.0698139 
     0.017475448       10.9608208 
      0.01755176        10.852569 
     0.017628072       10.7451708 
     0.017704384       10.6384146 
     0.017780696       10.5324078 
     0.017857008       10.4271505 
      0.01793332       10.3227119 
     0.018009632       10.2189645 
     0.018085944       10.1159716 
     0.018162256       10.0137333 
     0.018238568       9.91227871 
      0.01831488        9.8115583 
     0.018391192       9.71159484 
     0.018467504       9.61238834 
     0.018543816       9.51393054 
     0.018620128       9.41624421 
      0.01869644        9.3193147 
     0.018772752       9.22314199 
     0.018849064       9.12768301 
     0.018925376       9.03302738 
     0.019001688       8.93912608 
        0.019078       8.84597911 
     0.019154312       8.75351113 
     0.019230624       8.66187322 
     0.019306936       8.57098501 
     0.019383248        8.4808465 
      0.01945956       8.39135267 
     0.019535872       8.30271075 
     0.019612184       8.21481194 
     0.019688496       8.12765625 
     0.019764808       8.04111146 
      0.01984112       7.95543586 
     0.019917432       7.87049503 
     0.019993744       7.78613155 
     0.020070056       7.70266064 
     0.020146368       7.61991458 
      0.02022268       7.53789336 
     0.020298992       7.45641907 
     0.020375304       7.37584589 
     0.020451616       7.29598622 
     0.020527928       7.21684006 
      0.02060424       7.13821135 
     0.020680552       7.06048838 
     0.020756864       6.98346636 
     0.020833176       6.90714527 
     0.020909488       6.83131313 
       0.0209858        6.7563878 
     0.021062112       6.68214978 
     0.021138424       6.60859905 
     0.021214736        6.5355097 
     0.021291048       6.46332507 
      0.02136736       6.39181317 
     0.021443672         6.320974 
     0.021519984       6.25056962 
     0.021596296         6.181065 
     0.021672608       6.11221776 
      0.02174892       6.04402789 
     0.021825232       5.97624717 
     0.021901544       5.90935873 
     0.021977856       5.84311167 
     0.022054168       5.77750597 
      0.02213048       5.71228472 
     0.022206792       5.64794606 
     0.022283104       5.58423222 
     0.022359416       5.52114321 
     0.022435728       5.45841491 
      0.02251204       5.39655751 
     0.022588352         5.335308 
     0.022664664       5.27466635 
     0.022740976       5.21436258 
     0.022817288       5.15491637 
       0.0228936       5.09606076 
     0.022969912        5.0375261 
     0.023046224        4.9798467 
     0.023122536        4.9227404 
     0.023198848       4.86620722 
      0.02327516       4.80997588 
     0.023351472       4.75458197 
     0.023427784       4.69974354 
     0.023504096        4.6454606 
     0.023580408       4.59146122 
      0.02365672       4.53828037 
     0.023733032       4.48563733 
     0.023809344       4.43353209 
     0.023885656       4.38169291 
     0.023961968       4.33065252 
      0.02403828       4.28013227 
     0.024114592       4.23013215 
     0.024190904       4.18038132 
     0.024267216        4.1314089 
     0.024343528         4.082939 
      0.02441984       4.03497164 
     0.024496152       3.98723752 
     0.024572464       3.94026091 
     0.024648776       3.89376937 
     0.024725088       3.84776288 
       0.0248014       3.80197424 
     0.024877712        3.7569219 
     0.024954024       3.71233733 
     0.025030336       3.66822051 
     0.025106648       3.62430678 
      0.02518296       3.58110795 
     0.025259272       3.53835979 
     0.025335584        3.4960623 
     0.025411896       3.45395375 
     0.025488208        3.4125386 
      0.02556452       3.37155729 
     0.025640832       3.33100981 
     0.025717144       3.29063771 
     0.025793456       3.25093752 
     0.025869768       3.21165462 
      0.02594608       3.17278901 
     0.026022392       3.13408573 
     0.026098704       3.09603302 
     0.026175016       3.05838134 
     0.026251328       3.02088643 
      0.02632764       2.98402989 
     0.026403952       2.94755847 
     0.026480264       2.91147217 
     0.026556576       2.87553205 
     0.026632888       2.84020761 
       0.0267092       2.80525273 
     0.026785512       2.77066738 
     0.026861824       2.73621801 
     0.026938136       2.70236203 
     0.027014448       2.66886037 
      0.02709076       2.63571305 
     0.027167072       2.60269184 
     0.027243384       2.57024217 
     0.027319696       2.53813198 
     0.027396008       2.50636126 
      0.02747232       2.47470715 
     0.027548632       2.44360321 
     0.027624944       2.41282426 
     0.027701256       2.38237031 
     0.027777568       2.35202377 
      0.02785388       2.32220654 
     0.027930192        2.2927002 
     0.028006504       2.26350476 
     0.028082816       2.23440784 
     0.028159128       2.20581989 
      0.02823544       2.17752912 
     0.028311752       2.14953554 
     0.028388064       2.12163184 
     0.028464376       2.09421736 
     0.028540688       2.06708672 
        0.028617       2.04023992 
     0.028693312       2.01347464 
     0.028769624       1.98717939 
     0.028845936       1.96115503 
     0.028922248       1.93540155 
      0.02899856       1.90972144 
     0.029074872       1.88449278 
     0.029151184       1.85952242 
     0.029227496       1.83462296 
     0.029303808       1.81016373 
      0.02938012       1.78595057 
     0.029456432       1.76198348 
     0.029532744       1.73808062 
     0.029609056        1.7145992 
     0.029685368       1.69135198 
      0.02976168       1.66833897 
     0.029837992       1.64538364 
     0.029914304       1.62283161 
     0.029990616       1.60050228 
     0.030066928       1.57839565 
      0.03014324       1.55634026 
     0.030219552        1.5346707 
     0.030295864       1.51321267 
     0.030372176       1.49196619 
     0.030448488       1.47076459 
       0.0305248         1.449932 
     0.030601112       1.42930013 
     0.030677424       1.40886896 
     0.030753736       1.38847643 
     0.030830048       1.36843672 
      0.03090636       1.34858722 
     0.030982672       1.32892793 
     0.031058984       1.30930108 
     0.031135296       1.29001152 
     0.031211608       1.27090196 
      0.03128792       1.25197242 
     0.031364232       1.23306921 
     0.031440544       1.21448833 
     0.031516856       1.19607758 
     0.031593168       1.17783695 
      0.03166948       1.15961658 
     0.031745792        1.1417042 
     0.031822104       1.12395235 
     0.031898416       1.10636102 
     0.031974728       1.08878392 
      0.03205104       1.07150105 
     0.032127352       1.05436937 
     0.032203664       1.03725004 
     0.032279976       1.02041668 
     0.032356288       1.00372546 
       0.0324326      0.987176387 
     0.032508912      0.970634458 
     0.032585224      0.954364803 
     0.032661536      0.938228487 
     0.032737848      0.922225509 
      0.03281416      0.906224442 
     0.032890472      0.890482538 
     0.032966784      0.874865405 
     0.033043096      0.859373044 
     0.033119408      0.843877316 
      0.03319572      0.828628196 
     0.033272032      0.813495508 
     0.033348344       0.79847925 
     0.033424656      0.783454293 
     0.033500968       0.76866393 
      0.03357728      0.753981869 
     0.033653592       0.73940811 
     0.033729904      0.724820257 
     0.033806216      0.710455501 
     0.033882528      0.696191116 
      0.03395884      0.682027105 
     0.034035152       0.66784353 
     0.034111464       0.65387205 
     0.034187776      0.639993199 
     0.034264088      0.626206976 
       0.0343404      0.612395639 
     0.034416712       0.59878587 
     0.034493024      0.585261156 
     0.034569336      0.571821499 
     0.034645648      0.558351087 
      0.03472196      0.545072167 
     0.034798272      0.531870888 
     0.034874584      0.518747252 
     0.034950896      0.505587129 
     0.035027208      0.492608843 
      0.03510352       0.47970093 
     0.035179832      0.466754064 
     0.035256144      0.453983549 
     0.035332456      0.441276275 
     0.035408768      0.428632239 
      0.03548508      0.415944021 
     0.035561392      0.403422451 
     0.035637704      0.390957109 
     0.035714016      0.378547996 
     0.035790328      0.366089341 
      0.03586664      0.353788027 
     0.035942952      0.341536048 
     0.036019264      0.329333403 
     0.036095576      0.317075379 
     0.036171888      0.304966135 
       0.0362482      0.292899451 
     0.036324512      0.280875327 
     0.036400824      0.268787785 
     0.036477136      0.256842973 
     0.036553448      0.244934087 
      0.03662976      0.233061127 
     0.036706072      0.221108013 
     0.036782384      0.209300721 
     0.036858696      0.197522941 
     0.036935008      0.185774671 
      0.03701132      0.173902289 
     0.037087632      0.162206647 
     0.037163944      0.150534864 
     0.037240256      0.138886939 
     0.037316568      0.127447065 
      0.03739288      0.115860968 
     0.037469192      0.104274871 
     0.037545504     0.0926887744 
     0.037621816     0.0808342943 
     0.037698128     0.0692865379 
      0.03777444     0.0577387816 
     0.037850752     0.0461910253 
     0.037927064     0.0344737039 
     0.038003376     0.0229824692 
     0.038079688     0.0114912346 
        0.038156                0 
