      -0.0399415                0 
    -0.039861617    0.00986836695 
    -0.039781734     0.0197367339 
    -0.039701851     0.0296051009 
    -0.039621968      0.039667323 
    -0.039542085     0.0495841538 
    -0.039462202     0.0595009845 
    -0.039382319     0.0694178153 
    -0.039302436     0.0795977349 
    -0.039222553     0.0895474518 
     -0.03914267     0.0994971687 
    -0.039062787      0.109446886 
    -0.038982904      0.119304875 
    -0.038903021      0.129320125 
    -0.038823138       0.13935685 
    -0.038743255      0.149540313 
    -0.038663372      0.159623072 
    -0.038583489      0.169732396 
    -0.038503606      0.179868286 
    -0.038423723      0.190126201 
     -0.03834384      0.200320729 
    -0.038263957      0.210547599 
    -0.038184074       0.22080681 
    -0.038104191      0.231186713 
    -0.038024308      0.241517932 
    -0.037944425      0.251887467 
    -0.037864542      0.262295319 
    -0.037784659      0.272830504 
    -0.037704776      0.283324187 
    -0.037624893      0.293862288 
     -0.03754501      0.304532011 
    -0.037465127      0.315163877 
    -0.037385244      0.325846371 
    -0.037305361      0.336579494 
    -0.037225478      0.347452706 
    -0.037145595      0.358293914 
    -0.037065712       0.36919207 
    -0.036985829      0.380147173 
    -0.036905946       0.39125165 
    -0.036826063      0.402329441 
     -0.03674618      0.413470614 
    -0.036666297      0.424766994 
    -0.036586414      0.436039209 
    -0.036506531      0.447381359 
    -0.036426648      0.458793446 
    -0.036346765      0.470369754 
    -0.036266882      0.481927995 
    -0.036186999      0.493562862 
    -0.036107116      0.505274354 
    -0.036027233      0.517159963 
     -0.03594735       0.52903308 
    -0.035867467      0.540989659 
    -0.035787584      0.553029699 
    -0.035707701      0.565254695 
    -0.035627818      0.577472225 
    -0.035547935      0.589780212 
    -0.035468052      0.602279294 
    -0.035388169      0.614773898 
    -0.035308286      0.627366126 
    -0.035228403      0.640055978 
     -0.03514852      0.652947601 
    -0.035068637      0.665840648 
    -0.034988754      0.678838669 
    -0.034908871      0.691941665 
    -0.034828988      0.705258135 
    -0.034749105      0.718581394 
    -0.034669222      0.732017177 
    -0.034589339      0.745674177 
    -0.034509456      0.759340059 
    -0.034429573      0.773126223 
     -0.03434969      0.787032668 
    -0.034269807       0.80117188 
    -0.034189924       0.81532636 
    -0.034110041      0.829609104 
    -0.034030158      0.844020111 
    -0.033950275      0.858676538 
    -0.033870392      0.873354104 
    -0.033790509      0.888168149 
    -0.033710626      0.903118674 
    -0.033630743      0.918328457 
     -0.03355086      0.933564687 
    -0.033470977      0.948945862 
    -0.033391094      0.964594499 
    -0.033311211      0.980272459 
    -0.033231328       0.99610409 
    -0.033151445       1.01208939 
    -0.033071562       1.02835583 
    -0.032991679       1.04465814 
    -0.032911796       1.06112313 
    -0.032831913       1.07775079 
     -0.03275203       1.09467451 
    -0.032672147       1.11164013 
    -0.032592264        1.1287777 
    -0.032512381       1.14622146 
    -0.032432498       1.16370911 
    -0.032352615       1.18137829 
    -0.032272732       1.19922901 
    -0.032192849       1.21740065 
    -0.032112966       1.23562362 
    -0.032033083       1.25403802 
      -0.0319532       1.27264386 
    -0.031873317       1.29158667 
    -0.031793434       1.31058774 
    -0.031713551       1.32979045 
    -0.031633668       1.34919481 
    -0.031553785       1.36895365 
    -0.031473902       1.38877706 
    -0.031394019       1.40881266 
    -0.031314136       1.42921329 
    -0.031234253       1.44968176 
     -0.03115437        1.4703733 
    -0.031074487       1.49128792 
    -0.030994604       1.51258476 
    -0.030914721       1.53395749 
    -0.030834838       1.55556453 
    -0.030754955        1.5774059 
    -0.030675072       1.59964817 
    -0.030595189        1.6219738 
    -0.030515306       1.64454535 
    -0.030435423       1.66753053 
     -0.03035554       1.69060148 
    -0.030275657       1.71393032 
    -0.030195774       1.73751706 
    -0.030115891       1.76153565 
    -0.030036008       1.78564947 
    -0.029956125       1.81003353 
    -0.029876242       1.83468784 
    -0.029796359       1.85979378 
    -0.029716476       1.88500384 
    -0.029636593       1.91049688 
     -0.02955671       1.93627289 
    -0.029476827       1.96252195 
    -0.029396944       1.98888338 
    -0.029317061       2.01554091 
    -0.029237178       2.04268424 
    -0.029157295       2.06994433 
    -0.029077412       2.09751404 
    -0.028997529       2.12539336 
    -0.028917646       2.15377915 
    -0.028837763       2.18229232 
     -0.02875788       2.21112901 
    -0.028677997       2.24028922 
    -0.028598114       2.26997822 
    -0.028518231       2.29980458 
    -0.028438348       2.32996876 
    -0.028358465       2.36047075 
    -0.028278582       2.39152556 
    -0.028198699       2.42272701 
    -0.028118816       2.45428097 
    -0.028038933       2.48639987 
     -0.02795905       2.51867251 
    -0.027879167       2.55131275 
    -0.027799284       2.58432057 
    -0.027719401       2.61791617 
    -0.027639518       2.65167757 
    -0.027559635       2.68582202 
    -0.027479752       2.72034951 
    -0.027399869       2.75548926 
    -0.027319986       2.79080619 
    -0.027240103         2.826522 
     -0.02716022       2.86286388 
    -0.027080337       2.89938974 
    -0.027000454       2.93633064 
    -0.026920571       2.97368659 
    -0.026840688       3.01169144 
    -0.026760805       3.04989476 
    -0.026680922       3.08852965 
    -0.026601039       3.12759609 
    -0.026521156       3.16733574 
    -0.026441273       3.20728773 
     -0.02636139        3.2476881 
    -0.026281507       3.28853686 
    -0.026201624       3.33008458 
    -0.026121741       3.37185781 
    -0.026041858       3.41409654 
    -0.025961975        3.4570457 
    -0.025882092       3.50023114 
    -0.025802209       3.54389946 
    -0.025722326       3.58805064 
    -0.025642443       3.63293553 
     -0.02556256       3.67807341 
    -0.025482677       3.72371175 
    -0.025402794       3.76985054 
    -0.025322911       3.81674745 
    -0.025243028       3.86391344 
    -0.025163145       3.91159763 
    -0.025083262       3.96005167 
    -0.025003379       4.00878604 
    -0.024923496        4.0580565 
    -0.024843613       4.10786307 
     -0.02476373       4.15846059 
    -0.024683847       4.20935834 
    -0.024603964       4.26081014 
    -0.024524081       4.31281601 
    -0.024444198       4.36563464 
    -0.024364315       4.41877281 
    -0.024284432       4.47248301 
    -0.024204549       4.52676523 
    -0.024124666       4.58188253 
    -0.024044783       4.63733811 
      -0.0239649        4.6933836 
    -0.023885017       4.75027026 
    -0.023805134       4.80751211 
    -0.023725251       4.86536162 
    -0.023645368       4.92381881 
    -0.023565485       4.98313479 
    -0.023485602       5.04282877 
    -0.023405719       5.10314794 
    -0.023325836       5.16409231 
    -0.023245953       5.22591293 
     -0.02316607       5.28813382 
    -0.023086187       5.35099709 
    -0.023006304       5.41473984 
    -0.022926421        5.4789016 
    -0.022846538       5.54372251 
    -0.022766655       5.60920257 
    -0.022686772       5.67557365 
    -0.022606889       5.74239014 
    -0.022527006       5.80988199 
    -0.022447123        5.8780492 
     -0.02236724       5.94711798 
    -0.022287357       6.01665803 
    -0.022207474       6.08688897 
    -0.022127591       6.15781081 
    -0.022047708       6.22964328 
    -0.021967825       6.30197244 
    -0.021887942       6.37500723 
    -0.021808059        6.4489452 
    -0.021728176       6.52340571 
    -0.021648293       6.59858561 
     -0.02156841       6.67448492 
    -0.021488527       6.75128877 
    -0.021408644       6.82864433 
    -0.021328761       6.90673195 
    -0.021248878       6.98555163 
    -0.021168995       7.06527467 
    -0.021089112       7.14557809 
    -0.021009229       7.22662497 
    -0.020929346       7.30855995 
    -0.020849463       7.39110458 
     -0.02076958       7.47440262 
    -0.020689697       7.55845408 
    -0.020609814       7.64338355 
    -0.020529931       7.72895432 
    -0.020450048       7.81528684 
    -0.020370165       7.90238111 
    -0.020290282       7.99033958 
    -0.020210399       8.07897036 
    -0.020130516       8.16836941 
    -0.020050633       8.25853675 
     -0.01997075       8.34954999 
    -0.019890867       8.44126614 
    -0.019810984       8.53375509 
    -0.019731101       8.62705862 
    -0.019651218        8.7211009 
    -0.019571335       8.81591832 
    -0.019491452       8.91151089 
    -0.019411569       9.00788961 
    -0.019331686       9.10503872 
    -0.019251803       9.20296293 
     -0.01917192       9.30166223 
    -0.019092037       9.40111362 
    -0.019012154       9.50136632 
    -0.018932271       9.60239148 
    -0.018852388        9.7041891 
    -0.018772505       9.80669821 
    -0.018692622       9.91003913 
    -0.018612739       10.0141471 
    -0.018532856       10.1189185 
    -0.018452973       10.2245606 
     -0.01837309       10.3309613 
    -0.018293207       10.4381207 
    -0.018213324       10.5458928 
    -0.018133441       10.6545638 
    -0.018053558       10.7639821 
    -0.017973675       10.8741475 
    -0.017893792       10.9848672 
    -0.017813909       11.0965135 
    -0.017734026       11.2088921 
    -0.017654143       11.3217635 
     -0.01757426       11.4356018 
    -0.017494377       11.5501541 
    -0.017414494       11.6654203 
    -0.017334611       11.7811123 
    -0.017254728       11.8977931 
    -0.017174845       12.0151661 
    -0.017094962       12.1332311 
    -0.017015079       12.2516468 
    -0.016935196       12.3710719 
    -0.016855313       12.4911634 
     -0.01677543       12.6119213 
    -0.016695547       12.7329467 
    -0.016615664       12.8550006 
    -0.016535781       12.9776913 
    -0.016455898       13.1005761 
    -0.016376015        13.224522 
    -0.016296132       13.3490716 
    -0.016216249       13.4742248 
    -0.016136366       13.5994837 
    -0.016056483       13.7258119 
      -0.0159766       13.8527066 
    -0.015896717       13.9801678 
    -0.015816834       14.1076383 
    -0.015736951       14.2361844 
    -0.015657068       14.3652559 
    -0.015577185       14.4942535 
    -0.015497302       14.6243547 
    -0.015417419       14.7549366 
    -0.015337536       14.8859992 
    -0.015257653       15.0168911 
     -0.01517777       15.1488775 
    -0.015097887        15.281296 
    -0.015018004       15.4141466 
    -0.014938121       15.5467235 
    -0.014858238       15.6803828 
    -0.014778355       15.8144222 
    -0.014698472       15.9488416 
    -0.014618589       16.0828776 
    -0.014538706       16.2179816 
    -0.014458823       16.3534102 
     -0.01437894       16.4883779 
    -0.014299057       16.6244173 
    -0.014219174       16.7607229 
    -0.014139291       16.8972945 
    -0.014059408       17.0333032 
    -0.013979525       17.1703487 
    -0.013899642       17.3075991 
    -0.013819759       17.4450542 
    -0.013739876         17.58184 
    -0.013659993       17.7196252 
     -0.01358011       17.8575514 
    -0.013500227       17.9947338 
    -0.013420344       18.1329065 
    -0.013340461       18.2711542 
    -0.013260578       18.4094769 
    -0.013180695       18.5469637 
    -0.013100812       18.6853805 
    -0.013020929       18.8238046 
    -0.012941046       18.9622361 
    -0.012861163        19.099738 
     -0.01278128       19.2381073 
    -0.012701397        19.376415 
    -0.012621514       19.5146613 
    -0.012541631       19.6518838 
    -0.012461748        19.789909 
    -0.012381865       19.9278031 
    -0.012301982       20.0646289 
    -0.012222099       20.2022119 
    -0.012142216        20.339594 
    -0.012062333       20.4767753 
     -0.01198245       20.6128175 
    -0.011902567        20.749528 
    -0.011822684       20.8859681 
    -0.011742801        21.022138 
    -0.011662918       21.1571041 
    -0.011583035        21.292645 
    -0.011503152       21.4278471 
    -0.011423269       21.5618355 
    -0.011343386       21.6963206 
    -0.011263503       21.8304003 
     -0.01118362       21.9640744 
    -0.011103737       22.0965413 
    -0.011023854       22.2293471 
    -0.010943971       22.3616843 
    -0.010864088       22.4935527 
    -0.010784205       22.6243042 
    -0.010704322       22.7551637 
    -0.010624439       22.8854985 
    -0.010544556       23.0153086 
    -0.010464673       23.1442747 
     -0.01038479       23.2729623 
    -0.010304907       23.4010874 
    -0.010225024       23.5291087 
    -0.010145141       23.6560618 
    -0.010065258       23.7824675 
    -0.009985375       23.9083259 
    -0.009905492       24.0344047 
    -0.009825609       24.1591784 
    -0.009745726        24.283408 
    -0.009665843       24.4070934 
     -0.00958596       24.5345392 
    -0.009506077       24.6567629 
    -0.009426194       24.7774025 
    -0.009346311       24.8853449 
    -0.009266428       25.0036914 
    -0.009186545       25.1209244 
    -0.009106662       25.2370441 
    -0.009026779       25.3520503 
    -0.008946896       25.4659431 
    -0.008867013       25.5787224 
     -0.00878713       25.6903884 
    -0.008707247       25.7898448 
    -0.008627364       25.9000578 
    -0.008547481       26.0095233 
    -0.008467598       26.1182411 
    -0.008387715       26.2262114 
    -0.008307832       26.3334341 
    -0.008227949       26.4399092 
    -0.008148066        26.549003 
    -0.008068183       26.6535681 
      -0.0079883       26.7572273 
    -0.007908417       26.8599807 
    -0.007828534       26.9618282 
    -0.007748651       27.0627699 
    -0.007668768       27.1628057 
    -0.007588885       27.2667712 
    -0.007509002       27.3647607 
    -0.007429119       27.4617173 
    -0.007349236        27.557641 
    -0.007269353        27.652532 
     -0.00718947       27.7463901 
    -0.007109587       27.8392153 
    -0.007029704       27.9310078 
    -0.006949821       28.0224784 
    -0.006869938       28.1121545 
    -0.006790055       28.2007618 
    -0.006710172       28.2883005 
    -0.006630289       28.3747705 
    -0.006550406       28.4601718 
    -0.006470523       28.5445044 
     -0.00639064       28.6277194 
    -0.006310757       28.7098894 
    -0.006230874       28.7909721 
    -0.006150991       28.8709675 
    -0.006071108       28.9498756 
    -0.005991225       29.0276965 
    -0.005911342         29.10443 
    -0.005831459       29.1800371 
    -0.005751576       29.2545863 
    -0.005671693       29.3280432 
     -0.00559181       29.4004076 
    -0.005511927       29.4716797 
    -0.005432044       29.5418594 
    -0.005352161       29.6109467 
    -0.005272278       29.6789416 
    -0.005192395       29.7458712 
    -0.005112512       29.8116825 
    -0.005032629       29.8764064 
    -0.004952746       29.9400429 
    -0.004872863       30.0025922 
     -0.00479298        30.064054 
    -0.004713097       30.1244286 
    -0.004633214       30.1838044 
    -0.004553331       30.2420123 
    -0.004473448       30.2991454 
    -0.004393565       30.3552036 
    -0.004313682        30.410187 
    -0.004233799       30.4640956 
    -0.004153916       30.5169293 
    -0.004074033       30.5688179 
     -0.00399415       30.6195105 
    -0.003914267       30.6691457 
    -0.003834384       30.7177235 
    -0.003754501       30.7652439 
    -0.003674618       30.8117069 
    -0.003594735       30.8571125 
    -0.003514852       30.9014607 
    -0.003434969       30.9449082 
    -0.003355086       30.9871665 
    -0.003275203       31.0283873 
     -0.00319532       31.0685706 
    -0.003115437       31.1077165 
    -0.003035554       31.1458248 
    -0.002955671       31.1828957 
    -0.002875788       31.2190866 
    -0.002795905       31.2541022 
    -0.002716022       31.2881005 
    -0.002636139       31.3210814 
    -0.002556256        31.353045 
    -0.002476373       31.3839913 
     -0.00239649       31.4139202 
    -0.002316607       31.4429931 
    -0.002236724       31.4708999 
    -0.002156841       31.4978075 
    -0.002076958       31.5237159 
    -0.001997075       31.5486251 
    -0.001917192       31.5725351 
    -0.001837309       31.5954459 
    -0.001757426       31.6173575 
    -0.001677543       31.6386283 
     -0.00159766       31.6585602 
    -0.001517777       31.6775076 
    -0.001437894       31.6954705 
    -0.001358011       31.7124489 
    -0.001278128       31.7284429 
    -0.001198245       31.7434523 
    -0.001118362       31.7587234 
    -0.001038479       31.7717661 
    -0.000958596       31.7838425 
    -0.000878713       31.7949529 
     -0.00079883       31.8050972 
    -0.000718947       31.8142753 
    -0.000639064       31.8224873 
    -0.000559181       31.8305771 
    -0.000479298       31.8368714 
    -0.000399415       31.8421974 
    -0.000319532        31.846555 
    -0.000239649       31.8499443 
    -0.000159766       31.8523651 
     -7.9883e-05       31.8538177 
               0       31.8543019 
      7.9883e-05       31.8538177 
     0.000159766       31.8523651 
     0.000239649       31.8499443 
     0.000319532        31.846555 
     0.000399415       31.8421974 
     0.000479298       31.8368714 
     0.000559181       31.8305771 
     0.000639064       31.8224873 
     0.000718947       31.8142753 
      0.00079883       31.8050972 
     0.000878713       31.7949529 
     0.000958596       31.7838425 
     0.001038479       31.7717661 
     0.001118362       31.7587234 
     0.001198245       31.7434523 
     0.001278128       31.7284429 
     0.001358011       31.7124489 
     0.001437894       31.6954705 
     0.001517777       31.6775076 
      0.00159766       31.6585602 
     0.001677543       31.6386283 
     0.001757426       31.6173575 
     0.001837309       31.5954459 
     0.001917192       31.5725351 
     0.001997075       31.5486251 
     0.002076958       31.5237159 
     0.002156841       31.4978075 
     0.002236724       31.4708999 
     0.002316607       31.4429931 
      0.00239649       31.4139202 
     0.002476373       31.3839913 
     0.002556256        31.353045 
     0.002636139       31.3210814 
     0.002716022       31.2881005 
     0.002795905       31.2541022 
     0.002875788       31.2190866 
     0.002955671       31.1828957 
     0.003035554       31.1458248 
     0.003115437       31.1077165 
      0.00319532       31.0685706 
     0.003275203       31.0283873 
     0.003355086       30.9871665 
     0.003434969       30.9449082 
     0.003514852       30.9014607 
     0.003594735       30.8571125 
     0.003674618       30.8117069 
     0.003754501       30.7652439 
     0.003834384       30.7177235 
     0.003914267       30.6691457 
      0.00399415       30.6195105 
     0.004074033       30.5688179 
     0.004153916       30.5169293 
     0.004233799       30.4640956 
     0.004313682        30.410187 
     0.004393565       30.3552036 
     0.004473448       30.2991454 
     0.004553331       30.2420123 
     0.004633214       30.1838044 
     0.004713097       30.1244286 
      0.00479298        30.064054 
     0.004872863       30.0025922 
     0.004952746       29.9400429 
     0.005032629       29.8764064 
     0.005112512       29.8116825 
     0.005192395       29.7458712 
     0.005272278       29.6789416 
     0.005352161       29.6109467 
     0.005432044       29.5418594 
     0.005511927       29.4716797 
      0.00559181       29.4004076 
     0.005671693       29.3280432 
     0.005751576       29.2545863 
     0.005831459       29.1800371 
     0.005911342         29.10443 
     0.005991225       29.0276965 
     0.006071108       28.9498756 
     0.006150991       28.8709675 
     0.006230874       28.7909721 
     0.006310757       28.7098894 
      0.00639064       28.6277194 
     0.006470523       28.5445044 
     0.006550406       28.4601718 
     0.006630289       28.3747705 
     0.006710172       28.2883005 
     0.006790055       28.2007618 
     0.006869938       28.1121545 
     0.006949821       28.0224784 
     0.007029704       27.9310078 
     0.007109587       27.8392153 
      0.00718947       27.7463901 
     0.007269353        27.652532 
     0.007349236        27.557641 
     0.007429119       27.4617173 
     0.007509002       27.3647607 
     0.007588885       27.2667712 
     0.007668768       27.1628057 
     0.007748651       27.0627699 
     0.007828534       26.9618282 
     0.007908417       26.8599807 
       0.0079883       26.7572273 
     0.008068183       26.6535681 
     0.008148066        26.549003 
     0.008227949       26.4399092 
     0.008307832       26.3334341 
     0.008387715       26.2262114 
     0.008467598       26.1182411 
     0.008547481       26.0095233 
     0.008627364       25.9000578 
     0.008707247       25.7898448 
      0.00878713       25.6903884 
     0.008867013       25.5787224 
     0.008946896       25.4659431 
     0.009026779       25.3520503 
     0.009106662       25.2370441 
     0.009186545       25.1209244 
     0.009266428       25.0036914 
     0.009346311       24.8853449 
     0.009426194       24.7774025 
     0.009506077       24.6567629 
      0.00958596       24.5345392 
     0.009665843       24.4070934 
     0.009745726        24.283408 
     0.009825609       24.1591784 
     0.009905492       24.0344047 
     0.009985375       23.9083259 
     0.010065258       23.7824675 
     0.010145141       23.6560618 
     0.010225024       23.5291087 
     0.010304907       23.4010874 
      0.01038479       23.2729623 
     0.010464673       23.1442747 
     0.010544556       23.0153086 
     0.010624439       22.8854985 
     0.010704322       22.7551637 
     0.010784205       22.6243042 
     0.010864088       22.4935527 
     0.010943971       22.3616843 
     0.011023854       22.2293471 
     0.011103737       22.0965413 
      0.01118362       21.9640744 
     0.011263503       21.8304003 
     0.011343386       21.6963206 
     0.011423269       21.5618355 
     0.011503152       21.4278471 
     0.011583035        21.292645 
     0.011662918       21.1571041 
     0.011742801        21.022138 
     0.011822684       20.8859681 
     0.011902567        20.749528 
      0.01198245       20.6128175 
     0.012062333       20.4767753 
     0.012142216        20.339594 
     0.012222099       20.2022119 
     0.012301982       20.0646289 
     0.012381865       19.9278031 
     0.012461748        19.789909 
     0.012541631       19.6518838 
     0.012621514       19.5146613 
     0.012701397        19.376415 
      0.01278128       19.2381073 
     0.012861163        19.099738 
     0.012941046       18.9622361 
     0.013020929       18.8238046 
     0.013100812       18.6853805 
     0.013180695       18.5469637 
     0.013260578       18.4094769 
     0.013340461       18.2711542 
     0.013420344       18.1329065 
     0.013500227       17.9947338 
      0.01358011       17.8575514 
     0.013659993       17.7196252 
     0.013739876         17.58184 
     0.013819759       17.4450542 
     0.013899642       17.3075991 
     0.013979525       17.1703487 
     0.014059408       17.0333032 
     0.014139291       16.8972945 
     0.014219174       16.7607229 
     0.014299057       16.6244173 
      0.01437894       16.4883779 
     0.014458823       16.3534102 
     0.014538706       16.2179816 
     0.014618589       16.0828776 
     0.014698472       15.9488416 
     0.014778355       15.8144222 
     0.014858238       15.6803828 
     0.014938121       15.5467235 
     0.015018004       15.4141466 
     0.015097887        15.281296 
      0.01517777       15.1488775 
     0.015257653       15.0168911 
     0.015337536       14.8859992 
     0.015417419       14.7549366 
     0.015497302       14.6243547 
     0.015577185       14.4942535 
     0.015657068       14.3652559 
     0.015736951       14.2361844 
     0.015816834       14.1076383 
     0.015896717       13.9801678 
       0.0159766       13.8527066 
     0.016056483       13.7258119 
     0.016136366       13.5994837 
     0.016216249       13.4742248 
     0.016296132       13.3490716 
     0.016376015        13.224522 
     0.016455898       13.1005761 
     0.016535781       12.9776913 
     0.016615664       12.8550006 
     0.016695547       12.7329467 
      0.01677543       12.6119213 
     0.016855313       12.4911634 
     0.016935196       12.3710719 
     0.017015079       12.2516468 
     0.017094962       12.1332311 
     0.017174845       12.0151661 
     0.017254728       11.8977931 
     0.017334611       11.7811123 
     0.017414494       11.6654203 
     0.017494377       11.5501541 
      0.01757426       11.4356018 
     0.017654143       11.3217635 
     0.017734026       11.2088921 
     0.017813909       11.0965135 
     0.017893792       10.9848672 
     0.017973675       10.8741475 
     0.018053558       10.7639821 
     0.018133441       10.6545638 
     0.018213324       10.5458928 
     0.018293207       10.4381207 
      0.01837309       10.3309613 
     0.018452973       10.2245606 
     0.018532856       10.1189185 
     0.018612739       10.0141471 
     0.018692622       9.91003913 
     0.018772505       9.80669821 
     0.018852388        9.7041891 
     0.018932271       9.60239148 
     0.019012154       9.50136632 
     0.019092037       9.40111362 
      0.01917192       9.30166223 
     0.019251803       9.20296293 
     0.019331686       9.10503872 
     0.019411569       9.00788961 
     0.019491452       8.91151089 
     0.019571335       8.81591832 
     0.019651218        8.7211009 
     0.019731101       8.62705862 
     0.019810984       8.53375509 
     0.019890867       8.44126614 
      0.01997075       8.34954999 
     0.020050633       8.25853675 
     0.020130516       8.16836941 
     0.020210399       8.07897036 
     0.020290282       7.99033958 
     0.020370165       7.90238111 
     0.020450048       7.81528684 
     0.020529931       7.72895432 
     0.020609814       7.64338355 
     0.020689697       7.55845408 
      0.02076958       7.47440262 
     0.020849463       7.39110458 
     0.020929346       7.30855995 
     0.021009229       7.22662497 
     0.021089112       7.14557809 
     0.021168995       7.06527467 
     0.021248878       6.98555163 
     0.021328761       6.90673195 
     0.021408644       6.82864433 
     0.021488527       6.75128877 
      0.02156841       6.67448492 
     0.021648293       6.59858561 
     0.021728176       6.52340571 
     0.021808059        6.4489452 
     0.021887942       6.37500723 
     0.021967825       6.30197244 
     0.022047708       6.22964328 
     0.022127591       6.15781081 
     0.022207474       6.08688897 
     0.022287357       6.01665803 
      0.02236724       5.94711798 
     0.022447123        5.8780492 
     0.022527006       5.80988199 
     0.022606889       5.74239014 
     0.022686772       5.67557365 
     0.022766655       5.60920257 
     0.022846538       5.54372251 
     0.022926421        5.4789016 
     0.023006304       5.41473984 
     0.023086187       5.35099709 
      0.02316607       5.28813382 
     0.023245953       5.22591293 
     0.023325836       5.16409231 
     0.023405719       5.10314794 
     0.023485602       5.04282877 
     0.023565485       4.98313479 
     0.023645368       4.92381881 
     0.023725251       4.86536162 
     0.023805134       4.80751211 
     0.023885017       4.75027026 
       0.0239649        4.6933836 
     0.024044783       4.63733811 
     0.024124666       4.58188253 
     0.024204549       4.52676523 
     0.024284432       4.47248301 
     0.024364315       4.41877281 
     0.024444198       4.36563464 
     0.024524081       4.31281601 
     0.024603964       4.26081014 
     0.024683847       4.20935834 
      0.02476373       4.15846059 
     0.024843613       4.10786307 
     0.024923496        4.0580565 
     0.025003379       4.00878604 
     0.025083262       3.96005167 
     0.025163145       3.91159763 
     0.025243028       3.86391344 
     0.025322911       3.81674745 
     0.025402794       3.76985054 
     0.025482677       3.72371175 
      0.02556256       3.67807341 
     0.025642443       3.63293553 
     0.025722326       3.58805064 
     0.025802209       3.54389946 
     0.025882092       3.50023114 
     0.025961975        3.4570457 
     0.026041858       3.41409654 
     0.026121741       3.37185781 
     0.026201624       3.33008458 
     0.026281507       3.28853686 
      0.02636139        3.2476881 
     0.026441273       3.20728773 
     0.026521156       3.16733574 
     0.026601039       3.12759609 
     0.026680922       3.08852965 
     0.026760805       3.04989476 
     0.026840688       3.01169144 
     0.026920571       2.97368659 
     0.027000454       2.93633064 
     0.027080337       2.89938974 
      0.02716022       2.86286388 
     0.027240103         2.826522 
     0.027319986       2.79080619 
     0.027399869       2.75548926 
     0.027479752       2.72034951 
     0.027559635       2.68582202 
     0.027639518       2.65167757 
     0.027719401       2.61791617 
     0.027799284       2.58432057 
     0.027879167       2.55131275 
      0.02795905       2.51867251 
     0.028038933       2.48639987 
     0.028118816       2.45428097 
     0.028198699       2.42272701 
     0.028278582       2.39152556 
     0.028358465       2.36047075 
     0.028438348       2.32996876 
     0.028518231       2.29980458 
     0.028598114       2.26997822 
     0.028677997       2.24028922 
      0.02875788       2.21112901 
     0.028837763       2.18229232 
     0.028917646       2.15377915 
     0.028997529       2.12539336 
     0.029077412       2.09751404 
     0.029157295       2.06994433 
     0.029237178       2.04268424 
     0.029317061       2.01554091 
     0.029396944       1.98888338 
     0.029476827       1.96252195 
      0.02955671       1.93627289 
     0.029636593       1.91049688 
     0.029716476       1.88500384 
     0.029796359       1.85979378 
     0.029876242       1.83468784 
     0.029956125       1.81003353 
     0.030036008       1.78564947 
     0.030115891       1.76153565 
     0.030195774       1.73751706 
     0.030275657       1.71393032 
      0.03035554       1.69060148 
     0.030435423       1.66753053 
     0.030515306       1.64454535 
     0.030595189        1.6219738 
     0.030675072       1.59964817 
     0.030754955        1.5774059 
     0.030834838       1.55556453 
     0.030914721       1.53395749 
     0.030994604       1.51258476 
     0.031074487       1.49128792 
      0.03115437        1.4703733 
     0.031234253       1.44968176 
     0.031314136       1.42921329 
     0.031394019       1.40881266 
     0.031473902       1.38877706 
     0.031553785       1.36895365 
     0.031633668       1.34919481 
     0.031713551       1.32979045 
     0.031793434       1.31058774 
     0.031873317       1.29158667 
       0.0319532       1.27264386 
     0.032033083       1.25403802 
     0.032112966       1.23562362 
     0.032192849       1.21740065 
     0.032272732       1.19922901 
     0.032352615       1.18137829 
     0.032432498       1.16370911 
     0.032512381       1.14622146 
     0.032592264        1.1287777 
     0.032672147       1.11164013 
      0.03275203       1.09467451 
     0.032831913       1.07775079 
     0.032911796       1.06112313 
     0.032991679       1.04465814 
     0.033071562       1.02835583 
     0.033151445       1.01208939 
     0.033231328       0.99610409 
     0.033311211      0.980272459 
     0.033391094      0.964594499 
     0.033470977      0.948945862 
      0.03355086      0.933564687 
     0.033630743      0.918328457 
     0.033710626      0.903118674 
     0.033790509      0.888168149 
     0.033870392      0.873354104 
     0.033950275      0.858676538 
     0.034030158      0.844020111 
     0.034110041      0.829609104 
     0.034189924       0.81532636 
     0.034269807       0.80117188 
      0.03434969      0.787032668 
     0.034429573      0.773126223 
     0.034509456      0.759340059 
     0.034589339      0.745674177 
     0.034669222      0.732017177 
     0.034749105      0.718581394 
     0.034828988      0.705258135 
     0.034908871      0.691941665 
     0.034988754      0.678838669 
     0.035068637      0.665840648 
      0.03514852      0.652947601 
     0.035228403      0.640055978 
     0.035308286      0.627366126 
     0.035388169      0.614773898 
     0.035468052      0.602279294 
     0.035547935      0.589780212 
     0.035627818      0.577472225 
     0.035707701      0.565254695 
     0.035787584      0.553029699 
     0.035867467      0.540989659 
      0.03594735       0.52903308 
     0.036027233      0.517159963 
     0.036107116      0.505274354 
     0.036186999      0.493562862 
     0.036266882      0.481927995 
     0.036346765      0.470369754 
     0.036426648      0.458793446 
     0.036506531      0.447381359 
     0.036586414      0.436039209 
     0.036666297      0.424766994 
      0.03674618      0.413470614 
     0.036826063      0.402329441 
     0.036905946       0.39125165 
     0.036985829      0.380147173 
     0.037065712       0.36919207 
     0.037145595      0.358293914 
     0.037225478      0.347452706 
     0.037305361      0.336579494 
     0.037385244      0.325846371 
     0.037465127      0.315163877 
      0.03754501      0.304532011 
     0.037624893      0.293862288 
     0.037704776      0.283324187 
     0.037784659      0.272830504 
     0.037864542      0.262295319 
     0.037944425      0.251887467 
     0.038024308      0.241517932 
     0.038104191      0.231186713 
     0.038184074       0.22080681 
     0.038263957      0.210547599 
      0.03834384      0.200320729 
     0.038423723      0.190126201 
     0.038503606      0.179868286 
     0.038583489      0.169732396 
     0.038663372      0.159623072 
     0.038743255      0.149540313 
     0.038823138       0.13935685 
     0.038903021      0.129320125 
     0.038982904      0.119304875 
     0.039062787      0.109446886 
      0.03914267     0.0994971687 
     0.039222553     0.0895474518 
     0.039302436     0.0795977349 
     0.039382319     0.0694178153 
     0.039462202     0.0595009845 
     0.039542085     0.0495841538 
     0.039621968      0.039667323 
     0.039701851     0.0296051009 
     0.039781734     0.0197367339 
     0.039861617    0.00986836695 
       0.0399415                0 
