      -0.0415025   3.99160729e-14 
    -0.041419495    0.00867527776 
     -0.04133649     0.0173505555 
    -0.041253485     0.0260258333 
     -0.04117048       0.03487189 
    -0.041087475     0.0435898625 
     -0.04100447      0.052307835 
    -0.040921465     0.0610258075 
     -0.04083846     0.0699758276 
    -0.040755455     0.0787228061 
     -0.04067245     0.0874697845 
    -0.040589445     0.0961142315 
     -0.04050644      0.104908395 
    -0.040423435      0.113722248 
     -0.04034043      0.122555793 
    -0.040257425       0.13151625 
     -0.04017442      0.140394543 
    -0.040091415        0.1492972 
     -0.04000841      0.158304803 
    -0.039925405      0.167259521 
      -0.0398424      0.176243903 
    -0.039759395      0.185257949 
     -0.03967639      0.194376166 
    -0.039593385      0.203455229 
     -0.03951038      0.212569439 
    -0.039427375      0.221718795 
     -0.03934437      0.230978869 
    -0.039261365      0.240206668 
     -0.03917836      0.249475215 
    -0.039095355      0.258858815 
     -0.03901235      0.268213855 
    -0.038929345      0.277615344 
     -0.03884634      0.287063284 
    -0.038763335      0.296634689 
     -0.03868033      0.306183064 
    -0.038597325      0.315783693 
     -0.03851432      0.325513282 
    -0.038431315      0.335222674 
     -0.03834831       0.34499023 
    -0.038265305      0.354815949 
      -0.0381823      0.364779148 
    -0.038099295      0.374728074 
     -0.03801629      0.384741187 
    -0.037933285       0.39489822 
     -0.03785028      0.405043174 
    -0.037767275      0.415258468 
     -0.03768427      0.425544102 
    -0.037601265      0.435982316 
     -0.03751826      0.446414818 
    -0.037435255      0.456923947 
     -0.03735225      0.467509705 
    -0.037269245       0.47825817 
     -0.03718624       0.48900623 
    -0.037103235      0.499837356 
     -0.03702023      0.510837434 
    -0.036937225      0.521840142 
     -0.03685422      0.532932516 
    -0.036771215      0.544114556 
     -0.03668821      0.555475936 
    -0.036605205       0.56684575 
      -0.0365222      0.578312002 
    -0.036439195      0.589964989 
     -0.03635619      0.601628762 
    -0.036273185      0.613395932 
     -0.03619018      0.625266501 
    -0.036107175      0.637334473 
     -0.03602417      0.649419622 
    -0.035941165      0.661615327 
     -0.03585816      0.673921588 
    -0.035775155      0.686437649 
     -0.03569215      0.698976132 
    -0.035609145       0.71163254 
     -0.03552614      0.724505963 
    -0.035443135      0.737405264 
     -0.03536013      0.750430083 
    -0.035277125      0.763580418 
     -0.03519412      0.776960534 
    -0.035111115      0.790372453 
     -0.03502811      0.803917717 
    -0.034945105      0.817701283 
      -0.0348621      0.831519436 
    -0.034779095       0.84547901 
     -0.03469609      0.859580006 
    -0.034613085      0.873932436 
     -0.03453008      0.888326172 
    -0.034447075      0.902869666 
     -0.03436407       0.91767455 
    -0.034281065      0.932522785 
     -0.03419806      0.947529388 
    -0.034115055      0.962694358 
     -0.03403205      0.978134211 
    -0.033949045      0.993625048 
     -0.03386604       1.00928315 
    -0.033783035       1.02510851 
     -0.03370003       1.04122439 
    -0.033617025       1.05739757 
     -0.03353402        1.0737472 
    -0.033451015       1.09039708 
     -0.03336801       1.10710785 
    -0.033285005       1.12400458 
       -0.033202       1.14108726 
    -0.033118995       1.15848624 
     -0.03303599       1.17595346 
    -0.032952985       1.19361647 
     -0.03286998       1.21160709 
    -0.032786975        1.2296688 
     -0.03270397       1.24793645 
    -0.032620965       1.26641004 
     -0.03253796       1.28522769 
    -0.032454955       1.30412494 
     -0.03237195       1.32323864 
    -0.032288945       1.34256877 
     -0.03220594       1.36226191 
    -0.032122935       1.38204166 
     -0.03203993        1.4020487 
    -0.031956925       1.42242963 
     -0.03187392       1.44290204 
    -0.031790915       1.46361296 
     -0.03170791       1.48456238 
    -0.031624905       1.50590507 
      -0.0315419       1.52734753 
    -0.031458895       1.54904009 
     -0.03137589       1.57113849 
    -0.031292885       1.59334084 
     -0.03120988       1.61580526 
    -0.031126875       1.63853175 
     -0.03104387       1.66168379 
    -0.030960865       1.68494952 
     -0.03087786       1.70848968 
    -0.030794855       1.73246982 
     -0.03071185       1.75656702 
    -0.030628845       1.78095142 
     -0.03054584       1.80562302 
    -0.030462835       1.83075448 
     -0.03037983       1.85601441 
    -0.030296825        1.8815747 
     -0.03021382       1.90743535 
    -0.030130815       1.93377873 
     -0.03004781       1.96026015 
    -0.029964805        1.9870555 
      -0.0298818       2.01434705 
    -0.029798795       2.04178279 
     -0.02971579       2.06954645 
    -0.029632785         2.097638 
     -0.02954978        2.1262487 
    -0.029466775         2.155015 
     -0.02938377       2.18412358 
    -0.029300765       2.21376657 
     -0.02921776       2.24357061 
    -0.029134755       2.27373172 
     -0.02905175       2.30424989 
    -0.028968745       2.33532534 
     -0.02888574       2.36657522 
    -0.028802735       2.39819735 
     -0.02871973       2.43019174 
    -0.028636725       2.46276947 
     -0.02855372       2.49553294 
    -0.028470715       2.52868424 
     -0.02838771       2.56243238 
    -0.028304705       2.59637527 
      -0.0282217       2.63072196 
    -0.028138695       2.66547244 
     -0.02805569       2.70084545 
    -0.027972685       2.73642669 
     -0.02788968       2.77242805 
    -0.027806675       2.80906694 
     -0.02772367       2.84592255 
    -0.027640665       2.88321498 
     -0.02755766       2.92094421 
    -0.027474655       2.95933593 
     -0.02739165       2.99796023 
    -0.027308645       3.03703835 
     -0.02722564       3.07679532 
    -0.027142635        3.1167929 
     -0.02705963       3.15726161 
    -0.026976625       3.19820147 
     -0.02689362         3.239844 
    -0.026810615       3.28174556 
     -0.02672761       3.32413584 
    -0.026644605       3.36701486 
      -0.0265616       3.41062345 
    -0.026478595       3.45450713 
     -0.02639559       3.49889737 
    -0.026312585       3.54403003 
     -0.02622958       3.58945049 
    -0.026146575       3.63539553 
     -0.02606357       3.68186515 
    -0.025980565       3.72910226 
     -0.02589756       3.77664597 
    -0.025814555       3.82473243 
     -0.02573155       3.87359969 
    -0.025648545       3.92278618 
     -0.02556554       3.97253367 
    -0.025482535       4.02284216 
     -0.02539953       4.07395412 
    -0.025316525       4.12540695 
     -0.02523352       4.17743906 
    -0.025150515       4.23005046 
     -0.02506751        4.2834904 
    -0.024984505       4.33729042 
      -0.0249015       4.39168796 
    -0.024818495       4.44692181 
     -0.02473549       4.50253387 
    -0.024652485       4.55876157 
     -0.02456948       4.61560491 
    -0.024486475       4.67330611 
     -0.02440347       4.73140765 
    -0.024320465       4.79014273 
     -0.02423746       4.84974242 
    -0.024154455       4.90976103 
     -0.02407145       4.97043078 
    -0.023988445       5.03175168 
     -0.02390544       5.09395441 
    -0.023822435       5.15660108 
     -0.02373943       5.21991608 
    -0.023656425       5.28411778 
     -0.02357342       5.34878279 
    -0.023490415        5.4141328 
     -0.02340741       5.48016781 
    -0.023324405       5.54710154 
      -0.0232414       5.61452636 
    -0.023158395       5.68265219 
     -0.02307539       5.75147903 
    -0.022992385       5.82121688 
     -0.02290938       5.89147132 
    -0.022826375       5.96244198 
     -0.02274337       6.03431925 
    -0.022660365       6.10673851 
     -0.02257736       6.17988827 
    -0.022494355       6.25376854 
     -0.02241135       6.32856087 
    -0.022328345       6.40392313 
     -0.02224534       6.48002908 
    -0.022162335       6.55703839 
     -0.02207933       6.63464441 
    -0.021996325       6.71300608 
     -0.02191332       6.79212339 
    -0.021830315       6.87214175 
     -0.02174731       6.95278667 
    -0.021664305       7.03419776 
      -0.0215813         7.116375 
    -0.021498295        7.1994485 
     -0.02141529        7.2831766 
    -0.021332285       7.36767976 
     -0.02124928       7.45305869 
    -0.021166275       7.53912392 
     -0.02108327       7.62597132 
    -0.021000265        7.7136009 
     -0.02091726       7.80209189 
    -0.020834255       7.89129831 
     -0.02075125       7.98129202 
    -0.020668245       8.07211975 
     -0.02058524       8.16369615 
    -0.020502235       8.25606278 
     -0.02041923       8.34921964 
    -0.020336225       8.44318596 
     -0.02025322       8.53793004 
    -0.020170215       8.63346489 
     -0.02008721       8.72977342 
    -0.020004205       8.82689496 
      -0.0199212       8.92480524 
    -0.019838195       9.02350425 
     -0.01975519       9.12294189 
    -0.019672185       9.22322006 
     -0.01958918       9.32428214 
    -0.019506175       9.42612811 
     -0.01942317       9.52867051 
    -0.019340165       9.63207993 
     -0.01925716       9.73626543 
    -0.019174155       9.84109842 
     -0.01909115       9.94683383 
    -0.019008145       10.0533343 
     -0.01892514       10.1605999 
    -0.018842135       10.2684595 
     -0.01875913       10.3772444 
    -0.018676125       10.4867801 
     -0.01859312        10.596851 
    -0.018510115       10.7078834 
     -0.01842711       10.8196488 
    -0.018344105       10.9321472 
      -0.0182611       11.0451166 
    -0.018178095       11.1590648 
     -0.01809509       11.2737244 
    -0.018012085       11.3890955 
     -0.01792908       11.5048629 
    -0.017846075       11.6216263 
     -0.01776307       11.7390759 
    -0.017680065        11.856854 
     -0.01759706       11.9756566 
    -0.017514055       12.0951163 
     -0.01743105       12.2152331 
    -0.017348045       12.3355941 
     -0.01726504       12.4569883 
    -0.017182035       12.5790066 
     -0.01709903       12.7011926 
    -0.017016025       12.8244385 
     -0.01693302       12.9482714 
    -0.016850015       13.0726915 
     -0.01676701       13.1971878 
    -0.016684005       13.3227414 
       -0.016601       13.4488411 
    -0.016517995       13.5749322 
     -0.01643499       13.7021051 
    -0.016351985       13.8297793 
     -0.01626898       13.9579548 
    -0.016185975       14.0860262 
     -0.01610297       14.2151626 
    -0.016019965       14.3447517 
     -0.01593696       14.4747935 
    -0.015853955       14.6046236 
     -0.01577095       14.7355034 
    -0.015687945       14.8667836 
     -0.01560494       14.9977713 
    -0.015521935       15.1298122 
     -0.01543893       15.2621978 
    -0.015355925       15.3949281 
     -0.01527292       15.5272586 
    -0.015189915       15.6606105 
     -0.01510691       15.7942481 
    -0.015023905       15.9274023 
      -0.0149409       16.0615756 
    -0.014857895       16.1959728 
     -0.01477489       16.3305937 
    -0.014691885       16.4646284 
     -0.01460888       16.5996321 
    -0.014525875        16.734795 
     -0.01444287       16.8701172 
    -0.014359865       17.0047397 
     -0.01427686       17.1402847 
    -0.014193855       17.2759222 
     -0.01411085       17.4107949 
    -0.014027845       17.5465583 
     -0.01394484       17.6823456 
    -0.013861835       17.8181567 
     -0.01377883       17.9530998 
    -0.013695825       18.0888685 
     -0.01361282        18.224591 
    -0.013529815       18.3593841 
     -0.01344681       18.4949637 
    -0.013363805       18.6304261 
      -0.0132808       18.7657715 
    -0.013197795       18.9000982 
     -0.01311479        19.035128 
    -0.013031785       19.1699692 
     -0.01294878       19.3037363 
    -0.012865775       19.4381602 
     -0.01278277       19.5723243 
    -0.012699765       19.7062287 
     -0.01261676       19.8389871 
    -0.012533755       19.9723018 
     -0.01245075       20.1052861 
    -0.012367745         20.23794 
     -0.01228474       20.3693707 
    -0.012201735       20.5012651 
     -0.01211873       20.6327596 
    -0.012035725       20.7630075 
     -0.01195272       20.8936447 
    -0.011869715       21.0238141 
     -0.01178671       21.1535158 
    -0.011703705       21.2819143 
      -0.0116207       21.4105967 
    -0.011537695       21.5387456 
     -0.01145469       21.6655771 
    -0.011371685       21.7926146 
     -0.01128868       21.9190557 
    -0.011205675       22.0449003 
     -0.01112267       22.1693922 
    -0.011039665       22.2939756 
     -0.01095666       22.4179027 
    -0.010873655       22.5411732 
     -0.01079065       22.6630547 
    -0.010707645       22.7849238 
     -0.01062464       22.9060799 
    -0.010541635       23.0258643 
     -0.01045863       23.1455418 
    -0.010375625       23.2644537 
     -0.01029262          23.3826 
    -0.010209615       23.4993598 
     -0.01012661       23.6159052 
    -0.010043605       23.7316366 
      -0.0099606       23.8460079 
    -0.009877595       23.9600724 
     -0.00979459       24.0732789 
    -0.009711585       24.1856273 
     -0.00962858       24.2966239 
    -0.009545575        24.407204 
     -0.00946257       24.5168867 
    -0.009379565       24.6252642 
     -0.00929656       24.7331251 
    -0.009213555       24.8400545 
     -0.00913055       24.9460524 
    -0.009047545       25.0508032 
     -0.00896454       25.1549014 
    -0.008881535       25.2580399 
     -0.00879853       25.3602188 
    -0.008715525       25.4612714 
     -0.00863252       25.5614919 
    -0.008549515       25.6607334 
     -0.00846651       25.7591325 
    -0.008383505       25.8563938 
      -0.0083005       25.9526734 
    -0.008217495       26.0479713 
     -0.00813449       26.1429883 
    -0.008051485       26.2363272 
     -0.00796848       26.3287253 
    -0.007885475       26.4210688 
     -0.00780247       26.5116135 
    -0.007719465       26.6012547 
     -0.00763646       26.6899923 
    -0.007553455        26.781148 
     -0.00747045       26.8679366 
    -0.007387445       26.9530413 
     -0.00730444        27.036462 
    -0.007221435       27.1099552 
     -0.00713843        27.190932 
    -0.007055425       27.2706792 
     -0.00697242       27.3491968 
    -0.006889415       27.4264848 
     -0.00680641       27.5025432 
    -0.006723405        27.577372 
      -0.0066404       27.6439695 
    -0.006557395       27.7169179 
     -0.00647439       27.7889326 
    -0.006391385       27.8600138 
     -0.00630838       27.9301612 
    -0.006225375        27.999375 
     -0.00614237       28.0676551 
    -0.006059365       28.1373188 
     -0.00597636       28.2035072 
    -0.005893355       28.2687091 
     -0.00581035       28.3329246 
    -0.005727345       28.3961536 
     -0.00564434       28.4583961 
    -0.005561335       28.5196523 
     -0.00547833       28.5799219 
    -0.005395325       28.6438392 
     -0.00531232       28.7019939 
    -0.005229315       28.7591316 
     -0.00514631       28.8152521 
    -0.005063305       28.8703556 
      -0.0049803       28.9244419 
    -0.004897295       28.9775111 
     -0.00481429        29.030516 
    -0.004731285       29.0815823 
     -0.00464828       29.1316585 
    -0.004565275       29.1807445 
     -0.00448227       29.2288405 
    -0.004399265       29.2759463 
     -0.00431626        29.322062 
    -0.004233255       29.3674736 
     -0.00415025       29.4116326 
    -0.004067245       29.4548333 
     -0.00398424       29.4970759 
    -0.003901235       29.5383602 
     -0.00381823       29.5786864 
    -0.003735225       29.6180544 
     -0.00365222       29.6564642 
    -0.003569215       29.6941641 
     -0.00348621       29.7307058 
    -0.003403205       29.7663226 
      -0.0033202       29.8010147 
    -0.003237195       29.8347819 
     -0.00315419       29.8676243 
    -0.003071185       29.8995419 
     -0.00298818       29.9307564 
    -0.002905175       29.9608604 
     -0.00282217       29.9900711 
    -0.002739165       30.0183885 
     -0.00265616       30.0458126 
    -0.002573155       30.0723435 
     -0.00249015       30.0979811 
    -0.002407145       30.1229297 
     -0.00232414       30.1468035 
    -0.002241135       30.1698115 
     -0.00215813       30.1919534 
    -0.002075125       30.2132294 
     -0.00199212       30.2336394 
    -0.001909115       30.2531834 
     -0.00182611       30.2718615 
    -0.001743105       30.2900313 
      -0.0016601       30.3070089 
    -0.001577095       30.3231421 
     -0.00149409        30.338431 
    -0.001411085       30.3528754 
     -0.00132808       30.3664754 
    -0.001245075       30.3792311 
     -0.00116207       30.3921662 
    -0.001079065       30.4032409 
     -0.00099606       30.4134953 
    -0.000913055       30.4229293 
     -0.00083005       30.4315429 
    -0.000747045       30.4393363 
     -0.00066404       30.4463092 
    -0.000581035       30.4532822 
     -0.00049803       30.4586231 
    -0.000415025       30.4631423 
     -0.00033202       30.4668398 
    -0.000249015       30.4697157 
     -0.00016601       30.4717699 
     -8.3005e-05       30.4730024 
               0       30.4734132 
      8.3005e-05       30.4730024 
      0.00016601       30.4717699 
     0.000249015       30.4697157 
      0.00033202       30.4668398 
     0.000415025       30.4631423 
      0.00049803       30.4586231 
     0.000581035       30.4532822 
      0.00066404       30.4463092 
     0.000747045       30.4393363 
      0.00083005       30.4315429 
     0.000913055       30.4229293 
      0.00099606       30.4134953 
     0.001079065       30.4032409 
      0.00116207       30.3921662 
     0.001245075       30.3792311 
      0.00132808       30.3664754 
     0.001411085       30.3528754 
      0.00149409        30.338431 
     0.001577095       30.3231421 
       0.0016601       30.3070089 
     0.001743105       30.2900313 
      0.00182611       30.2718615 
     0.001909115       30.2531834 
      0.00199212       30.2336394 
     0.002075125       30.2132294 
      0.00215813       30.1919534 
     0.002241135       30.1698115 
      0.00232414       30.1468035 
     0.002407145       30.1229297 
      0.00249015       30.0979811 
     0.002573155       30.0723435 
      0.00265616       30.0458126 
     0.002739165       30.0183885 
      0.00282217       29.9900711 
     0.002905175       29.9608604 
      0.00298818       29.9307564 
     0.003071185       29.8995419 
      0.00315419       29.8676243 
     0.003237195       29.8347819 
       0.0033202       29.8010147 
     0.003403205       29.7663226 
      0.00348621       29.7307058 
     0.003569215       29.6941641 
      0.00365222       29.6564642 
     0.003735225       29.6180544 
      0.00381823       29.5786864 
     0.003901235       29.5383602 
      0.00398424       29.4970759 
     0.004067245       29.4548333 
      0.00415025       29.4116326 
     0.004233255       29.3674736 
      0.00431626        29.322062 
     0.004399265       29.2759463 
      0.00448227       29.2288405 
     0.004565275       29.1807445 
      0.00464828       29.1316585 
     0.004731285       29.0815823 
      0.00481429        29.030516 
     0.004897295       28.9775111 
       0.0049803       28.9244419 
     0.005063305       28.8703556 
      0.00514631       28.8152521 
     0.005229315       28.7591316 
      0.00531232       28.7019939 
     0.005395325       28.6438392 
      0.00547833       28.5799219 
     0.005561335       28.5196523 
      0.00564434       28.4583961 
     0.005727345       28.3961536 
      0.00581035       28.3329246 
     0.005893355       28.2687091 
      0.00597636       28.2035072 
     0.006059365       28.1373188 
      0.00614237       28.0676551 
     0.006225375        27.999375 
      0.00630838       27.9301612 
     0.006391385       27.8600138 
      0.00647439       27.7889326 
     0.006557395       27.7169179 
       0.0066404       27.6439695 
     0.006723405        27.577372 
      0.00680641       27.5025432 
     0.006889415       27.4264848 
      0.00697242       27.3491968 
     0.007055425       27.2706792 
      0.00713843        27.190932 
     0.007221435       27.1099552 
      0.00730444        27.036462 
     0.007387445       26.9530413 
      0.00747045       26.8679366 
     0.007553455        26.781148 
      0.00763646       26.6899923 
     0.007719465       26.6012547 
      0.00780247       26.5116135 
     0.007885475       26.4210688 
      0.00796848       26.3287253 
     0.008051485       26.2363272 
      0.00813449       26.1429883 
     0.008217495       26.0479713 
       0.0083005       25.9526734 
     0.008383505       25.8563938 
      0.00846651       25.7591325 
     0.008549515       25.6607334 
      0.00863252       25.5614919 
     0.008715525       25.4612714 
      0.00879853       25.3602188 
     0.008881535       25.2580399 
      0.00896454       25.1549014 
     0.009047545       25.0508032 
      0.00913055       24.9460524 
     0.009213555       24.8400545 
      0.00929656       24.7331251 
     0.009379565       24.6252642 
      0.00946257       24.5168867 
     0.009545575        24.407204 
      0.00962858       24.2966239 
     0.009711585       24.1856273 
      0.00979459       24.0732789 
     0.009877595       23.9600724 
       0.0099606       23.8460079 
     0.010043605       23.7316366 
      0.01012661       23.6159052 
     0.010209615       23.4993598 
      0.01029262          23.3826 
     0.010375625       23.2644537 
      0.01045863       23.1455418 
     0.010541635       23.0258643 
      0.01062464       22.9060799 
     0.010707645       22.7849238 
      0.01079065       22.6630547 
     0.010873655       22.5411732 
      0.01095666       22.4179027 
     0.011039665       22.2939756 
      0.01112267       22.1693922 
     0.011205675       22.0449003 
      0.01128868       21.9190557 
     0.011371685       21.7926146 
      0.01145469       21.6655771 
     0.011537695       21.5387456 
       0.0116207       21.4105967 
     0.011703705       21.2819143 
      0.01178671       21.1535158 
     0.011869715       21.0238141 
      0.01195272       20.8936447 
     0.012035725       20.7630075 
      0.01211873       20.6327596 
     0.012201735       20.5012651 
      0.01228474       20.3693707 
     0.012367745         20.23794 
      0.01245075       20.1052861 
     0.012533755       19.9723018 
      0.01261676       19.8389871 
     0.012699765       19.7062287 
      0.01278277       19.5723243 
     0.012865775       19.4381602 
      0.01294878       19.3037363 
     0.013031785       19.1699692 
      0.01311479        19.035128 
     0.013197795       18.9000982 
       0.0132808       18.7657715 
     0.013363805       18.6304261 
      0.01344681       18.4949637 
     0.013529815       18.3593841 
      0.01361282        18.224591 
     0.013695825       18.0888685 
      0.01377883       17.9530998 
     0.013861835       17.8181567 
      0.01394484       17.6823456 
     0.014027845       17.5465583 
      0.01411085       17.4107949 
     0.014193855       17.2759222 
      0.01427686       17.1402847 
     0.014359865       17.0047397 
      0.01444287       16.8701172 
     0.014525875        16.734795 
      0.01460888       16.5996321 
     0.014691885       16.4646284 
      0.01477489       16.3305937 
     0.014857895       16.1959728 
       0.0149409       16.0615756 
     0.015023905       15.9274023 
      0.01510691       15.7942481 
     0.015189915       15.6606105 
      0.01527292       15.5272586 
     0.015355925       15.3949281 
      0.01543893       15.2621978 
     0.015521935       15.1298122 
      0.01560494       14.9977713 
     0.015687945       14.8667836 
      0.01577095       14.7355034 
     0.015853955       14.6046236 
      0.01593696       14.4747935 
     0.016019965       14.3447517 
      0.01610297       14.2151626 
     0.016185975       14.0860262 
      0.01626898       13.9579548 
     0.016351985       13.8297793 
      0.01643499       13.7021051 
     0.016517995       13.5749322 
        0.016601       13.4488411 
     0.016684005       13.3227414 
      0.01676701       13.1971878 
     0.016850015       13.0726915 
      0.01693302       12.9482714 
     0.017016025       12.8244385 
      0.01709903       12.7011926 
     0.017182035       12.5790066 
      0.01726504       12.4569883 
     0.017348045       12.3355941 
      0.01743105       12.2152331 
     0.017514055       12.0951163 
      0.01759706       11.9756566 
     0.017680065        11.856854 
      0.01776307       11.7390759 
     0.017846075       11.6216263 
      0.01792908       11.5048629 
     0.018012085       11.3890955 
      0.01809509       11.2737244 
     0.018178095       11.1590648 
       0.0182611       11.0451166 
     0.018344105       10.9321472 
      0.01842711       10.8196488 
     0.018510115       10.7078834 
      0.01859312        10.596851 
     0.018676125       10.4867801 
      0.01875913       10.3772444 
     0.018842135       10.2684595 
      0.01892514       10.1605999 
     0.019008145       10.0533343 
      0.01909115       9.94683383 
     0.019174155       9.84109842 
      0.01925716       9.73626543 
     0.019340165       9.63207993 
      0.01942317       9.52867051 
     0.019506175       9.42612811 
      0.01958918       9.32428214 
     0.019672185       9.22322006 
      0.01975519       9.12294189 
     0.019838195       9.02350425 
       0.0199212       8.92480524 
     0.020004205       8.82689496 
      0.02008721       8.72977342 
     0.020170215       8.63346489 
      0.02025322       8.53793004 
     0.020336225       8.44318596 
      0.02041923       8.34921964 
     0.020502235       8.25606278 
      0.02058524       8.16369615 
     0.020668245       8.07211975 
      0.02075125       7.98129202 
     0.020834255       7.89129831 
      0.02091726       7.80209189 
     0.021000265        7.7136009 
      0.02108327       7.62597132 
     0.021166275       7.53912392 
      0.02124928       7.45305869 
     0.021332285       7.36767976 
      0.02141529        7.2831766 
     0.021498295        7.1994485 
       0.0215813         7.116375 
     0.021664305       7.03419776 
      0.02174731       6.95278667 
     0.021830315       6.87214175 
      0.02191332       6.79212339 
     0.021996325       6.71300608 
      0.02207933       6.63464441 
     0.022162335       6.55703839 
      0.02224534       6.48002908 
     0.022328345       6.40392313 
      0.02241135       6.32856087 
     0.022494355       6.25376854 
      0.02257736       6.17988827 
     0.022660365       6.10673851 
      0.02274337       6.03431925 
     0.022826375       5.96244198 
      0.02290938       5.89147132 
     0.022992385       5.82121688 
      0.02307539       5.75147903 
     0.023158395       5.68265219 
       0.0232414       5.61452636 
     0.023324405       5.54710154 
      0.02340741       5.48016781 
     0.023490415        5.4141328 
      0.02357342       5.34878279 
     0.023656425       5.28411778 
      0.02373943       5.21991608 
     0.023822435       5.15660108 
      0.02390544       5.09395441 
     0.023988445       5.03175168 
      0.02407145       4.97043078 
     0.024154455       4.90976103 
      0.02423746       4.84974242 
     0.024320465       4.79014273 
      0.02440347       4.73140765 
     0.024486475       4.67330611 
      0.02456948       4.61560491 
     0.024652485       4.55876157 
      0.02473549       4.50253387 
     0.024818495       4.44692181 
       0.0249015       4.39168796 
     0.024984505       4.33729042 
      0.02506751        4.2834904 
     0.025150515       4.23005046 
      0.02523352       4.17743906 
     0.025316525       4.12540695 
      0.02539953       4.07395412 
     0.025482535       4.02284216 
      0.02556554       3.97253367 
     0.025648545       3.92278618 
      0.02573155       3.87359969 
     0.025814555       3.82473243 
      0.02589756       3.77664597 
     0.025980565       3.72910226 
      0.02606357       3.68186515 
     0.026146575       3.63539553 
      0.02622958       3.58945049 
     0.026312585       3.54403003 
      0.02639559       3.49889737 
     0.026478595       3.45450713 
       0.0265616       3.41062345 
     0.026644605       3.36701486 
      0.02672761       3.32413584 
     0.026810615       3.28174556 
      0.02689362         3.239844 
     0.026976625       3.19820147 
      0.02705963       3.15726161 
     0.027142635        3.1167929 
      0.02722564       3.07679532 
     0.027308645       3.03703835 
      0.02739165       2.99796023 
     0.027474655       2.95933593 
      0.02755766       2.92094421 
     0.027640665       2.88321498 
      0.02772367       2.84592255 
     0.027806675       2.80906694 
      0.02788968       2.77242805 
     0.027972685       2.73642669 
      0.02805569       2.70084545 
     0.028138695       2.66547244 
       0.0282217       2.63072196 
     0.028304705       2.59637527 
      0.02838771       2.56243238 
     0.028470715       2.52868424 
      0.02855372       2.49553294 
     0.028636725       2.46276947 
      0.02871973       2.43019174 
     0.028802735       2.39819735 
      0.02888574       2.36657522 
     0.028968745       2.33532534 
      0.02905175       2.30424989 
     0.029134755       2.27373172 
      0.02921776       2.24357061 
     0.029300765       2.21376657 
      0.02938377       2.18412358 
     0.029466775         2.155015 
      0.02954978        2.1262487 
     0.029632785         2.097638 
      0.02971579       2.06954645 
     0.029798795       2.04178279 
       0.0298818       2.01434705 
     0.029964805        1.9870555 
      0.03004781       1.96026015 
     0.030130815       1.93377873 
      0.03021382       1.90743535 
     0.030296825        1.8815747 
      0.03037983       1.85601441 
     0.030462835       1.83075448 
      0.03054584       1.80562302 
     0.030628845       1.78095142 
      0.03071185       1.75656702 
     0.030794855       1.73246982 
      0.03087786       1.70848968 
     0.030960865       1.68494952 
      0.03104387       1.66168379 
     0.031126875       1.63853175 
      0.03120988       1.61580526 
     0.031292885       1.59334084 
      0.03137589       1.57113849 
     0.031458895       1.54904009 
       0.0315419       1.52734753 
     0.031624905       1.50590507 
      0.03170791       1.48456238 
     0.031790915       1.46361296 
      0.03187392       1.44290204 
     0.031956925       1.42242963 
      0.03203993        1.4020487 
     0.032122935       1.38204166 
      0.03220594       1.36226191 
     0.032288945       1.34256877 
      0.03237195       1.32323864 
     0.032454955       1.30412494 
      0.03253796       1.28522769 
     0.032620965       1.26641004 
      0.03270397       1.24793645 
     0.032786975        1.2296688 
      0.03286998       1.21160709 
     0.032952985       1.19361647 
      0.03303599       1.17595346 
     0.033118995       1.15848624 
        0.033202       1.14108726 
     0.033285005       1.12400458 
      0.03336801       1.10710785 
     0.033451015       1.09039708 
      0.03353402        1.0737472 
     0.033617025       1.05739757 
      0.03370003       1.04122439 
     0.033783035       1.02510851 
      0.03386604       1.00928315 
     0.033949045      0.993625048 
      0.03403205      0.978134211 
     0.034115055      0.962694358 
      0.03419806      0.947529388 
     0.034281065      0.932522785 
      0.03436407       0.91767455 
     0.034447075      0.902869666 
      0.03453008      0.888326172 
     0.034613085      0.873932436 
      0.03469609      0.859580006 
     0.034779095       0.84547901 
       0.0348621      0.831519436 
     0.034945105      0.817701283 
      0.03502811      0.803917717 
     0.035111115      0.790372453 
      0.03519412      0.776960534 
     0.035277125      0.763580418 
      0.03536013      0.750430083 
     0.035443135      0.737405264 
      0.03552614      0.724505963 
     0.035609145       0.71163254 
      0.03569215      0.698976132 
     0.035775155      0.686437649 
      0.03585816      0.673921588 
     0.035941165      0.661615327 
      0.03602417      0.649419622 
     0.036107175      0.637334473 
      0.03619018      0.625266501 
     0.036273185      0.613395932 
      0.03635619      0.601628762 
     0.036439195      0.589964989 
       0.0365222      0.578312002 
     0.036605205       0.56684575 
      0.03668821      0.555475936 
     0.036771215      0.544114556 
      0.03685422      0.532932516 
     0.036937225      0.521840142 
      0.03702023      0.510837434 
     0.037103235      0.499837356 
      0.03718624       0.48900623 
     0.037269245       0.47825817 
      0.03735225      0.467509705 
     0.037435255      0.456923947 
      0.03751826      0.446414818 
     0.037601265      0.435982316 
      0.03768427      0.425544102 
     0.037767275      0.415258468 
      0.03785028      0.405043174 
     0.037933285       0.39489822 
      0.03801629      0.384741187 
     0.038099295      0.374728074 
       0.0381823      0.364779148 
     0.038265305      0.354815949 
      0.03834831       0.34499023 
     0.038431315      0.335222674 
      0.03851432      0.325513282 
     0.038597325      0.315783693 
      0.03868033      0.306183064 
     0.038763335      0.296634689 
      0.03884634      0.287063284 
     0.038929345      0.277615344 
      0.03901235      0.268213855 
     0.039095355      0.258858815 
      0.03917836      0.249475215 
     0.039261365      0.240206668 
      0.03934437      0.230978869 
     0.039427375      0.221718795 
      0.03951038      0.212569439 
     0.039593385      0.203455229 
      0.03967639      0.194376166 
     0.039759395      0.185257949 
       0.0398424      0.176243903 
     0.039925405      0.167259521 
      0.04000841      0.158304803 
     0.040091415        0.1492972 
      0.04017442      0.140394543 
     0.040257425       0.13151625 
      0.04034043      0.122555793 
     0.040423435      0.113722248 
      0.04050644      0.104908395 
     0.040589445     0.0961142315 
      0.04067245     0.0874697845 
     0.040755455     0.0787228061 
      0.04083846     0.0699758276 
     0.040921465     0.0610258075 
      0.04100447      0.052307835 
     0.041087475     0.0435898625 
      0.04117048       0.03487189 
     0.041253485     0.0260258333 
      0.04133649     0.0173505555 
     0.041419495    0.00867527776 
       0.0415025   3.99160729e-14 
