      -0.0427225                0 
    -0.042637055    0.00787029264 
     -0.04255161     0.0157405853 
    -0.042466165     0.0236108779 
     -0.04238072     0.0316361891 
    -0.042295275     0.0395452363 
     -0.04220983     0.0474542836 
    -0.042124385     0.0555477358 
     -0.04203894     0.0634831266 
    -0.041953495     0.0714185174 
     -0.04186805     0.0793539083 
    -0.041782605     0.0872102557 
     -0.04169716     0.0951945576 
    -0.041611715      0.103197281 
     -0.04152627      0.111312181 
    -0.041440825      0.119354189 
     -0.04135538      0.127418992 
    -0.041269935      0.135506589 
     -0.04118449      0.143689105 
    -0.041099045      0.151827944 
      -0.0410136      0.159994539 
    -0.040928155      0.168254051 
     -0.04084271      0.176479496 
    -0.040757265      0.184737827 
     -0.04067182      0.193029046 
    -0.040586375      0.201418828 
     -0.04050093      0.209781956 
    -0.040415485      0.218183215 
     -0.04033004      0.226687995 
    -0.040244595      0.235169216 
     -0.04015915      0.243693906 
    -0.040073705      0.252262066 
     -0.03998826      0.260941513 
    -0.039902815      0.269603228 
     -0.03981737      0.278313846 
    -0.039731925      0.287141197 
     -0.03964648      0.295953727 
    -0.039561035      0.304820695 
     -0.03947559        0.3137421 
    -0.039390145      0.322788619 
      -0.0393047      0.331826044 
    -0.039219255       0.34092355 
     -0.03913381       0.35015187 
    -0.039048365      0.359374089 
     -0.03896292      0.368662154 
    -0.038877475      0.378016064 
     -0.03879203      0.387509855 
    -0.038706585      0.397003191 
     -0.03862114      0.406568268 
    -0.038535695       0.41627925 
     -0.03845025      0.425992849 
    -0.038364805      0.435784224 
     -0.03827936      0.445653374 
    -0.038193915      0.455678284 
     -0.03810847      0.465711394 
    -0.038023025      0.475828469 
     -0.03793758      0.486107695 
    -0.037852135      0.496398301 
     -0.03776669      0.506779227 
    -0.037681245      0.517250473 
      -0.0375958      0.527894596 
    -0.037510355      0.538555652 
     -0.03742491       0.54931356 
    -0.037339465      0.560251131 
     -0.03725402      0.571208969 
    -0.037168575       0.58227038 
     -0.03708313      0.593435363 
    -0.036997685      0.604791694 
     -0.03691224      0.616173852 
    -0.036826795      0.627666505 
     -0.03674135      0.639357709 
    -0.036655905      0.651078281 
     -0.03657046      0.662916482 
    -0.036485015      0.674872313 
     -0.03639957      0.687039424 
    -0.036314125      0.699241506 
     -0.03622868      0.711568579 
    -0.036143235      0.724114574 
     -0.03605779      0.736699341 
    -0.035972345      0.749416697 
      -0.0358869      0.762266641 
    -0.035801455      0.775349372 
     -0.03571601      0.788476556 
    -0.035630565      0.801744176 
     -0.03554512      0.815252681 
    -0.035459675      0.828809761 
     -0.03537423      0.842515388 
    -0.035288785       0.85636956 
     -0.03520334      0.870479709 
    -0.035117895      0.884644226 
     -0.03503245      0.898965672 
    -0.034947005      0.913551661 
     -0.03486156      0.928196525 
    -0.034776115       0.94300699 
     -0.03469067      0.958092816 
    -0.034605225      0.973240077 
     -0.03451978      0.988561907 
    -0.034434335       1.00405831 
     -0.03434889        1.0198447 
    -0.034263445       1.03570087 
       -0.034178       1.05174089 
    -0.034092555       1.06808233 
     -0.03400711       1.08449645 
    -0.033921665       1.10110402 
     -0.03383622       1.11790504 
    -0.033750775        1.1350234 
     -0.03366533       1.15222313 
    -0.033579885       1.16962626 
     -0.03349444       1.18735874 
    -0.033408995       1.20517594 
     -0.03332355        1.2232068 
    -0.033238105       1.24145134 
     -0.03315266        1.2600425 
    -0.033067215       1.27872747 
     -0.03298177       1.29763675 
    -0.032896325       1.31690528 
     -0.03281088       1.33627146 
    -0.032725435       1.35587295 
     -0.03263999       1.37570975 
    -0.032554545       1.39592447 
      -0.0324691       1.41624639 
    -0.032383655       1.43681501 
     -0.03229821       1.45777476 
    -0.032212765       1.47884612 
     -0.03212732       1.50017594 
    -0.032041875       1.52176422 
     -0.03195643       1.54376376 
    -0.031870985       1.56588497 
     -0.03178554        1.5882768 
    -0.031700095       1.61109362 
     -0.03161465       1.63403723 
    -0.031529205       1.65726401 
     -0.03144376       1.68077397 
    -0.031358315       1.70473055 
     -0.03127287       1.72882451 
    -0.031187425       1.75321462 
     -0.03110198       1.77806553 
    -0.031016535       1.80305973 
     -0.03093109       1.82836346 
    -0.030845645       1.85397672 
      -0.0307602        1.8800739 
    -0.030674755       1.90632557 
     -0.03058931       1.93290057 
    -0.030503865       1.95997404 
     -0.03041842       1.98720883 
    -0.030332975       2.01478115 
     -0.03024753       2.04269101 
    -0.030162085       2.07112393 
     -0.03007664       2.09973002 
    -0.029991195       2.12868827 
     -0.02990575       2.15818437 
    -0.029820305       2.18786152 
     -0.02973486       2.21790587 
    -0.029649415       2.24831742 
     -0.02956397        2.2792928 
    -0.029478525       2.31046179 
     -0.02939308       2.34201343 
    -0.029307635       2.37414374 
     -0.02922219       2.40647674 
    -0.029136745       2.43920823 
      -0.0290513       2.47233822 
    -0.028965855       2.50607413 
     -0.02888041       2.54002605 
    -0.028794965       2.57439269 
     -0.02870952       2.60937997 
    -0.028624075       2.64459366 
     -0.02853863       2.68023869 
    -0.028453185       2.71631507 
     -0.02836774       2.75304037 
    -0.028282295       2.79000625 
     -0.02819685       2.82742043 
    -0.028111405       2.86549784 
     -0.02802596       2.90382774 
    -0.027940515       2.94262323 
     -0.02785507       2.98188432 
    -0.027769625       3.02183772 
     -0.02768418       3.06205866 
    -0.027598735       3.10276279 
     -0.02751329       3.14417278 
    -0.027427845        3.1858639 
      -0.0273424       3.22805606 
    -0.027256955       3.27097134 
     -0.02717151       3.31417789 
    -0.027086065        3.3579036 
     -0.02700062       3.40214846 
    -0.026915175       3.44714111 
     -0.02682973       3.49244628 
    -0.026744285       3.53828889 
     -0.02665884       3.58489528 
    -0.026573395       3.63182619 
     -0.02648795       3.67931297 
    -0.026402505       3.72735562 
     -0.02631706       3.77618629 
    -0.026231615       3.82536388 
     -0.02614617       3.87511583 
    -0.026060725       3.92567002 
     -0.02597528       3.97658517 
    -0.025889835        4.0280932 
     -0.02580439       4.08019411 
    -0.025718945       4.13312045 
      -0.0256335       4.18643128 
    -0.025548055       4.24035344 
     -0.02546261       4.29511285 
    -0.025377165       4.35027303 
     -0.02529172       4.40606284 
    -0.025206275       4.46248229 
     -0.02512083       4.51976034 
    -0.025035385       4.57746382 
     -0.02494994       4.63581499 
    -0.024864495       4.69503351 
     -0.02477905       4.75469611 
    -0.024693605       4.81502415 
     -0.02460816       4.87601762 
    -0.024522715       4.93789707 
     -0.02443727       5.00024628 
    -0.024351825       5.06327823 
     -0.02426638       5.12720101 
    -0.024180935       5.19161473 
     -0.02409549        5.2567279 
    -0.024010045       5.32254052 
      -0.0239246       5.38925883 
    -0.023839155       5.45649468 
     -0.02375371       5.52444601 
    -0.023668265       5.59330322 
     -0.02358282       5.66270167 
    -0.023497375       5.73283081 
     -0.02341193       5.80369062 
    -0.023326485       5.87546616 
     -0.02324104        5.9478103 
    -0.023155595       6.02089932 
     -0.02307015       6.09489873 
    -0.022984705       6.16949293 
     -0.02289926        6.2448451 
    -0.022813815       6.32095522 
     -0.02272837       6.39797925 
    -0.022642925       6.47562592 
     -0.02255748        6.5540423 
    -0.022472035       6.63336085 
     -0.02238659       6.71333056 
    -0.022301145       6.79408024 
      -0.0222157       6.87560989 
    -0.022130255       6.95803751 
     -0.02204481       7.04114424 
    -0.021959365       7.12503953 
     -0.02187392       7.20981388 
    -0.021788475       7.29529782 
     -0.02170303       7.38157703 
    -0.021617585       7.46865152 
     -0.02153214       7.55659164 
    -0.021446695       7.64526897 
     -0.02136125       7.73474622 
    -0.021275805       7.82506236 
     -0.02119036       7.91614758 
    -0.021104915       8.00803511 
     -0.02101947       8.10072494 
    -0.020934025       8.19422956 
     -0.02084858       8.28852993 
    -0.020763135       8.38363251 
     -0.02067769       8.47951483 
    -0.020592245       8.57622537 
      -0.0205068       8.67373536 
    -0.020421355       8.77204477 
     -0.02033591       8.87109783 
    -0.020250465       8.97100408 
     -0.02016502       9.07170411 
    -0.020079575       9.17310421 
     -0.01999413       9.27538952 
    -0.019908685       9.37845989 
     -0.01982324       9.48218081 
    -0.019737795       9.58682159 
     -0.01965235       9.69223543 
    -0.019566905       9.79842232 
     -0.01948146       9.90520816 
    -0.019396015       10.0129318 
     -0.01931057        10.121413 
    -0.019225125       10.2304341 
     -0.01913968       10.3404266 
    -0.019054235       10.4511577 
     -0.01896879       10.5626275 
    -0.018883345       10.6745734 
      -0.0187979       10.7875025 
    -0.018712455       10.9011475 
     -0.01862701       11.0152007 
    -0.018541565       11.1302681 
     -0.01845612       11.2460248 
    -0.018370675       11.3624707 
     -0.01828523       11.4792494 
    -0.018199785       11.5970463 
     -0.01811434       11.7155019 
    -0.018028895       11.8342149 
     -0.01794345       11.9539724 
    -0.017858005       12.0743542 
     -0.01777256       12.1953601 
    -0.017687115       12.3165367 
     -0.01760167       12.4387528 
    -0.017516225       12.5615546 
     -0.01743078       12.6844459 
    -0.017345335       12.8083965 
     -0.01725989       12.9328902 
    -0.017174445        13.057927 
       -0.017089       13.1829569 
    -0.017003555       13.3090305 
     -0.01691811       13.4356008 
    -0.016832665       13.5620797 
     -0.01674722       13.6896131 
    -0.016661775        13.817593 
     -0.01657633       13.9460193 
    -0.016490885         14.07425 
     -0.01640544        14.203508 
    -0.016319995       14.3331585 
     -0.01623455       14.4625288 
    -0.016149105       14.5929261 
     -0.01606366       14.7236585 
    -0.015978215       14.8547261 
     -0.01589277       14.9854042 
    -0.015807325       15.1170695 
     -0.01572188       15.2490093 
    -0.015636435        15.380478 
     -0.01555099       15.5129208 
    -0.015465545       15.6455746 
      -0.0153801       15.7784395 
    -0.015294655       15.9107224 
     -0.01520921       16.0439264 
    -0.015123765       16.1772754 
     -0.01503832        16.309967 
    -0.014952875       16.4435524 
     -0.01486743       16.5772147 
    -0.014781985       16.7109538 
     -0.01469654       16.8439264 
    -0.014611095       16.9777272 
     -0.01452565       17.1115348 
    -0.014440205       17.2445102 
     -0.01435476       17.3782715 
    -0.014269315       17.5119685 
     -0.01418387       17.6456012 
    -0.014098425       17.7782982 
     -0.01401298       17.9117034 
    -0.013927535       18.0449724 
     -0.01384209       18.1772523 
    -0.013756645       18.3101836 
      -0.0136712       18.4429063 
    -0.013585755       18.5754205 
     -0.01350031       18.7068516 
    -0.013414865       18.8388459 
     -0.01332942       18.9705597 
    -0.013243975       19.1011518 
     -0.01315853       19.2322365 
    -0.013073085       19.3629695 
     -0.01298764        19.493351 
    -0.012902195       19.6225291 
     -0.01281675       19.7521035 
    -0.012731305       19.8812565 
     -0.01264586       20.0091839 
    -0.012560415        20.137425 
     -0.01247497        20.265177 
    -0.012389525       20.3924396 
     -0.01230408       20.5184103 
    -0.012218635       20.6445931 
     -0.01213319       20.7702211 
    -0.012047745       20.8945515 
      -0.0119623       21.0190025 
    -0.011876855       21.1428362 
     -0.01179141       21.2653596 
    -0.011705965       21.3879224 
     -0.01162052       21.5098087 
    -0.011535075       21.6310185 
     -0.01144963       21.7508924 
    -0.011364185       21.8706855 
     -0.01127874       21.9897467 
    -0.011193295       22.1074778 
     -0.01110785       22.2250399 
    -0.011022405       22.3418188 
     -0.01093696       22.4578144 
    -0.010851515       22.5724748 
     -0.01076607       22.6868466 
    -0.010680625       22.8003886 
     -0.01059518       22.9126295 
    -0.010509735        23.024479 
     -0.01042429        23.135457 
    -0.010338845       23.2455636 
      -0.0102534       23.3544141 
    -0.010167955       23.4627291 
     -0.01008251       23.5701373 
    -0.009997065       23.6764263 
     -0.00991162        23.781992 
    -0.009826175       23.8866249 
     -0.00974073       23.9903248 
    -0.009655285       24.0931653 
     -0.00956984       24.1949698 
    -0.009484395       24.2958336 
     -0.00939895       24.3964413 
    -0.009313505       24.4954024 
     -0.00922806       24.5934626 
    -0.009142615       24.6906217 
     -0.00905717       24.7877852 
    -0.008971725       24.8831888 
     -0.00888628       24.9777267 
    -0.008800835       25.0747007 
     -0.00871539       25.1676124 
    -0.008629945       25.2588021 
      -0.0085445       25.3482698 
    -0.008459055       25.4275328 
     -0.00837361       25.5144375 
    -0.008288165       25.6001038 
     -0.00820272       25.6845316 
    -0.008117275        25.767721 
     -0.00803183       25.8496719 
    -0.007946385       25.9303844 
     -0.00786094       26.0024552 
    -0.007775495       26.0813114 
     -0.00769005       26.1592514 
    -0.007604605        26.236275 
     -0.00751916       26.3123823 
    -0.007433715       26.3875734 
     -0.00734827       26.4618481 
    -0.007262825       26.5376192 
     -0.00717738          26.6098 
    -0.007091935       26.6809987 
     -0.00700649       26.7512153 
    -0.006921045       26.8204498 
      -0.0068356       26.8887022 
    -0.006750155       26.9559725 
     -0.00666471       27.0268827 
    -0.006579265       27.0920496 
     -0.00649382       27.1561972 
    -0.006408375       27.2193255 
     -0.00632293       27.2814344 
    -0.006237485       27.3425239 
     -0.00615204       27.4025941 
    -0.006066595       27.4626075 
     -0.00598115       27.5206598 
    -0.005895705       27.5777217 
     -0.00581026       27.6337933 
    -0.005724815       27.6888746 
     -0.00563937       27.7429656 
    -0.005553925       27.7960664 
     -0.00546848       27.8484896 
    -0.005383035       27.8996291 
     -0.00529759       27.9498157 
    -0.005212145       27.9990493 
      -0.0051267         28.04733 
    -0.005041255       28.0946577 
     -0.00495581       28.1410324 
    -0.004870365       28.1864542 
     -0.00478492       28.2312197 
    -0.004699475       28.2747958 
     -0.00461403       28.3174608 
    -0.004528585       28.3592147 
     -0.00444314       28.4000574 
    -0.004357695       28.4399891 
     -0.00427225       28.4790096 
    -0.004186805       28.5174119 
     -0.00410136       28.5546676 
    -0.004015915        28.591055 
     -0.00393047        28.626574 
    -0.003845025       28.6612246 
     -0.00375958        28.695007 
    -0.003674135       28.7279209 
     -0.00358869       28.7602451 
    -0.003503245       28.7914733 
      -0.0034178       28.8218742 
    -0.003332355       28.8514478 
     -0.00324691       28.8801942 
    -0.003161465       28.9081134 
     -0.00307602       28.9352053 
    -0.002990575       28.9617213 
     -0.00290513       28.9872009 
    -0.002819685       29.0118906 
     -0.00273424       29.0357903 
    -0.002648795       29.0588999 
     -0.00256335       29.0812196 
    -0.002477905       29.1027493 
     -0.00239246       29.1237137 
    -0.002307015       29.1436959 
     -0.00222157       29.1629197 
    -0.002136125        29.181385 
     -0.00205068       29.1990918 
    -0.001965235       29.2160402 
     -0.00187979       29.2322302 
    -0.001794345       29.2479876 
      -0.0017089       29.2626823 
    -0.001623455       29.2766429 
     -0.00153801       29.2898697 
    -0.001452565       29.3023625 
     -0.00136712       29.3141214 
    -0.001281675       29.3251463 
     -0.00119623        29.336237 
    -0.001110785       29.3457937 
     -0.00102534       29.3546425 
    -0.000939895       29.3627835 
     -0.00085445       29.3702165 
    -0.000769005       29.3769416 
     -0.00068356       29.3829588 
    -0.000598115       29.3889878 
     -0.00051267       29.3935909 
    -0.000427225       29.3974859 
     -0.00034178       29.4006727 
    -0.000256335       29.4031513 
     -0.00017089       29.4049217 
     -8.5445e-05        29.405984 
               0       29.4063645 
      8.5445e-05       29.4060104 
      0.00017089       29.4049479 
     0.000256335       29.4031772 
      0.00034178       29.4006981 
     0.000427225       29.3975108 
      0.00051267       29.3936151 
     0.000598115       29.3890111 
      0.00068356       29.3829809 
     0.000769005       29.3769627 
      0.00085445       29.3702364 
     0.000939895       29.3628021 
      0.00102534       29.3546597 
     0.001110785       29.3458094 
      0.00119623        29.336251 
     0.001281675       29.3251583 
      0.00136712       29.3141315 
     0.001452565       29.3023705 
      0.00153801       29.2898755 
     0.001623455       29.2766464 
       0.0017089       29.2626833 
     0.001794345        29.247986 
      0.00187979       29.2322257 
     0.001965235       29.2160328 
      0.00205068       29.1990814 
     0.002136125       29.1813714 
      0.00222157       29.1629027 
     0.002307015       29.1436755 
      0.00239246       29.1236896 
     0.002477905       29.1027213 
      0.00256335       29.0811877 
     0.002648795       29.0588639 
      0.00273424       29.0357499 
     0.002819685       29.0118459 
      0.00290513       28.9871516 
     0.002990575       28.9616672 
      0.00307602       28.9351462 
     0.003161465       28.9080492 
      0.00324691       28.8801248 
     0.003332355       28.8513729 
       0.0034178       28.8217936 
     0.003503245       28.7913869 
      0.00358869       28.7601527 
     0.003674135       28.7278223 
      0.00375958       28.6949019 
     0.003845025        28.661113 
      0.00393047       28.6264555 
     0.004015915       28.5909296 
      0.00410136        28.554535 
     0.004186805        28.517272 
      0.00427225        28.478862 
     0.004357695       28.4398337 
      0.00444314        28.399894 
     0.004528585        28.359043 
      0.00461403       28.3172807 
     0.004699475        28.274607 
      0.00478492        28.231022 
     0.004870365       28.1862473 
      0.00495581       28.1408162 
     0.005041255       28.0944319 
       0.0051267       28.0470944 
     0.005212145       27.9988037 
      0.00529759       27.9495597 
     0.005383035       27.8993626 
      0.00546848       27.8482123 
     0.005553925       27.7957779 
      0.00563937       27.7426659 
     0.005724815       27.6885634 
      0.00581026       27.6334703 
     0.005895705       27.5773866 
      0.00598115       27.5203123 
     0.006066595       27.4622475 
      0.00615204        27.402221 
     0.006237485       27.3421377 
      0.00632293       27.2810347 
     0.006408375       27.2189122 
      0.00649382         27.15577 
     0.006579265       27.0916081 
      0.00666471       27.0264267 
     0.006750155       26.9554986 
       0.0068356       26.8882133 
     0.006921045       26.8199455 
      0.00700649       26.7506953 
     0.007091935       26.6804626 
      0.00717738       26.6092476 
     0.007262825       26.5370501 
      0.00734827       26.4612346 
     0.007433715       26.3869424 
      0.00751916       26.3117336 
     0.007604605       26.2356083 
      0.00769005       26.1585663 
     0.007775495       26.0806076 
      0.00786094       26.0017324 
     0.007946385       25.9297506 
      0.00803183       25.8490221 
     0.008117275       25.7670512 
      0.00820272       25.6838378 
     0.008288165       25.5993821 
      0.00837361        25.513684 
     0.008459055       25.4267434 
       0.0085445       25.3473003 
     0.008629945       25.2578292 
      0.00871539       25.1666456 
     0.008800835       25.0737493 
      0.00888628       24.9767534 
     0.008971725        24.882197 
      0.00905717       24.7867731 
     0.009142615       24.6895966 
      0.00922806       24.5924157 
     0.009313505       24.4943315 
      0.00939895       24.3953439 
     0.009484395       24.2947329 
      0.00956984       24.1938462 
     0.009655285       24.0920182 
      0.00974073       23.9891736 
     0.009826175       23.8854492 
      0.00991162       23.7807928 
     0.009997065       23.6752043 
      0.01008251        23.568906 
     0.010167955       23.4614726 
       0.0102534       23.3531342 
     0.010338845        23.244274 
      0.01042429       23.1341395 
     0.010509735       23.0231364 
      0.01059518       22.9112646 
     0.010680625       22.7990082 
      0.01076607       22.6854384 
     0.010851515       22.5710425 
      0.01093696       22.4563709 
     0.011022405       22.3403434 
      0.01110785       22.2235376 
     0.011193295       22.1059534 
      0.01127874       21.9882036 
     0.011364185       21.8691114 
      0.01144963       21.7492932 
     0.011535075       21.6294076 
      0.01162052       21.5081613 
     0.011705965       21.3862457 
      0.01179141       21.2636606 
     0.011876855       21.1411143 
       0.0119623       21.0172455 
     0.012047745       20.8927676 
      0.01213319       20.7676806 
     0.012218635       20.6427528 
      0.01230408       20.5165369 
     0.012389525       20.3897756 
      0.01247497       20.2632494 
     0.012560415       20.1354565 
      0.01264586       20.0071846 
     0.012731305       19.8784338 
      0.01281675       19.7500327 
     0.012902195       19.6204188 
      0.01298764       19.4903946 
     0.013073085       19.3607872 
      0.01315853       19.2300036 
     0.013243975       19.0988803 
      0.01332942       18.9674173 
     0.013414865       18.8364756 
      0.01350031       18.7044298 
     0.013585755       18.5721159 
       0.0136712       18.4403781 
     0.013756645       18.3075882 
      0.01384209       18.1746023 
     0.013927535       18.0414203 
      0.01401298       17.9089001 
     0.014098425       17.7754215 
      0.01418387       17.6418188 
     0.014269315       17.5088902 
      0.01435476       17.3750982 
     0.014440205        17.241254 
      0.01452565       17.1073576 
     0.014611095       16.9740707 
      0.01469654       16.8401656 
     0.014781985       16.7062804 
      0.01486743       16.5724688 
     0.014952875       16.4386876 
      0.01503832        16.305006 
     0.015123765        16.171424 
      0.01520921       16.0358596 
     0.015294655       15.9025733 
       0.0153801       15.7695566 
     0.015465545       15.6307942 
      0.01555099       15.4981276 
     0.015636435       15.3658662 
      0.01572188       15.2340099 
     0.015807325       15.1048717 
      0.01589277       14.9734555 
     0.015978215       14.8422607 
      0.01606366       14.7104196 
     0.016149105       14.5791137 
      0.01623455       14.4482613 
     0.016319995       14.3178626 
      0.01640544       14.1879175 
     0.016490885        14.058426 
      0.01657633        13.929388 
     0.016661775       13.8077687 
      0.01674722       13.6797844 
     0.016832665        13.552269 
      0.01691811       13.4252224 
     0.017003555       13.2986447 
        0.017089       13.1725359 
     0.017174445        13.046896 
      0.01725989       12.9233745 
     0.017345335       12.7986837 
      0.01743078       12.6746031 
     0.017516225       12.5511325 
      0.01760167       12.4282721 
     0.017687115       12.3060218 
      0.01777256       12.1843816 
     0.017858005       12.0487572 
      0.01794345       11.9281675 
     0.018028895       11.8084017 
      0.01811434       11.6894601 
     0.018199785       11.5713424 
      0.01828523       11.4540488 
     0.018370675       11.3375792 
      0.01845612       11.2276702 
     0.018541565       11.1127672 
      0.01862701       10.9985537 
     0.018712455       10.8850298 
       0.0187979       10.7721955 
     0.018883345       10.6600507 
      0.01896879       10.5485954 
     0.019054235       10.4355762 
      0.01913968        10.325003 
     0.019225125       10.2151959 
      0.01931057       10.1061547 
     0.019396015       9.99787951 
      0.01948146       9.89037028 
     0.019566905       9.78362701 
      0.01965235       9.67764972 
     0.019737795        9.5724384 
      0.01982324       9.46799305 
     0.019908685       9.36431366 
      0.01999413       9.26140025 
     0.020079575       9.15925282 
      0.02016502       9.05787135 
     0.020250465       8.96727763 
      0.02033591       8.86759198 
     0.020421355       8.76868293 
       0.0205068       8.67055045 
     0.020592245       8.57319456 
      0.02067769       8.47661525 
     0.020763135       8.38081253 
      0.02084858       8.28578639 
     0.020934025       8.19153683 
      0.02101947       8.09806385 
     0.021104915       8.00536746 
      0.02119036       7.91344765 
     0.021275805       7.82230443 
      0.02136125       7.73953414 
     0.021446695       7.65004572 
      0.02153214       7.56134502 
     0.021617585       7.47343206 
      0.02170303       7.38630683 
     0.021788475       7.29996933 
      0.02187392       7.21441956 
     0.021959365       7.12965751 
      0.02204481        7.0456832 
     0.022130255       6.96249661 
       0.0222157       6.88009776 
     0.022301145       6.79848664 
      0.02238659       6.71766324 
     0.022472035       6.63951816 
      0.02255748       6.56025152 
     0.022642925        6.4817384 
      0.02272837       6.40397882 
     0.022813815       6.32697277 
      0.02289926       6.25072025 
     0.022984705       6.17522127 
      0.02307015       6.10047582 
     0.023155595        6.0264839 
      0.02324104       5.95324552 
     0.023326485       5.88076067 
      0.02341193       5.80902935 
     0.023497375       5.73805157 
      0.02358282       5.66868184 
     0.023668265       5.59917478 
      0.02375371        5.5303671 
     0.023839155       5.46225879 
       0.0239246       5.39484987 
     0.024010045       5.32814031 
      0.02409549       5.26213014 
     0.024180935       5.19681935 
      0.02426638       5.13220793 
     0.024351825       5.06829589 
      0.02443727       5.00508323 
     0.024522715       4.94256994 
      0.02460816       4.88075603 
     0.024693605        4.8203817 
      0.02477905       4.75993119 
     0.024864495       4.70011543 
      0.02494994       4.64093442 
     0.025035385       4.58238815 
      0.02512083       4.52447663 
     0.025206275       4.46719986 
      0.02529172       4.41055784 
     0.025377165       4.35455056 
      0.02546261       4.29917804 
     0.025548055       4.24444026 
       0.0256335       4.19033723 
     0.025718945       4.13686894 
      0.02580439       4.08403541 
     0.025889835        4.0325335 
      0.02597528       3.98087376 
     0.026060725       3.92977984 
      0.02614617       3.87925173 
     0.026231615       3.82928943 
      0.02631706       3.77989294 
     0.026402505       3.73106227 
      0.02648795       3.68279741 
     0.026573395       3.63509836 
      0.02665884       3.58796512 
     0.026744285       3.54139769 
      0.02682973       3.49539608 
     0.026915175       3.44996028 
      0.02700062       3.40576292 
     0.027086065        3.3613751 
      0.02717151       3.31748433 
     0.027256955       3.27409061 
       0.0273424       3.23119394 
     0.027427845       3.18879432 
      0.02751329       3.14689176 
     0.027598735       3.10548624 
      0.02768418       3.06457778 
     0.027769625       3.02416636 
      0.02785507         2.984252 
     0.027940515       2.94483469 
      0.02802596       2.90591444 
     0.028111405       2.86811973 
      0.02819685       2.83012546 
     0.028282295       2.79256262 
      0.02836774       2.75543119 
     0.028453185       2.71873119 
      0.02853863        2.6824626 
     0.028624075       2.64662544 
      0.02870952        2.6112197 
     0.028794965       2.57624539 
      0.02888041       2.54170249 
     0.028965855       2.50759102 
       0.0290513       2.47391097 
     0.029136745       2.44066234 
      0.02922219       2.40841764 
     0.029307635        2.3759799 
      0.02939308       2.34391282 
     0.029478525       2.31221638 
      0.02956397       2.28089059 
     0.029649415       2.24993545 
      0.02973486       2.21935096 
     0.029820305       2.18913712 
      0.02990575       2.15929393 
     0.029991195       2.12982139 
      0.03007664        2.1007195 
     0.030162085       2.07198826 
      0.03024753       2.04362767 
     0.030332975       2.01614932 
      0.03041842       1.98849318 
     0.030503865       1.96115259 
      0.03058931       1.93412756 
     0.030674755       1.90741808 
       0.0307602       1.88102415 
     0.030845645       1.85494578 
      0.03093109       1.82918297 
     0.031016535        1.8037357 
      0.03110198         1.778604 
     0.031187425       1.75378784 
      0.03127287       1.72928724 
     0.031358315        1.7051022 
      0.03144376       1.68123271 
     0.031529205       1.65810576 
      0.03161465        1.6347945 
     0.031700095       1.61174957 
      0.03178554       1.58897097 
     0.031870985        1.5664587 
      0.03195643       1.54421276 
     0.032041875       1.52223315 
      0.03212732       1.50051987 
     0.032212765       1.47907292 
      0.03229821        1.4578923 
     0.032383655       1.43697801 
       0.0324691       1.41633005 
     0.032554545       1.39594842 
      0.03263999       1.37621334 
     0.032725435       1.35630815 
      0.03281088       1.33662574 
     0.032896325       1.31716609 
      0.03298177       1.29792921 
     0.033067215       1.27891509 
      0.03315266       1.26012374 
     0.033238105       1.24155516 
      0.03332355       1.22320934 
     0.033408995       1.20508629 
      0.03349444         1.187186 
     0.033579885       1.16950848 
      0.03366533       1.15205373 
     0.033750775       1.13515806 
      0.03383622       1.11810671 
     0.033921665       1.10123976 
      0.03400711       1.08455721 
     0.034092555       1.06805907 
        0.034178       1.05174534 
     0.034263445       1.03561601 
      0.03434889       1.01967108 
     0.034434335       1.00391056 
      0.03451978      0.988334448 
     0.034605225      0.972942739 
      0.03469067      0.957735434 
     0.034776115      0.942712534 
      0.03486156      0.928170386 
     0.034947005      0.913485763 
      0.03503245      0.898951787 
     0.035117895      0.884568458 
      0.03520334      0.870335776 
     0.035288785      0.856253741 
      0.03537423      0.842322354 
     0.035459675      0.828541613 
      0.03554512       0.81491152 
     0.035630565      0.801432073 
      0.03571601      0.788103274 
     0.035801455      0.774925122 
       0.0358869      0.761897617 
     0.035972345        0.7492815 
      0.03605779      0.736534169 
     0.036143235      0.723907651 
      0.03622868      0.711401945 
     0.036314125      0.699017051 
      0.03639957       0.68675297 
     0.036485015      0.674609701 
      0.03657046      0.662587244 
     0.036655905      0.650685599 
      0.03674135      0.638904767 
     0.036826795      0.627244747 
      0.03691224       0.61570554 
     0.036997685      0.604287144 
      0.03708313      0.592989561 
     0.037168575       0.58202222 
      0.03725402      0.570926131 
     0.037339465      0.559924155 
      0.03742491      0.549016293 
     0.037510355      0.538202545 
       0.0375958      0.527482911 
     0.037681245      0.516857391 
      0.03776669      0.506325985 
     0.037852135      0.495888692 
      0.03793758      0.485545513 
     0.038023025      0.475296448 
      0.03810847      0.465141497 
     0.038193915       0.45508066 
      0.03827936      0.445284531 
     0.038364805      0.435380557 
      0.03845025       0.42554639 
     0.038535695      0.415782032 
      0.03862114      0.406087481 
     0.038706585      0.396462738 
      0.03879203      0.386907802 
     0.038877475      0.377422675 
      0.03896292      0.368007355 
     0.039048365      0.358661842 
      0.03913381      0.349386138 
     0.039219255      0.340180241 
       0.0393047      0.331044151 
     0.039390145       0.33182266 
      0.03947559      0.323314387 
     0.039561035      0.314806113 
      0.03964648       0.30629784 
     0.039731925      0.297789567 
      0.03981737      0.289281293 
     0.039902815       0.28077302 
      0.03998826      0.272264747 
     0.040073705      0.263756473 
      0.04015915        0.2552482 
     0.040244595      0.246739927 
      0.04033004      0.238231653 
     0.040415485       0.22972338 
      0.04050093       0.21472896 
     0.040586375      0.206470154 
      0.04067182      0.198211348 
     0.040757265      0.189952542 
      0.04084271      0.181693736 
     0.040928155      0.173434929 
       0.0410136      0.165176123 
     0.041099045      0.156917317 
      0.04118449      0.148658511 
     0.041269935      0.140399705 
      0.04135538      0.132140899 
     0.041440825      0.123882092 
      0.04152627      0.115623286 
     0.041611715      0.104677203 
      0.04169716     0.0966251107 
     0.041782605     0.0885730181 
      0.04186805     0.0805209256 
     0.041953495      0.072468833 
      0.04203894     0.0644167404 
     0.042124385     0.0563646479 
      0.04220983     0.0483125553 
     0.042295275     0.0402604628 
      0.04238072     0.0322083702 
     0.042466165     0.0241562777 
      0.04255161     0.0161041851 
     0.042637055    0.00805209256 
       0.0427225                0 
