       -0.043916   1.81130385e-14 
    -0.043828168    0.00716479646 
    -0.043740336     0.0143295929 
    -0.043652504     0.0214943894 
    -0.043564672     0.0288003772 
     -0.04347684     0.0360004715 
    -0.043389008     0.0432005658 
    -0.043301176     0.0505686972 
    -0.043213344     0.0577927967 
    -0.043125512     0.0650168963 
     -0.04303768     0.0722409959 
    -0.042949848     0.0794065025 
    -0.042862016     0.0866805771 
    -0.042774184     0.0939719165 
    -0.042686352      0.101364033 
     -0.04259852      0.108693746 
    -0.042510688      0.116044826 
    -0.042422856      0.123480375 
    -0.042335024      0.130877029 
    -0.042247192        0.1382997 
     -0.04215936      0.145748388 
    -0.042071528      0.153282094 
    -0.041983696      0.160788672 
    -0.041895864      0.168326078 
    -0.041808032      0.175951819 
      -0.0417202      0.183554969 
    -0.041632368      0.191193864 
    -0.041544536      0.198868504 
    -0.041456704      0.206639092 
    -0.041368872      0.214392477 
     -0.04128104      0.222186614 
    -0.041193208      0.230081283 
    -0.041105376      0.237962365 
    -0.041017544      0.245889297 
    -0.040929712      0.253922246 
     -0.04084188      0.261944439 
    -0.040754048      0.270017673 
    -0.040666216      0.278141949 
    -0.040578384       0.28638027 
    -0.040490552      0.294613537 
     -0.04040272      0.302903142 
    -0.040314888      0.311312176 
    -0.040227056      0.319719445 
    -0.040139224      0.328188461 
    -0.040051392      0.336719224 
     -0.03996356      0.345378773 
    -0.039875728      0.354041552 
    -0.039787896       0.36277161 
    -0.039700064      0.371635781 
    -0.039612232      0.380506962 
      -0.0395244       0.38945109 
    -0.039436568       0.39853568 
    -0.039348736      0.407630212 
    -0.039260904      0.416803505 
    -0.039173072      0.426055559 
     -0.03908524      0.435457864 
    -0.038997408      0.444875756 
    -0.038909576       0.45437838 
    -0.038821744      0.464037594 
    -0.038733912      0.473715881 
     -0.03864608       0.48348504 
    -0.038558248      0.493418263 
    -0.038470416      0.503373125 
    -0.038382584      0.513425178 
    -0.038294752      0.523574422 
     -0.03820692      0.533898014 
    -0.038119088      0.544249736 
    -0.038031256      0.554705159 
    -0.037943424      0.565342429 
    -0.037855592      0.576011031 
     -0.03776776      0.586790048 
    -0.037679928      0.597679481 
    -0.037592096      0.608762834 
    -0.037504264      0.619883331 
    -0.037416432      0.631121174 
      -0.0373286      0.642560444 
    -0.037240768      0.654040799 
    -0.037152936      0.665645656 
    -0.037065104      0.677460764 
    -0.036977272       0.68931987 
     -0.03688944      0.701310872 
    -0.036801608      0.713433769 
    -0.036713776      0.725779664 
    -0.036625944      0.738176491 
    -0.036538112       0.75071286 
     -0.03645028      0.763481083 
    -0.036362448      0.776303987 
    -0.036274616      0.789274342 
    -0.036186784      0.802392148 
    -0.036098952      0.815756712 
     -0.03601112      0.829182174 
    -0.035923288       0.84276327 
    -0.035835456      0.856599979 
    -0.035747624      0.870502294 
    -0.035659792      0.884568717 
     -0.03557196      0.898901134 
    -0.035484128      0.913302703 
    -0.035396296       0.92787715 
    -0.035308464      0.942624475 
    -0.035220632      0.957653534 
      -0.0351328      0.972759388 
    -0.035044968      0.988047204 
    -0.034957136       1.00362713 
    -0.034869304       1.01928849 
    -0.034781472       1.03514121 
     -0.03469364       1.05129814 
    -0.034605808       1.06753981 
    -0.034517976       1.08398259 
    -0.034430144       1.10062648 
    -0.034342312       1.11759111 
     -0.03425448       1.13464987 
    -0.034166648       1.15191982 
    -0.034078816       1.16952259 
    -0.033990984       1.18722403 
    -0.033903152        1.2051471 
     -0.03381532       1.22329182 
    -0.033727488       1.24178861 
    -0.033639656       1.26039269 
    -0.033551824       1.27922922 
    -0.033463992       1.29842979 
     -0.03337616       1.31774356 
    -0.033288328       1.33730098 
    -0.033200496       1.35723639 
    -0.033112664       1.37728942 
    -0.033024832       1.39759769 
       -0.032937       1.41816118 
    -0.032849168       1.43912273 
    -0.032761336       1.46021266 
    -0.032673504        1.4815698 
    -0.032585672       1.50333875 
     -0.03249784       1.52524206 
    -0.032410008       1.54742497 
    -0.032322176       1.56988747 
    -0.032234344       1.59278495 
    -0.032146512       1.61582666 
     -0.03205868       1.63916077 
    -0.031970848       1.66294328 
    -0.031883016       1.68687777 
    -0.031795184       1.71111786 
    -0.031707352         1.735822 
     -0.03161952       1.76068416 
    -0.031531688       1.78586556 
    -0.031443856        1.8113662 
    -0.031356024        1.8373547 
    -0.031268192       1.86351368 
     -0.03118036       1.89000595 
    -0.031092528       1.91700124 
    -0.031004696       1.94417501 
    -0.030916864       1.97169657 
    -0.030829032       1.99973867 
      -0.0307412       2.02796541 
    -0.030653368       2.05655483 
    -0.030565536       2.08550694 
    -0.030477704       2.11500368 
    -0.030389872       2.14470052 
     -0.03030204       2.17477536 
    -0.030214208       2.20541165 
    -0.030126376       2.23625636 
    -0.030038544       2.26749482 
    -0.029950712       2.29912704 
     -0.02986288       2.33134802 
    -0.029775048       2.36379191 
    -0.029687216       2.39664569 
    -0.029599384       2.43010403 
    -0.029511552       2.46379602 
     -0.02942372       2.49791444 
    -0.029335888       2.53265567 
    -0.029248056       2.56763932 
    -0.029160224       2.60306632 
    -0.029072392       2.63893666 
     -0.02898456       2.67545663 
    -0.028896728       2.71223695 
    -0.028808896       2.74947788 
    -0.028721064       2.78738526 
    -0.028633232       2.82556442 
      -0.0285454       2.86422179 
    -0.028457568       2.90335737 
    -0.028369736       2.94318913 
    -0.028281904       2.98330949 
    -0.028194072       3.02392596 
     -0.02810624       3.06525358 
    -0.028018408       3.10688411 
    -0.027930576       3.14902891 
    -0.027842744       3.19190215 
    -0.027754912       3.23509061 
     -0.02766708       3.27881172 
    -0.027579248       3.32306549 
    -0.027491416       3.36807548 
    -0.027403584       3.41342132 
    -0.027315752       3.45931838 
     -0.02722792       3.50598644 
    -0.027140088       3.55300579 
    -0.027052256       3.60059504 
    -0.026964424       3.64897214 
    -0.026876592         3.697714 
     -0.02678876       3.74704452 
    -0.026700928       3.79696369 
    -0.026613096       3.84769521 
    -0.026525264       3.89881614 
    -0.026437432       3.95054446 
      -0.0263496       4.00309864 
    -0.026261768       4.05605904 
    -0.026173936        4.1096455 
    -0.026086104         4.163858 
    -0.025998272       4.21892167 
     -0.02591044       4.27441495 
    -0.025822608       4.33055275 
    -0.025734776       4.38755123 
    -0.025646944       4.44499955 
    -0.025559112        4.5031106 
     -0.02547128       4.56209307 
    -0.025383448       4.62154399 
    -0.025295616        4.6816755 
    -0.025207784        4.7424876 
    -0.025119952       4.80419027 
     -0.02503212       4.86638846 
    -0.024944288        4.9292846 
    -0.024856456       4.99307693 
    -0.024768624       5.05738686 
    -0.024680792       5.12241149 
     -0.02459296       5.18815083 
    -0.024505128        5.2548036 
    -0.024417296       5.32199962 
    -0.024329464       5.38992635 
    -0.024241632       5.45876626 
      -0.0241538       5.52817475 
    -0.024065968       5.59832906 
    -0.023978136       5.66939615 
    -0.023890304       5.74105611 
    -0.023802472       5.81347597 
     -0.02371464       5.88665573 
    -0.023626808       5.96075544 
    -0.023538976       6.03547627 
    -0.023451144       6.11096986 
    -0.023363312       6.18737588 
     -0.02327548       6.26443025 
    -0.023187648       6.34226885 
    -0.023099816       6.42089168 
    -0.023011984        6.5004282 
    -0.022924152       6.58063964 
     -0.02283632       6.66164523 
    -0.022748488       6.74354927 
    -0.022660656       6.82615767 
    -0.022572824       6.90956836 
    -0.022484992       6.99386022 
     -0.02239716       7.07888562 
    -0.022309328       7.16471952 
    -0.022221496       7.25136192 
    -0.022133664       7.33887222 
    -0.022045832       7.42714279 
       -0.021958       7.51622589 
    -0.021870168        7.6061509 
    -0.021782336       7.69686658 
    -0.021694504       7.78839647 
    -0.021606672       7.88073855 
     -0.02151884       7.97390239 
    -0.021431008       8.06787955 
    -0.021343176       8.16267002 
    -0.021255344       8.25824344 
    -0.021167512       8.35466236 
     -0.02107968       8.45189091 
    -0.020991848        8.5498634 
    -0.020904016       8.64871219 
    -0.020816184       8.74836396 
    -0.020728352       8.84881872 
     -0.02064052       8.94997515 
    -0.020552688       9.05202834 
    -0.020464856       9.15487468 
    -0.020377024       9.25837488 
    -0.020289192        9.3628004 
     -0.02020136       9.46800588 
    -0.020113528       9.57381145 
    -0.020025696       9.68057258 
    -0.019937864       9.78809693 
    -0.019850032       9.89638449 
      -0.0197622       10.0052123 
    -0.019674368       10.1150071 
    -0.019586536       10.2255448 
    -0.019498704       10.3365609 
    -0.019410872       10.4485696 
     -0.01932304       10.5612968 
    -0.019235208       10.6747425 
    -0.019147376       10.7885903 
    -0.019059544       10.9034377 
    -0.018971712       11.0189755 
     -0.01888388       11.1348475 
    -0.018796048        11.251737 
    -0.018708216       11.3692847 
    -0.018620384       11.4870914 
    -0.018532552       11.6059358 
     -0.01844472       11.7254022 
    -0.018356888       11.8454905 
    -0.018269056       11.9657466 
    -0.018181224       12.0870313 
    -0.018093392       12.2088976 
     -0.01800556       12.3308534 
    -0.017917728        12.453847 
    -0.017829896       12.5773779 
    -0.017742064       12.7009116 
    -0.017654232       12.8254958 
      -0.0175664        12.950569 
    -0.017478568       13.0761311 
    -0.017390736       13.2015965 
    -0.017302904       13.3280809 
    -0.017215072       13.4550021 
     -0.01712724       13.5817409 
    -0.017039408       13.7094971 
    -0.016951576       13.8376342 
    -0.016863744       13.9661523 
    -0.016775912       14.0943752 
     -0.01668808       14.2235772 
    -0.016600248       14.3531011 
    -0.016512416       14.4822489 
    -0.016424584       14.6123574 
    -0.016336752       14.7427254 
     -0.01624892       14.8726293 
    -0.016161088       15.0034791 
    -0.016073256        15.134523 
    -0.015985424       15.2657612 
    -0.015897592       15.3964265 
     -0.01580976       15.5279724 
    -0.015721928       15.6596448 
    -0.015634096       15.7906665 
    -0.015546264       15.9225351 
    -0.015458432       16.0544604 
      -0.0153706       16.1864426 
    -0.015282768       16.3176585 
    -0.015194936       16.4496516 
    -0.015107104       16.5816301 
    -0.015019272       16.7127788 
     -0.01493144       16.8446513 
    -0.014843608       16.9764368 
    -0.014755776       17.1073235 
    -0.014667944        17.238885 
    -0.014580112       17.3702864 
     -0.01449228       17.5015278 
    -0.014404448       17.6317742 
    -0.014316616       17.7625999 
    -0.014228784       17.8931924 
    -0.014140952       18.0227396 
     -0.01405312       18.1527982 
    -0.013965288       18.2825511 
    -0.013877456       18.4112046 
    -0.013789624       18.5403062 
    -0.013701792       18.6690305 
     -0.01361396       18.7973775 
    -0.013526128       18.9245559 
    -0.013438296       19.0520659 
    -0.013350464       19.1791286 
    -0.013262632       19.3049902 
      -0.0131748        19.431104 
    -0.013086968       19.5567028 
    -0.012999136       19.6817866 
    -0.012911304       19.8056069 
    -0.012823472       19.9295678 
     -0.01273564       20.0529486 
    -0.012647808       20.1750558 
    -0.012559976       20.2972112 
    -0.012472144       20.4187247 
    -0.012384312        20.538954 
     -0.01229648        20.659144 
    -0.012208648       20.7786339 
    -0.012120816       20.8974238 
    -0.012032984       21.0149052 
    -0.011945152        21.132224 
     -0.01185732       21.2487889 
    -0.011769488        21.364069 
    -0.011681656        21.479079 
    -0.011593824       21.5932861 
    -0.011505992       21.7066904 
     -0.01141816       21.8188328 
    -0.011330328       21.9305615 
    -0.011242496       22.0414446 
    -0.011154664       22.1511966 
    -0.011066832       22.2603418 
       -0.010979       22.3686082 
    -0.010891168       22.4760142 
    -0.010803336       22.5824929 
    -0.010715504       22.6880788 
    -0.010627672       22.7927717 
     -0.01053984       22.8971684 
    -0.010452008       23.0000726 
    -0.010364176       23.1021204 
    -0.010276344       23.2041516 
    -0.010188512       23.3045181 
     -0.01010068        23.404059 
    -0.010012848       23.5058718 
    -0.009925016        23.604044 
    -0.009837184       23.7004806 
    -0.009749352       23.7951815 
     -0.00966152       23.8799279 
    -0.009573688       23.9720455 
    -0.009485856        24.062923 
    -0.009398024       24.1525605 
    -0.009310192       24.2409581 
     -0.00922236       24.3281157 
    -0.009134528       24.4140333 
    -0.009046696       24.4913758 
    -0.008958864       24.5755452 
    -0.008871032       24.6588252 
      -0.0087832       24.7412156 
    -0.008695368       24.8227166 
    -0.008607536       24.9033281 
    -0.008519704       24.9830501 
    -0.008431872       25.0650525 
     -0.00834404        25.142693 
    -0.008256208       25.2193884 
    -0.008168376       25.2951388 
    -0.008080544       25.3699441 
    -0.007992712       25.4438043 
     -0.00790488       25.5244343 
    -0.007817048       25.5962742 
    -0.007729216       25.6672084 
    -0.007641384       25.7372367 
    -0.007553552       25.8063593 
     -0.00746572       25.8745762 
    -0.007377888       25.9418872 
    -0.007290056       26.0152533 
    -0.007202224       26.0812947 
    -0.007114392       26.1459259 
     -0.00702656       26.2091469 
    -0.006938728       26.2709578 
    -0.006850896       26.3313584 
    -0.006763064       26.3903488 
    -0.006675232       26.4407595 
      -0.0065874       26.4975114 
    -0.006499568       26.5531349 
    -0.006411736       26.6076302 
    -0.006323904        26.660997 
    -0.006236072       26.7132356 
     -0.00614824       26.7643458 
    -0.006060408       26.8143276 
    -0.005972576       26.8631811 
    -0.005884744       26.9109063 
    -0.005796912       26.9575031 
     -0.00570908       27.0029716 
    -0.005621248       27.0473117 
    -0.005533416       27.0651502 
    -0.005445584       27.1084616 
    -0.005357752       27.1510348 
     -0.00526992       27.1928697 
    -0.005182088       27.2339664 
    -0.005094256       27.2743248 
    -0.005006424        27.313945 
    -0.004918592       27.3528269 
     -0.00483076       27.3909705 
    -0.004742928       27.4283759 
    -0.004655096       27.4650431 
    -0.004567264       27.5009719 
    -0.004479432       27.5361626 
      -0.0043916       27.5767437 
    -0.004303768       27.6102802 
    -0.004215936       27.6430509 
    -0.004128104       27.6750559 
    -0.004040272       27.7062952 
     -0.00395244       27.7367688 
    -0.003864608       27.7664767 
    -0.003776776       27.7954188 
    -0.003688944       27.8235952 
    -0.003601112       27.8510059 
     -0.00351328       27.8776509 
    -0.003425448       27.9035302 
    -0.003337616       27.9343969 
    -0.003249784       27.9587339 
    -0.003161952       27.9823658 
     -0.00307412       28.0052927 
    -0.002986288       28.0275146 
    -0.002898456       28.0490314 
    -0.002810624       28.0698431 
    -0.002722792       28.0899498 
     -0.00263496       28.1093514 
    -0.002547128       28.1280479 
    -0.002459296       28.1460394 
    -0.002371464       28.1633259 
    -0.002283632       28.1799073 
      -0.0021958       28.1975935 
    -0.002107968       28.2127849 
    -0.002020136       28.2273562 
    -0.001932304       28.2413074 
    -0.001844472       28.2546386 
     -0.00175664       28.2673497 
    -0.001668808       28.2794408 
    -0.001580976       28.2909118 
    -0.001493144       28.3017628 
    -0.001405312       28.3119937 
     -0.00131748       28.3216046 
    -0.001229648       28.3305954 
    -0.001141816       28.3389661 
    -0.001053984       28.3506585 
    -0.000966152       28.3578368 
     -0.00087832       28.3643909 
    -0.000790488       28.3703209 
    -0.000702656       28.3756266 
    -0.000614824       28.3803081 
    -0.000526992       28.3843654 
     -0.00043916       28.3877986 
    -0.000351328       28.3906075 
    -0.000263496       28.3927922 
    -0.000175664       28.3943527 
     -8.7832e-05        28.395289 
               0       28.3976194 
      8.7832e-05       28.3973072 
     0.000175664       28.3963705 
     0.000263496       28.3948093 
     0.000351328       28.3926236 
      0.00043916       28.3898135 
     0.000526992       28.3863789 
     0.000614824       28.3823199 
     0.000702656       28.3776363 
     0.000790488       28.3723283 
      0.00087832       28.3663958 
     0.000966152       28.3598389 
     0.001053984       28.3526575 
     0.001141816       28.3409591 
     0.001229648       28.3325847 
      0.00131748         28.32359 
     0.001405312        28.313975 
     0.001493144       28.3037396 
     0.001580976       28.2928839 
     0.001668808       28.2814079 
      0.00175664       28.2693116 
     0.001844472        28.256595 
     0.001932304        28.243258 
     0.002020136       28.2293007 
     0.002107968       28.2147231 
       0.0021958       28.1995251 
     0.002283632       28.1818327 
     0.002371464        28.165244 
     0.002459296         28.14795 
     0.002547128       28.1299505 
      0.00263496       28.1112456 
     0.002722792       28.0918354 
     0.002810624       28.0717197 
     0.002898456       28.0508986 
     0.002986288       28.0293722 
      0.00307412       28.0071403 
     0.003161952        27.984203 
     0.003249784       27.9605604 
     0.003337616       27.9362123 
     0.003425448       27.9053315 
      0.00351328       27.8794404 
     0.003601112       27.8527831 
     0.003688944       27.8253598 
     0.003776776       27.7971703 
     0.003864608       27.7682147 
      0.00395244        27.738493 
     0.004040272       27.7080052 
     0.004128104       27.6767512 
     0.004215936       27.6447311 
     0.004303768       27.6119449 
       0.0043916       27.5783926 
     0.004479432       27.5377928 
     0.004567264       27.5025854 
     0.004655096       27.4666393 
     0.004742928       27.4299546 
      0.00483076       27.3925312 
     0.004918592       27.3543692 
     0.005006424       27.3154685 
     0.005094256       27.2758291 
     0.005182088        27.235451 
      0.00526992       27.1943343 
     0.005357752       27.1524789 
     0.005445584       27.1098848 
     0.005533416       27.0665521 
     0.005621248       27.0487058 
      0.00570908       27.0043438 
     0.005796912       26.9588528 
     0.005884744       26.9122328 
     0.005972576       26.8644839 
     0.006060408        26.815606 
      0.00614824       26.7655991 
     0.006236072       26.7144632 
     0.006323904       26.6621984 
     0.006411736       26.6088046 
     0.006499568       26.5542818 
       0.0065874         26.49863 
     0.006675232       26.4418493 
     0.006763064       26.3914133 
     0.006850896       26.3323927 
     0.006938728       26.2719611 
      0.00702656       26.2101186 
     0.007114392        26.146865 
     0.007202224       26.0822005 
     0.007290056       26.0161249 
     0.007377888       25.9427207 
      0.00746572       25.8753748 
     0.007553552       25.8071225 
     0.007641384        25.737964 
     0.007729216       25.6678991 
     0.007817048        25.596928 
      0.00790488       25.5250505 
     0.007992712       25.4443746 
     0.008080544       25.3704756 
     0.008168376        25.295631 
     0.008256208       25.2198407 
      0.00834404       25.1431047 
     0.008431872        25.065423 
     0.008519704       24.9833212 
     0.008607536       24.9035564 
     0.008695368       24.8229016 
       0.0087832       24.7413567 
     0.008871032       24.6589217 
     0.008958864       24.5755966 
     0.009046696       24.4913814 
     0.009134528       24.4141983 
      0.00922236        24.328242 
     0.009310192       24.2410377 
     0.009398024       24.1525855 
     0.009485856       24.0628852 
     0.009573688        23.971937 
      0.00966152       23.8797408 
     0.009749352       23.7946342 
     0.009837184       23.6999218 
     0.009925016        23.603494 
     0.010012848       23.5053506 
      0.01010068       23.4034813 
     0.010188512       23.3038963 
     0.010276344        23.203482 
     0.010364176       23.1014223 
     0.010452008       22.9993234 
      0.01053984       22.8963637 
     0.010627672       22.7925433 
     0.010715504       22.6872071 
     0.010803336       22.5815696 
     0.010891168        22.475039 
        0.010979       22.3676195 
     0.011066832          22.2593 
     0.011154664       22.1501042 
     0.011242496       22.0403342 
     0.011330328       21.9293938 
      0.01141816       21.8176128 
     0.011505992       21.7049911 
     0.011593824       21.5919877 
     0.011681656       21.4777244 
     0.011769488       21.3626654 
      0.01185732       21.2473581 
     0.011945152       21.1307314 
     0.012032984         21.01336 
     0.012120816       20.8952441 
     0.012208648       20.7770025 
      0.01229648       20.6574546 
     0.012384312       20.5372182 
     0.012472144       20.4169553 
     0.012559976       20.2953763 
     0.012647808       20.1731691 
      0.01273564       20.0503338 
     0.012823472       19.9275866 
     0.012911304       19.8035665 
     0.012999136       19.6789824 
     0.013086968       19.5545746 
       0.0131748       19.4289066 
     0.013262632       19.3027418 
     0.013350464       19.1760804 
     0.013438296       19.0497074 
     0.013526128       18.9221362 
      0.01361396       18.7941381 
     0.013701792       18.6665052 
     0.013789624       18.5377064 
     0.013877456       18.4085526 
     0.013965288       18.2790437 
      0.01405312       18.1500066 
     0.014140952       18.0198812 
     0.014228784       17.8894739 
     0.014316616       17.7595997 
     0.014404448        17.628689 
      0.01449228       17.4975703 
     0.014580112       17.3662435 
     0.014667944       17.2355424 
     0.014755776          17.1039 
     0.014843608       16.9721235 
      0.01493144         16.84099 
     0.015019272        16.709012 
     0.015107104       16.5769735 
     0.015194936       16.4448747 
     0.015282768       16.3133732 
       0.0153706       16.1812623 
     0.015458432       16.0491651 
     0.015546264       15.9171538 
     0.015634096       15.7851657 
     0.015721928        15.653273 
      0.01580976       15.5214759 
     0.015897592       15.3877882 
     0.015985424       15.2563266 
     0.016073256       15.1251334 
     0.016161088       14.9883684 
      0.01624892       14.8575723 
     0.016336752       14.7271827 
     0.016424584       14.5996531 
     0.016512416       14.4698311 
     0.016600248       14.3402259 
      0.01668808       14.2108377 
     0.016775912       14.0804735 
     0.016863744       13.9510782 
     0.016951576       13.8221399 
     0.017039408       13.6936587 
      0.01712724       13.5656346 
     0.017215072       13.4380675 
     0.017302904       13.3109574 
     0.017390736       13.1911075 
     0.017478568       13.0650697 
       0.0175664       12.9395059 
     0.017654232       12.8144162 
     0.017742064       12.6898006 
     0.017829896        12.565659 
     0.017917728       12.4419916 
      0.01800556       12.3203021 
     0.018093392       12.1977099 
     0.018181224       12.0757336 
     0.018269056       11.9543735 
     0.018356888       11.8336293 
      0.01844472       11.7135013 
     0.018532552       11.5795498 
     0.018620384       11.4604843 
     0.018708216       11.3422529 
     0.018796048       11.2248556 
      0.01888388       11.1082924 
     0.018971712       10.9925633 
     0.019059544       10.8776683 
     0.019147376       10.7685507 
     0.019235208       10.6552002 
      0.01932304       10.5425607 
     0.019410872       10.4306324 
     0.019498704       10.3194151 
     0.019586536       10.2089089 
     0.019674368       10.0991138 
       0.0197622        9.9884942 
     0.019850032       9.87967738 
     0.019937864       9.77163579 
     0.020025696       9.66436943 
     0.020113528       9.55787829 
      0.02020136       9.45216237 
     0.020289192       9.34722168 
     0.020377024       9.24305621 
     0.020464856       9.13966597 
     0.020552688       9.03705096 
      0.02064052       8.93521116 
     0.020728352        8.8341466 
     0.020816184       8.73385726 
     0.020904016       8.64369662 
     0.020991848       8.54511108 
      0.02107968       8.44731164 
     0.021167512        8.3502983 
     0.021255344       8.25407105 
     0.021343176        8.1586299 
     0.021431008       8.06397484 
      0.02151884       7.97010589 
     0.021606672       7.87702303 
     0.021694504       7.78472627 
     0.021782336       7.69321561 
     0.021870168       7.60249104 
        0.021958       7.51255257 
     0.022045832       7.43104706 
     0.022133664       7.34277909 
     0.022221496       7.25530892 
     0.022309328       7.16863655 
      0.02239716       7.08276198 
     0.022484992        6.9976852 
     0.022572824       6.91340623 
     0.022660656       6.82992505 
     0.022748488       6.74724167 
      0.02283632       6.66535608 
     0.022924152        6.5842683 
     0.023011984       6.50397831 
     0.023099816       6.42448612 
     0.023187648       6.34772635 
      0.02327548       6.26982363 
     0.023363312       6.19268218 
     0.023451144       6.11630201 
     0.023538976       6.04068311 
     0.023626808       5.96582549 
      0.02371464       5.89172914 
     0.023802472       5.81839406 
     0.023890304       5.74582026 
     0.023978136       5.67400773 
     0.024065968       5.60295648 
       0.0241538        5.5326665 
     0.024241632        5.4631378 
     0.024329464       5.39437037 
     0.024417296       5.32725305 
     0.024505128       5.25993056 
      0.02459296       5.19331223 
     0.024680792       5.12739805 
     0.024768624       5.06218802 
     0.024856456       4.99768215 
     0.024944288       4.93388043 
      0.02503212       4.87078286 
     0.025119952       4.80838944 
     0.025207784       4.74670018 
     0.025295616       4.68571507 
     0.025383448       4.62543412 
      0.02547128       4.56585732 
     0.025559112       4.50776432 
     0.025646944       4.44950739 
     0.025734776       4.39188708 
     0.025822608       4.33490339 
      0.02591044       4.27855632 
     0.025998272       4.22284586 
     0.026086104       4.16777202 
     0.026173936        4.1133348 
     0.026261768       4.05953419 
       0.0263496       4.00637021 
     0.026437432       3.95384284 
     0.026525264       3.90195208 
     0.026613096       3.85069795 
     0.026700928       3.80084401 
      0.02678876       3.75077538 
     0.026876592       3.70127189 
     0.026964424       3.65233352 
     0.027052256       3.60396029 
     0.027140088       3.55615219 
      0.02722792       3.50890922 
     0.027315752       3.46223138 
     0.027403584       3.41611868 
     0.027491416        3.3705711 
     0.027579248       3.32558866 
      0.02766708       3.28117135 
     0.027754912       3.23731917 
     0.027842744       3.19475997 
     0.027930576       3.15195787 
     0.028018408        3.1096501 
      0.02810624       3.06783666 
     0.028194072       3.02651756 
     0.028281904       2.98569279 
     0.028369736       2.94536235 
     0.028457568       2.90552624 
       0.0285454       2.86618446 
     0.028633232       2.82733702 
     0.028721064       2.78898391 
     0.028808896       2.75112514 
     0.028896728       2.71376069 
      0.02898456       2.67756313 
     0.029072392       2.64111814 
     0.029160224       2.60510037 
     0.029248056       2.56950981 
     0.029335888       2.53434648 
      0.02942372       2.49961036 
     0.029511552       2.46530146 
     0.029599384       2.43141977 
     0.029687216       2.39796531 
     0.029775048       2.36493806 
      0.02986288       2.33233803 
     0.029950712       2.30016521 
     0.030038544       2.26841962 
     0.030126376       2.23770835 
     0.030214208       2.20676004 
      0.03030204       2.17617721 
     0.030389872       2.14595987 
     0.030477704         2.116108 
     0.030565536       2.08662161 
     0.030653368        2.0575007 
       0.0307412       2.02874527 
     0.030829032       2.00035532 
     0.030916864       1.97233085 
     0.031004696       1.94467186 
     0.031092528       1.91737834 
      0.03118036       1.89045031 
     0.031268192       1.86442667 
     0.031356024       1.83818416 
     0.031443856       1.81225152 
     0.031531688       1.78662874 
      0.03161952       1.76131584 
     0.031707352       1.73631279 
     0.031795184       1.71161962 
     0.031883016       1.68723632 
     0.031970848       1.66316288 
      0.03205868       1.63939931 
     0.032146512       1.61594561 
     0.032234344       1.59280177 
     0.032322176        1.5699678 
     0.032410008       1.54791651 
      0.03249784       1.52566741 
     0.032585672       1.50367881 
     0.032673504        1.4819507 
     0.032761336       1.46048309 
     0.032849168       1.43927597 
        0.032937       1.41832934 
     0.033024832       1.39764321 
     0.033112664       1.37721758 
     0.033200496       1.35705244 
     0.033288328       1.33714779 
      0.03337616       1.31750364 
     0.033463992       1.29811999 
     0.033551824       1.27940849 
     0.033639656       1.26052005 
     0.033727488       1.24184868 
      0.03381532       1.22339438 
     0.033903152       1.20515715 
     0.033990984         1.187137 
     0.034078816       1.16933391 
     0.034166648       1.15174789 
      0.03425448       1.13437895 
     0.034342312       1.11722707 
     0.034430144       1.10029227 
     0.034517976       1.08357454 
     0.034605808       1.06707387 
      0.03469364       1.05079028 
     0.034781472       1.03506248 
     0.034869304       1.01915682 
     0.034957136       1.00343021 
     0.035044968      0.987882676 
       0.0351328      0.972514204 
     0.035220632      0.957324798 
     0.035308464      0.942314457 
     0.035396296      0.927483181 
     0.035484128       0.91283097 
      0.03557196      0.898357825 
     0.035659792      0.884063745 
     0.035747624      0.869948731 
     0.035835456      0.856012781 
     0.035923288      0.842552987 
      0.03601112      0.828929862 
     0.036098952      0.815452559 
     0.036186784      0.802121079 
     0.036274616      0.788935421 
     0.036362448      0.775895586 
      0.03645028      0.763001572 
     0.036538112      0.750253381 
     0.036625944      0.737651013 
     0.036713776      0.725194466 
     0.036801608      0.712883742 
      0.03688944      0.700718841 
     0.036977272      0.688699761 
     0.037065104      0.677087606 
     0.037152936      0.665323843 
     0.037240768      0.653676697 
       0.0373286      0.642146167 
     0.037416432      0.630732255 
     0.037504264       0.61943496 
     0.037592096      0.608254283 
     0.037679928      0.597190222 
      0.03776776      0.586242778 
     0.037855592      0.575411952 
     0.037943424      0.564697743 
     0.038031256      0.554100151 
     0.038119088      0.543619176 
      0.03820692      0.533479382 
     0.038294752      0.523202622 
     0.038382584      0.513016495 
     0.038470416      0.502921001 
     0.038558248       0.49291614 
      0.03864608      0.483001913 
     0.038733912      0.473178318 
     0.038821744      0.463445357 
     0.038909576      0.453803029 
     0.038997408      0.444251334 
      0.03908524      0.434790272 
     0.039173072      0.425419843 
     0.039260904      0.416140047 
     0.039348736      0.407132962 
     0.039436568      0.398011354 
       0.0395244      0.388956831 
     0.039612232      0.379969393 
     0.039700064      0.371049042 
     0.039787896      0.362195776 
     0.039875728      0.353409597 
      0.03996356      0.344690503 
     0.040051392      0.336038495 
     0.040139224      0.327453572 
     0.040227056      0.318935736 
     0.040314888      0.310484985 
      0.04040272       0.30210132 
     0.040490552      0.303019056 
     0.040578384      0.295249337 
     0.040666216      0.287479618 
     0.040754048      0.279709898 
      0.04084188      0.271940179 
     0.040929712       0.26417046 
     0.041017544       0.25640074 
     0.041105376      0.248631021 
     0.041193208      0.240861301 
      0.04128104      0.233091582 
     0.041368872      0.225321863 
     0.041456704      0.217552143 
     0.041544536      0.209782424 
     0.041632368      0.195841425 
       0.0417202      0.188309063 
     0.041808032        0.1807767 
     0.041895864      0.173244338 
     0.041983696      0.165711975 
     0.042071528      0.158179613 
      0.04215936       0.15064725 
     0.042247192      0.143114888 
     0.042335024      0.135582525 
     0.042422856      0.128050163 
     0.042510688        0.1205178 
      0.04259852      0.112985438 
     0.042686352      0.105453075 
     0.042774184      0.095379941 
     0.042862016     0.0880430224 
     0.042949848     0.0807061039 
      0.04303768     0.0733691854 
     0.043125512     0.0660322668 
     0.043213344     0.0586953483 
     0.043301176     0.0513584297 
     0.043389008     0.0440215112 
      0.04347684     0.0366845927 
     0.043564672     0.0293476741 
     0.043652504     0.0220107556 
     0.043740336     0.0146738371 
     0.043828168    0.00733691854 
        0.043916   1.85481735e-14 
