      -0.0467865   1.68354221e-14 
    -0.046692927    0.00591225411 
    -0.046599354     0.0118245082 
    -0.046505781     0.0177367623 
    -0.046412208     0.0236490165 
    -0.046318635     0.0295612706 
    -0.046225062     0.0354735247 
    -0.046131489     0.0413857788 
    -0.046037916     0.0472980329 
    -0.045944343      0.053210287 
     -0.04585077     0.0591225411 
    -0.045757197     0.0650347953 
    -0.045663624     0.0709470494 
    -0.045570051     0.0789192479 
    -0.045476478     0.0849899593 
    -0.045382905     0.0910606707 
    -0.045289332      0.097131382 
    -0.045195759      0.103202093 
    -0.045102186      0.109272805 
    -0.045008613      0.115343516 
     -0.04491504      0.121414228 
    -0.044821467      0.127484939 
    -0.044727894       0.13355565 
    -0.044634321      0.139626362 
    -0.044540748      0.145697073 
    -0.044447175      0.156584623 
    -0.044353602      0.162848008 
    -0.044260029      0.169111393 
    -0.044166456      0.175374778 
    -0.044072883      0.181638162 
     -0.04397931      0.187901547 
    -0.043885737      0.194164932 
    -0.043792164      0.200428317 
    -0.043698591      0.206691702 
    -0.043605018      0.212955087 
    -0.043511445      0.219218472 
    -0.043417872      0.225481857 
    -0.043324299      0.231745242 
    -0.043230726      0.231555906 
    -0.043137153      0.238341374 
     -0.04304358      0.245184806 
    -0.042950007      0.252086203 
    -0.042856434      0.259045565 
    -0.042762861       0.26606289 
    -0.042669288      0.273138181 
    -0.042575715      0.280271436 
    -0.042482142      0.287462656 
    -0.042388569       0.29471184 
    -0.042294996      0.302018989 
    -0.042201423      0.309384102 
     -0.04210785      0.316668754 
    -0.042014277      0.324173138 
    -0.041920704       0.33175591 
    -0.041827131      0.339417072 
    -0.041733558      0.347156623 
    -0.041639985      0.354974563 
    -0.041546412      0.362870892 
    -0.041452839       0.37084561 
    -0.041359266      0.378898717 
    -0.041265693      0.387030214 
     -0.04117212        0.3952401 
    -0.041078547      0.403528375 
    -0.040984974      0.411718772 
    -0.040891401      0.420181631 
    -0.040797828      0.428745489 
    -0.040704255      0.437410345 
    -0.040610682      0.446176199 
    -0.040517109      0.455043053 
    -0.040423536      0.464010905 
    -0.040329963      0.473079755 
     -0.04023639      0.482249604 
    -0.040142817      0.491520452 
    -0.040049244      0.500892298 
    -0.039955671      0.510365143 
    -0.039862098      0.519938986 
    -0.039768525      0.529416827 
    -0.039674952      0.539229449 
    -0.039581379      0.549168586 
    -0.039487806      0.559234237 
    -0.039394233      0.569426404 
     -0.03930066      0.579745086 
    -0.039207087      0.590190282 
    -0.039113514      0.600761994 
    -0.039019941       0.61146022 
    -0.038926368      0.622284961 
    -0.038832795      0.633236218 
    -0.038739222      0.644313989 
    -0.038645649      0.655283209 
    -0.038552076      0.666646209 
    -0.038458503      0.678164916 
     -0.03836493       0.68983933 
    -0.038271357      0.701669451 
    -0.038177784      0.713655279 
    -0.038084211      0.725796814 
    -0.037990638      0.738094057 
    -0.037897065      0.750547006 
    -0.037803492      0.763155663 
    -0.037709919      0.775920027 
    -0.037616346      0.788840098 
    -0.037522773      0.801638495 
      -0.0374292      0.814895738 
    -0.037335627      0.828342276 
    -0.037242054      0.841978108 
    -0.037148481      0.855803234 
    -0.037054908      0.869817656 
    -0.036961335      0.884021372 
    -0.036867762      0.898414382 
    -0.036774189      0.912996688 
    -0.036680616      0.927768288 
    -0.036587043      0.942729182 
     -0.03649347      0.957879371 
    -0.036399897      0.973218855 
    -0.036306324      0.988441062 
    -0.036212751       1.00421455 
    -0.036119178       1.02021602 
    -0.036025605       1.03644547 
    -0.035932032        1.0529029 
    -0.035838459       1.06958831 
    -0.035744886       1.08650171 
    -0.035651313       1.10364308 
     -0.03555774       1.12101244 
    -0.035464167       1.13860978 
    -0.035370594       1.15643509 
    -0.035277021       1.17448839 
    -0.035183448       1.19240265 
    -0.035089875       1.21096077 
    -0.034996302        1.2297913 
    -0.034902729       1.24889425 
    -0.034809156       1.26826963 
    -0.034715583       1.28791742 
     -0.03462201       1.30783763 
    -0.034528437       1.32803026 
    -0.034434864       1.34849531 
    -0.034341291       1.36923279 
    -0.034247718       1.39024268 
    -0.034154145       1.41152499 
    -0.034060572       1.43264845 
    -0.033966999       1.45451454 
    -0.033873426       1.47670376 
    -0.033779853       1.49921612 
     -0.03368628       1.52205161 
    -0.033592707       1.54521025 
    -0.033499134       1.56869202 
    -0.033405561       1.59249693 
    -0.033311988       1.61662498 
    -0.033218415       1.64107616 
    -0.033124842       1.66585048 
    -0.033031269       1.69094795 
    -0.032937696       1.71636854 
    -0.032844123       1.74164104 
     -0.03275055       1.76779026 
    -0.032656977       1.79431991 
    -0.032563404       1.82122998 
    -0.032469831       1.84852046 
    -0.032376258       1.87619137 
    -0.032282685       1.90424271 
    -0.032189112       1.93267446 
    -0.032095539       1.96148663 
    -0.032001966       1.99067922 
    -0.031908393       2.02025224 
     -0.03181482       2.05020568 
    -0.031721247       2.07998883 
    -0.031627674        2.1107738 
    -0.031534101       2.14200291 
    -0.031440528       2.17367616 
    -0.031346955       2.20579355 
    -0.031253382       2.23835507 
    -0.031159809       2.27136073 
    -0.031066236       2.30481053 
    -0.030972663       2.33870446 
     -0.03087909       2.37304253 
    -0.030785517       2.40782473 
    -0.030691944       2.44305108 
    -0.030598371       2.47809736 
    -0.030504798       2.51426636 
    -0.030411225       2.55094885 
    -0.030317652       2.58814483 
    -0.030224079        2.6258543 
    -0.030130506       2.66407725 
    -0.030036933       2.70281369 
     -0.02994336       2.74206361 
    -0.029849787       2.78182703 
    -0.029756214       2.82210393 
    -0.029662641       2.86289432 
    -0.029569068       2.90419819 
    -0.029475495       2.94601555 
    -0.029381922       2.98769766 
    -0.029288349       3.03064909 
    -0.029194776       3.07418721 
    -0.029101203       3.11831202 
     -0.02900763       3.16302351 
    -0.028914057        3.2083217 
    -0.028820484       3.25420657 
    -0.028726911       3.30067814 
    -0.028633338       3.34773639 
    -0.028539765       3.39538134 
    -0.028446192       3.44361297 
    -0.028352619       3.49243129 
    -0.028259046       3.54113178 
    -0.028165473       3.59120834 
      -0.0280719       3.64194549 
    -0.027978327       3.69334323 
    -0.027884754       3.74540157 
    -0.027791181       3.79812051 
    -0.027697608       3.85150004 
    -0.027604035       3.90554017 
    -0.027510462        3.9602409 
    -0.027416889       4.01560222 
    -0.027323316       4.07162414 
    -0.027229743       4.12830666 
     -0.02713617       4.18491663 
    -0.027042597       4.24297927 
    -0.026949024       4.30177226 
    -0.026855451       4.36129558 
    -0.026761878       4.42154924 
    -0.026668305       4.48253325 
    -0.026574732       4.54424759 
    -0.026481159       4.60669227 
    -0.026387586        4.6698673 
    -0.026294013       4.73377266 
     -0.02620044       4.79840836 
    -0.026106867       4.86377441 
    -0.026013294       4.92987079 
    -0.025919721       4.99589661 
    -0.025826148        5.0635462 
    -0.025732575       5.13198493 
    -0.025639002       5.20121278 
    -0.025545429       5.27122978 
    -0.025451856        5.3420359 
    -0.025358283       5.41363116 
     -0.02526471       5.48601556 
    -0.025171137       5.55918909 
    -0.025077564       5.63315175 
    -0.024983991       5.70790355 
    -0.024890418       5.78344448 
    -0.024796845       5.85802144 
    -0.024703272       5.93519769 
    -0.024609699       6.01320023 
    -0.024516126       6.09202908 
    -0.024422553       6.17168422 
     -0.02432898       6.25216565 
    -0.024235407       6.33347339 
    -0.024141834       6.41560741 
    -0.024048261       6.49856774 
    -0.023954688       6.58235436 
    -0.023861115       6.66696727 
    -0.023767542       6.75240648 
    -0.023673969       6.83172497 
    -0.023580396       6.91889394 
    -0.023486823       7.00687595 
     -0.02339325       7.09567101 
    -0.023299677        7.1852791 
    -0.023206104       7.27570022 
    -0.023112531       7.36693439 
    -0.023018958        7.4589816 
    -0.022925385       7.55184185 
    -0.022831812       7.64551514 
    -0.022738239       7.74000146 
    -0.022644666       7.83530083 
    -0.022551093       7.93141323 
     -0.02245752       8.01995158 
    -0.022363947       8.11781233 
    -0.022270374       8.21647404 
    -0.022176801       8.31593668 
    -0.022083228       8.41620027 
    -0.021989655       8.51726481 
    -0.021896082       8.61913028 
    -0.021802509        8.7217967 
    -0.021708936       8.82526407 
    -0.021615363       8.92953237 
     -0.02152179       9.03460163 
    -0.021428217       9.14047182 
    -0.021334644       9.24799156 
    -0.021241071       9.35489336 
    -0.021147498       9.46252886 
    -0.021053925       9.57089808 
    -0.020960352       9.68000102 
    -0.020866779       9.78983767 
    -0.020773206       9.89589464 
    -0.020679633        10.007254 
     -0.02058606       10.1194721 
    -0.020492487       10.2325489 
    -0.020398914       10.3464843 
    -0.020305341       10.4612785 
    -0.020211768       10.5769313 
    -0.020118195       10.7063295 
    -0.020024622       10.8231118 
    -0.019931049       10.9405256 
    -0.019837476       11.0585708 
    -0.019743903       11.1772475 
     -0.01965033       11.2965557 
    -0.019556757       11.4150995 
    -0.019463184       11.5354648 
    -0.019369611       11.6563134 
    -0.019276038       11.7776452 
    -0.019182465       11.8994603 
    -0.019088892       12.0217586 
    -0.018995319       12.1445402 
    -0.018901746       12.2618014 
    -0.018808173       12.3856546 
      -0.0187146       12.5099723 
    -0.018621027       12.6347543 
    -0.018527454       12.7600007 
    -0.018433881       12.8857116 
    -0.018340308       13.0122278 
    -0.018246735       13.1379137 
    -0.018153162       13.2638127 
    -0.018059589       13.3876127 
    -0.017966016         13.51396 
    -0.017872443       13.6407164 
     -0.01777887       13.7730677 
    -0.017685297       13.9002924 
    -0.017591724       14.0277827 
    -0.017498151       14.1555385 
    -0.017404578       14.2852018 
    -0.017311005       14.4131497 
    -0.017217432       14.5411834 
    -0.017123859        14.669229 
    -0.017030286       14.7973513 
    -0.016936713       14.9254741 
     -0.01684314       15.0530206 
    -0.016749567       15.1810895 
    -0.016655994       15.3090814 
    -0.016562421       15.4369963 
    -0.016468848       15.5640898 
    -0.016375275       15.6917377 
    -0.016281702       15.8192318 
    -0.016188129       15.9458137 
    -0.016094556       16.0729063 
    -0.016000983       16.1997681 
     -0.01590741       16.3256504 
    -0.015813837        16.451977 
    -0.015720264       16.5779962 
    -0.015626691       16.7029749 
    -0.015533118        16.828326 
    -0.015439545       16.9532941 
    -0.015345972       17.0778791 
    -0.015252399       17.2013339 
    -0.015158826       17.3250458 
    -0.015065253       17.4483007 
     -0.01497168       17.5703949 
    -0.014878107       17.6926506 
    -0.014784534       17.8143779 
    -0.014690961       17.9349262 
    -0.014597388       18.0555325 
    -0.014503815       18.1755424 
    -0.014410242       18.2943839 
    -0.014316669       18.4131564 
    -0.014223096       18.5312698 
    -0.014129523       18.6487239 
     -0.01403595       18.7650593 
    -0.013942377       18.8811128 
    -0.013848804       18.9964534 
    -0.013755231       19.1109131 
    -0.013661658       19.2247719 
    -0.013568085       19.3378838 
    -0.013474512        19.450698 
    -0.013380939       19.5622833 
    -0.013287366       19.6731443 
    -0.013193793       19.7840138 
     -0.01310022       19.8934398 
    -0.013006647       20.0021612 
    -0.012913074       20.1101781 
    -0.012819501       20.2209206 
    -0.012725928        20.326998 
    -0.012632355       20.4313246 
    -0.012538782       20.5258893 
    -0.012445209       20.6277182 
    -0.012351636       20.7282999 
    -0.012258063       20.8276344 
     -0.01216449       20.9257217 
    -0.012070917       21.0225618 
    -0.011977344       21.1096648 
    -0.011883771       21.2045734 
    -0.011790198       21.2986377 
    -0.011696625       21.3918577 
    -0.011603052       21.4842334 
    -0.011509479       21.5757648 
    -0.011415906       21.6664518 
    -0.011322333       21.7599162 
     -0.01122876       21.8485478 
    -0.011135187       21.9362395 
    -0.011041614       22.0229914 
    -0.010948041       22.1088034 
    -0.010854468       22.1936755 
    -0.010760895       22.2857254 
    -0.010667322       22.3685557 
    -0.010573749        22.450481 
    -0.010480176       22.5315013 
    -0.010386603       22.6116165 
     -0.01029303       22.6908267 
    -0.010199457       22.7691319 
    -0.010105884       22.8566308 
    -0.010012311       22.9333361 
    -0.009918738       23.0084056 
    -0.009825165       23.0818394 
    -0.009731592       23.1536375 
    -0.009638019       23.2237998 
    -0.009544446       23.2817748 
    -0.009450873       23.3491784 
      -0.0093573       23.4153354 
    -0.009263727       23.4802459 
    -0.009170154       23.5439097 
    -0.009076581       23.6063269 
    -0.008983008       23.6674975 
    -0.008889435       23.7274215 
    -0.008795862       23.7860989 
    -0.008702289       23.8435297 
    -0.008608716       23.8997139 
    -0.008515143       23.9546515 
     -0.00842157       24.0083425 
    -0.008327997       24.0299864 
    -0.008234424       24.0826118 
    -0.008140851       24.1344593 
    -0.008047278       24.1855286 
    -0.007953705       24.2358199 
    -0.007860132       24.2853331 
    -0.007766559       24.3340682 
    -0.007672986       24.3820253 
    -0.007579413       24.4292043 
     -0.00748584       24.4756053 
    -0.007392267       24.5212281 
    -0.007298694        24.566073 
    -0.007205121       24.6101397 
    -0.007111548       24.6616619 
    -0.007017975       24.7039512 
    -0.006924402       24.7454264 
    -0.006830829       24.7860873 
    -0.006737256       24.8259341 
    -0.006643683       24.8649667 
     -0.00655011       24.9031851 
    -0.006456537       24.9405893 
    -0.006362964       24.9771794 
    -0.006269391       25.0129552 
    -0.006175818       25.0479169 
    -0.006082245       25.0820645 
    -0.005988672       25.1198627 
    -0.005895099       25.1523643 
    -0.005801526       25.1841611 
    -0.005707953        25.215253 
     -0.00561438       25.2456401 
    -0.005520807       25.2753222 
    -0.005427234       25.3042995 
    -0.005333661       25.3325719 
    -0.005240088       25.3601394 
    -0.005146515        25.387002 
    -0.005052942       25.4131598 
    -0.004959369       25.4386127 
    -0.004865796       25.4633607 
    -0.004772223       25.4874913 
     -0.00467865       25.5109387 
    -0.004585077       25.5338028 
    -0.004491504       25.5560836 
    -0.004397931       25.5777809 
    -0.004304358       25.5988949 
    -0.004210785       25.6194255 
    -0.004117212       25.6393727 
    -0.004023639       25.6587366 
    -0.003930066       25.6775171 
    -0.003836493       25.6957142 
     -0.00374292        25.713328 
    -0.003649347       25.7303584 
    -0.003555774       25.7459778 
    -0.003462201       25.7619397 
    -0.003368628       25.7774133 
    -0.003275055       25.7923984 
    -0.003181482       25.8068952 
    -0.003087909       25.8209037 
    -0.002994336       25.8344237 
    -0.002900763       25.8474554 
     -0.00280719       25.8599987 
    -0.002713617       25.8720537 
    -0.002620044       25.8836202 
    -0.002526471       25.8946984 
    -0.002432898       25.9052882 
    -0.002339325       25.9137646 
    -0.002245752       25.9233893 
    -0.002152179       25.9326211 
    -0.002058606       25.9414601 
    -0.001965033       25.9499062 
     -0.00187146       25.9579595 
    -0.001777887       25.9656199 
    -0.001684314       25.9728875 
    -0.001590741       25.9797623 
    -0.001497168       25.9862442 
    -0.001403595       25.9923333 
    -0.001310022       25.9980295 
    -0.001216449       26.0033329 
    -0.001122876       26.0117268 
    -0.001029303       26.0162084 
     -0.00093573       26.0203003 
    -0.000842157       26.0240025 
    -0.000748584        26.027315 
    -0.000655011       26.0302378 
    -0.000561438       26.0327709 
    -0.000467865       26.0349143 
    -0.000374292       26.0366679 
    -0.000280719       26.0380319 
    -0.000187146       26.0390062 
     -9.3573e-05       26.0395907 
               0       26.0383828 
      9.3573e-05        26.038188 
     0.000187146       26.0376034 
     0.000280719       26.0366292 
     0.000374292       26.0352654 
     0.000467865       26.0335118 
     0.000561438       26.0313685 
     0.000655011       26.0288356 
     0.000748584        26.025913 
     0.000842157       26.0226007 
      0.00093573       26.0188987 
     0.001029303       26.0148071 
     0.001122876       26.0103258 
     0.001216449       26.0019345 
     0.001310022       25.9966316 
     0.001403595       25.9909358 
     0.001497168       25.9848473 
     0.001590741       25.9783659 
     0.001684314       25.9714918 
     0.001777887       25.9642248 
      0.00187146        25.956565 
     0.001965033       25.9485124 
     0.002058606        25.940067 
     0.002152179       25.9312288 
     0.002245752       25.9219978 
     0.002339325       25.9123739 
     0.002432898       25.9038946 
     0.002526471       25.8933058 
     0.002620044       25.8822288 
     0.002713617       25.8706636 
      0.00280719       25.8586101 
     0.002900763       25.8460684 
     0.002994336       25.8330384 
     0.003087909       25.8195202 
     0.003181482       25.8055137 
     0.003275055        25.791019 
     0.003368628       25.7760361 
     0.003462201       25.7605649 
     0.003555774       25.7446054 
     0.003649347       25.7289874 
      0.00374292       25.7119598 
     0.003836493       25.6943491 
     0.003930066       25.6761552 
     0.004023639       25.6573782 
     0.004117212        25.638018 
     0.004210785       25.6180747 
     0.004304358       25.5975482 
     0.004397931       25.5764386 
     0.004491504       25.5547458 
     0.004585077       25.5324698 
      0.00467865       25.5096108 
     0.004772223       25.4861685 
     0.004865796       25.4620426 
     0.004959369       25.4373004 
     0.005052942       25.4118536 
     0.005146515       25.3857023 
     0.005240088       25.3588465 
     0.005333661       25.3312861 
     0.005427234       25.3030212 
     0.005520807       25.2740517 
      0.00561438       25.2443777 
     0.005707953       25.2139991 
     0.005801526        25.182916 
     0.005895099       25.1511283 
     0.005988672       25.1186361 
     0.006082245       25.0808496 
     0.006175818       25.0467124 
     0.006269391       25.0117614 
     0.006362964       24.9759967 
     0.006456537       24.9394183 
      0.00655011       24.9020262 
     0.006643683       24.8638203 
     0.006737256       24.8248007 
     0.006830829       24.7849673 
     0.006924402       24.7443202 
     0.007017975       24.7028594 
     0.007111548       24.6605849 
     0.007205121       24.6090803 
     0.007298694       24.5650292 
     0.007392267       24.5202006 
      0.00748584       24.4745944 
     0.007579413       24.4282105 
     0.007672986       24.3810491 
     0.007766559         24.33311 
     0.007860132       24.2843934 
     0.007953705       24.2348991 
     0.008047278       24.1846273 
     0.008140851       24.1335778 
     0.008234424       24.0817508 
     0.008327997       24.0291461 
      0.00842157       24.0075094 
     0.008515143       23.9538399 
     0.008608716       23.8989246 
     0.008702289       23.8427633 
     0.008795862       23.7853561 
     0.008889435        23.726703 
     0.008983008        23.666804 
     0.009076581       23.6056591 
     0.009170154       23.5432683 
     0.009263727       23.4796315 
       0.0093573       23.4147489 
     0.009450873       23.3486203 
     0.009544446       23.2812459 
     0.009638019       23.2232946 
     0.009731592        23.153163 
     0.009825165       23.0813965 
     0.009918738       23.0079952 
     0.010012311        22.932959 
     0.010105884        22.856288 
     0.010199457       22.7688287 
      0.01029303       22.6905587 
     0.010386603       22.6113843 
     0.010480176       22.5313053 
     0.010573749       22.4503219 
     0.010667322       22.3684339 
     0.010760895       22.2856415 
     0.010854468       22.1936383 
     0.010948041       22.1088052 
     0.011041614       22.0230329 
     0.011135187       21.9363214 
      0.01122876       21.8486707 
     0.011322333       21.7600808 
     0.011415906       21.6667263 
     0.011509479       21.5760825 
     0.011603052       21.4845949 
     0.011696625       21.3922637 
     0.011790198       21.2990887 
     0.011883771         21.20507 
     0.011977344       21.1102076 
     0.012070917       21.0229202 
      0.01216449       20.9261245 
     0.012258063       20.8280912 
     0.012351636       20.7288202 
     0.012445209       20.6283115 
     0.012538782       20.5265652 
     0.012632355       20.4323916 
     0.012725928       20.3280624 
     0.012819501       20.2219555 
     0.012913074       20.1112062 
     0.013006647       20.0032286 
      0.01310022       19.8945502 
     0.013193793       19.7844092 
     0.013287366       19.6743211 
     0.013380939       19.5635131 
     0.013474512        19.451985 
     0.013568085       19.3391707 
     0.013661658       19.2261089 
     0.013755231       19.1122991 
     0.013848804       18.9978454 
     0.013942377       18.8825573 
      0.01403595        18.766551 
     0.014129523       18.6502299 
     0.014223096       18.5328326 
     0.014316669       18.4147679 
     0.014410242       18.2965844 
     0.014503815       18.1772337 
     0.014597388       18.0572757 
     0.014690961       17.9373347 
     0.014784534        17.816206 
     0.014878107       17.6945356 
      0.01497168       17.5729925 
     0.015065253       17.4502738 
     0.015158826       17.3270825 
     0.015252399       17.2034185 
     0.015345972       17.0800067 
     0.015439545       16.9554941 
     0.015533118       16.8305806 
     0.015626691        16.706003 
     0.015720264       16.5803747 
     0.015813837       16.4544193 
      0.01590741       16.3288798 
     0.016000983        16.202346 
     0.016094556       16.0755602 
     0.016188129       15.9492671 
     0.016281702        15.822041 
     0.016375275       15.6946386 
     0.016468848       15.5678024 
     0.016562421       15.4400983 
     0.016655994       15.3122939 
     0.016749567       15.1843892 
      0.01684314       15.0571582 
     0.016936713       14.9291657 
     0.017030286       14.8011482 
     0.017123859       14.6738574 
     0.017217432       14.5458887 
     0.017311005       14.4179692 
     0.017404578       14.2908254 
     0.017498151       14.1630888 
     0.017591724       14.0354741 
     0.017685297         13.90868 
      0.01777887       13.7813792 
     0.017872443       13.6542709 
     0.017966016        13.528024 
     0.018059589       13.4013567 
     0.018153162       13.2749501 
     0.018246735       13.1494414 
     0.018340308       13.0235985 
     0.018433881       12.8980814 
     0.018527454         12.77289 
     0.018621027       12.6486589 
       0.0187146       12.5242109 
     0.018808173       12.4001506 
     0.018901746       12.2770669 
     0.018995319       12.1538587 
     0.019088892       12.0310965 
     0.019182465       11.9093239 
     0.019276038       11.7875165 
     0.019369611       11.6662095 
     0.019463184       11.5459018 
     0.019556757       11.4256457 
      0.01965033       11.3059406 
     0.019743903       11.1872413 
     0.019837476       11.0686766 
     0.019931049       10.9507094 
     0.020024622        10.833751 
     0.020118195       10.7170067 
     0.020211768       10.6009022 
     0.020305341       10.4854374 
     0.020398914       10.3710005 
     0.020492487       10.2568723 
      0.02058606        10.143422 
     0.020679633       10.0309886 
     0.020773206       9.91893933 
     0.020866779       9.80760158 
     0.020960352       9.69726831 
     0.021053925       9.58738916 
     0.021147498       9.47825117 
     0.021241071       9.37010331 
     0.021334644       9.26247458 
     0.021428217       9.15561251 
      0.02152179       9.04972448 
     0.021615363       8.94441564 
     0.021708936       8.83989499 
     0.021802509       8.73616251 
     0.021896082       8.63340053 
     0.021989655       8.53127641 
     0.022083228       8.42995814 
     0.022176801       8.32958654 
     0.022270374       8.22990408 
     0.022363947       8.13104147 
      0.02245752       8.03310126 
     0.022551093       7.93589602 
     0.022644666        7.8395211 
     0.022738239       7.74404385 
     0.022831812       7.64934227 
     0.022925385       7.55547817 
     0.023018958       7.46248646 
     0.023112531       7.37030635 
     0.023206104       7.27896778 
     0.023299677       7.18847572 
      0.02339325       7.09882678 
     0.023486823       7.01002054 
     0.023580396       6.92205701 
     0.023673969       6.83491866 
     0.023767542       6.74864418 
     0.023861115       6.66321088 
     0.023954688       6.57857524 
     0.024048261        6.4948251 
     0.024141834       6.41191215 
     0.024235407       6.32976959 
      0.02432898       6.24853007 
     0.024422553        6.1681215 
     0.024516126       6.08845617 
     0.024609699       6.00970777 
     0.024703272       5.93178204 
     0.024796845       5.85457246 
     0.024890418       5.77829041 
     0.024983991       5.70282092 
     0.025077564       5.62804049 
     0.025171137       5.55419528 
      0.02526471       5.48115089 
     0.025358283        5.4089073 
     0.025451856       5.33732625 
     0.025545429       5.26667172 
     0.025639002       5.19680481 
     0.025732575       5.12757522 
     0.025826148       5.05927172 
     0.025919721       4.99174137 
     0.026013294       4.92482349 
     0.026106867         4.858829 
      0.02620044       4.79359213 
     0.026294013       4.72894313 
     0.026387586       4.66521288 
     0.026481159       4.60222377 
     0.026574732       4.53979816 
     0.026668305       4.47828503 
     0.026761878       4.41749576 
     0.026855451       4.35743038 
     0.026949024       4.29790064 
     0.027042597       4.23926147 
      0.02713617       4.18132827 
     0.027229743       4.12390956 
     0.027323316       4.06736917 
     0.027416889       4.01151637 
     0.027510462       3.95615719 
     0.027604035        3.9016631 
     0.027697608        3.8478378 
     0.027791181       3.79448553 
     0.027884754        3.7419843 
     0.027978327       3.69013279 
       0.0280719       3.63873392 
     0.028165473       3.58817147 
     0.028259046       3.53823948 
     0.028352619       3.48873991 
     0.028446192       3.44006172 
     0.028539765       3.39199465 
     0.028633338       3.34453872 
     0.028726911       3.29749128 
     0.028820484        3.2512344 
     0.028914057       3.20556931 
      0.02900763       3.16029612 
     0.029101203       3.11579476 
     0.029194776        3.0718659 
     0.029288349       3.02831249 
     0.029381922       2.98551223 
     0.029475495       2.94326529 
     0.029569068       2.90137747 
     0.029662641       2.86022425 
     0.029756214       2.81960539 
     0.029849787       2.77932939 
      0.02994336        2.7397697 
     0.030036933        2.7007256 
     0.030130506       2.66219711 
     0.030224079       2.62398918 
     0.030317652       2.58646725 
     0.030411225       2.54944246 
     0.030504798       2.51272545 
     0.030598371       2.47667386 
     0.030691944       2.44110124 
     0.030785517       2.40582365 
      0.03087909       2.37119143 
     0.030972663       2.33702037 
     0.031066236       2.30313158 
     0.031159809        2.2698687 
     0.031253382       2.23704954 
     0.031346955        2.2044999 
     0.031440528       2.17255734 
     0.031534101       2.14104144 
     0.031627674       2.10978234 
     0.031721247       2.07911211 
      0.03181482       2.04885189 
     0.031908393        2.0190017 
     0.032001966       1.98939101 
     0.032095539       1.96034001 
     0.032189112       1.93168281 
     0.032282685       1.90325537 
     0.032376258       1.87536826 
     0.032469831       1.84785914 
     0.032563404       1.82056998 
     0.032656977       1.79380256 
      0.03275055       1.76739778 
     0.032844123       1.74120308 
     0.032937696       1.71551233 
     0.033031269       1.69016933 
     0.033124842       1.66502647 
     0.033218415       1.64037055 
     0.033311988       1.61604791 
     0.033405561       1.59191549 
     0.033499134       1.56825374 
     0.033592707       1.54491124 
      0.03368628       1.52188801 
     0.033779853       1.49904195 
     0.033873426       1.47664056 
     0.033966999       1.45454485 
     0.034060572       1.43261881 
     0.034154145       1.41112064 
     0.034247718       1.38991502 
     0.034341291       1.36887144 
     0.034434864       1.34823978 
     0.034528437       1.32788795 
      0.03462201       1.30769045 
     0.034715583       1.28788971 
     0.034809156       1.26835652 
     0.034902729       1.24896988 
     0.034996302        1.2299656 
     0.035089875         1.211217 
     0.035183448       1.19272409 
     0.035277021       1.17436596 
     0.035370594       1.15636902 
     0.035464167        1.1386163 
      0.03555774        1.1209926 
     0.035651313       1.10371543 
     0.035744886       1.08667143 
     0.035838459       1.06975055 
     0.035932032       1.05316232 
     0.036025605        1.0367966 
     0.036119178       1.02054797 
     0.036212751       1.00461889 
     0.036306324       0.98890202 
     0.036399897      0.973296117 
      0.03649347      0.957997359 
     0.036587043        0.9429009 
     0.036680616      0.927909201 
     0.036774189      0.913212928 
     0.036867762      0.898709388 
     0.036961335      0.884398581 
     0.037054908      0.870183654 
     0.037148481      0.856246472 
     0.037242054      0.842492802 
     0.037335627      0.828830378 
       0.0374292      0.815433891 
     0.037522773      0.802212028 
     0.037616346      0.789076634 
     0.037709919      0.776196046 
     0.037803492      0.763481515 
     0.037897065      0.750848558 
     0.037990638      0.738459913 
     0.038084211      0.726229065 
     0.038177784      0.714074796 
     0.038271357      0.702154946 
      0.03836493       0.69038493 
     0.038458503      0.678764748 
     0.038552076      0.667212989 
     0.038645649       0.65588172 
     0.038739222      0.644692606 
     0.038832795      0.633568185 
     0.038926368      0.622654315 
     0.039019941      0.611875194 
     0.039113514      0.601156883 
     0.039207087      0.590639773 
      0.03930066      0.580250264 
     0.039394233      0.569917551 
     0.039487806      0.559777238 
     0.039581379       0.54975763 
     0.039674952      0.539790682 
     0.039768525      0.530007854 
     0.039862098       0.52033907 
     0.039955671      0.510718709 
     0.040049244      0.501274675 
     0.040142817      0.491938249 
      0.04023639      0.482709431 
     0.040329963      0.473522575 
     0.040423536      0.464500622 
     0.040517109      0.455580055 
     0.040610682      0.446698167 
     0.040704255      0.437973353 
     0.040797828      0.429343907 
     0.040891401      0.420749713 
     0.040984974      0.412305231 
     0.041078547      0.403950291 
      0.04117212      0.395627041 
     0.041265693      0.387446583 
     0.041359266       0.37935002 
     0.041452839      0.371281463 
     0.041546412      0.363349192 
     0.041639985       0.35549534 
     0.041733558      0.347665695 
     0.041827131      0.339966218 
     0.041920704      0.332339845 
     0.042014277      0.324786575 
      0.04210785      0.317252115 
     0.042201423      0.309838397 
     0.042294996      0.302492615 
     0.042388569      0.295162553 
     0.042482142      0.287947049 
     0.042575715      0.280794454 
     0.042669288       0.27365434 
     0.042762861      0.266622968 
     0.042856434      0.259649606 
     0.042950007      0.252685343 
      0.04304358      0.245824354 
     0.043137153      0.239016595 
     0.043230726      0.232214418 
     0.043324299      0.225510371 
     0.043417872      0.218854883 
     0.043511445      0.212247954 
     0.043605018      0.205641069 
     0.043698591      0.199124797 
     0.043792164      0.192652512 
     0.043885737      0.186177323 
      0.04397931      0.179787462 
     0.044072883      0.173437109 
     0.044166456       0.16708076 
     0.044260029      0.160804739 
     0.044353602       0.15456383 
     0.044447175      0.148313683 
     0.044540748       0.14213915 
     0.044634321      0.135995411 
     0.044727894      0.129838902 
     0.044821467      0.123753715 
      0.04491504      0.117695085 
     0.045008613      0.111619156 
     0.045102186      0.105611407 
     0.045195759      0.099626068 
     0.045289332     0.0936631388 
     0.045382905     0.0876733033 
     0.045476478     0.0817497732 
     0.045570051     0.0758446455 
     0.045663624     0.0698939647 
     0.045757197     0.0640212925 
      0.04585077     0.0581634876 
     0.045944343     0.0523963127 
     0.046037916     0.0465745002 
     0.046131489     0.0407526876 
     0.046225062     0.0348145833 
     0.046318635     0.0290121527 
     0.046412208     0.0232097222 
     0.046505781     0.0173218728 
     0.046599354     0.0115479152 
     0.046692927    0.00577395762 
       0.0467865   1.64416163e-14 
