       -0.045657    2.0143621e-14 
    -0.045565686    0.00627567945 
    -0.045474372     0.0125513589 
    -0.045383058     0.0188270383 
    -0.045291744     0.0252264637 
     -0.04520043     0.0315330797 
    -0.045109116     0.0378396956 
    -0.045017802     0.0442936748 
    -0.044926488     0.0506213426 
    -0.044835174     0.0569490105 
     -0.04474386     0.0632087394 
    -0.044652546      0.069571403 
    -0.044561232     0.0759498189 
    -0.044469918     0.0823439869 
    -0.044378604     0.0888257406 
     -0.04428729     0.0952568596 
    -0.044195976      0.101707475 
    -0.044104662      0.108232043 
    -0.044013348       0.11472698 
    -0.043922034      0.121245658 
     -0.04383072      0.127837384 
    -0.043739406      0.134407896 
    -0.043648092      0.141006542 
    -0.043556778      0.147681787 
    -0.043465464      0.154339993 
     -0.04337415      0.161030822 
    -0.043282836      0.167754273 
    -0.043191522      0.174561498 
    -0.043100208      0.181356963 
    -0.043008894      0.188189622 
     -0.04291758      0.195110526 
    -0.042826266      0.202023291 
    -0.042734952      0.208977905 
    -0.042643638      0.216025679 
    -0.042552324      0.223068619 
     -0.04246101      0.230158152 
    -0.042369696       0.23734621 
    -0.042278382      0.244532426 
    -0.042187068      0.251770074 
    -0.042095754      0.259059153 
     -0.04200444      0.266454931 
    -0.041913126      0.273854141 
    -0.041821812      0.281309726 
    -0.041730498      0.288877159 
    -0.041639184       0.29645165 
     -0.04154787      0.304087575 
    -0.041456556      0.311841002 
    -0.041365242      0.319604788 
    -0.041273928      0.327435193 
    -0.041182614      0.335389292 
      -0.0410913      0.343356706 
    -0.040999986      0.351396058 
    -0.040908672      0.359507347 
    -0.040817358      0.367751588 
    -0.040726044      0.376014705 
     -0.04063473      0.384355225 
    -0.040543416      0.392834726 
    -0.040452102      0.401336804 
    -0.040360788      0.409921907 
    -0.040269474      0.418652598 
     -0.04017816      0.427409232 
    -0.040086846      0.436254678 
    -0.039995532      0.445252943 
    -0.039904218       0.45428015 
    -0.039812904      0.463402137 
     -0.03972159      0.472618902 
    -0.039630276      0.481999084 
    -0.039538962      0.491414267 
    -0.039447648      0.500930386 
    -0.039356334      0.510617001 
     -0.03926502      0.520342521 
    -0.039173706      0.530175334 
    -0.039082392      0.540186389 
    -0.038991078      0.550239896 
    -0.038899764      0.560407266 
     -0.03880845      0.570761338 
    -0.038717136      0.581161019 
    -0.038625822      0.591681355 
    -0.038534508      0.602322347 
    -0.038443194      0.613162224 
     -0.03835188      0.624054509 
    -0.038260566      0.635074476 
    -0.038169252      0.646301638 
    -0.038077938      0.657585452 
    -0.037986624      0.669004224 
     -0.03789531      0.680639262 
    -0.037803996      0.692334812 
    -0.037712682      0.704172855 
    -0.037621368      0.716237057 
    -0.037530054      0.728365203 
     -0.03743874      0.740643646 
    -0.037347426      0.753072386 
    -0.037256112      0.765741306 
    -0.037164798       0.77848197 
    -0.037073484      0.791381019 
     -0.03698217      0.804529962 
    -0.036890856      0.817755384 
    -0.036799542      0.831147576 
    -0.036708228      0.844800249 
    -0.036616914      0.858533714 
      -0.0365256      0.872442639 
    -0.036434286      0.886623573 
    -0.036342972      0.900889137 
    -0.036251658      0.915339169 
    -0.036160344      0.929973669 
     -0.03606903      0.944896268 
    -0.035977716      0.959912593 
    -0.035886402      0.975122726 
    -0.035795088      0.990632245 
    -0.035703774       1.00624089 
     -0.03561246       1.02205302 
    -0.035521146       1.03817681 
    -0.035429832       1.05440465 
    -0.035338518       1.07084603 
    -0.035247204        1.0876124 
     -0.03515589       1.10448722 
    -0.035064576       1.12158597 
    -0.034973262       1.13890866 
    -0.034881948       1.15657469 
    -0.034790634       1.17435989 
     -0.03469932        1.1923798 
    -0.034608006       1.21075604 
    -0.034516692       1.22925771 
    -0.034425378       1.24800525 
    -0.034334064       1.26712321 
     -0.03424275       1.28637232 
    -0.034151436       1.30587888 
    -0.034060122       1.32564288 
    -0.033968808       1.34579967 
    -0.033877494       1.36609763 
     -0.03378618         1.386665 
    -0.033694866       1.40763876 
    -0.033603552       1.42876154 
    -0.033512238       1.45016611 
    -0.033420924        1.4719918 
     -0.03332961       1.49397383 
    -0.033238296       1.51625047 
    -0.033146982       1.53896415 
    -0.033055668       1.56184095 
    -0.032964354       1.58502559 
     -0.03287304       1.60851807 
    -0.032781726       1.63247261 
    -0.032690412       1.65660226 
    -0.032599098       1.68105341 
    -0.032507784       1.70598182 
     -0.03241647       1.73109456 
    -0.032325156       1.75654291 
    -0.032233842        1.7824849 
    -0.032142528       1.80861991 
    -0.032051214       1.83510507 
      -0.0319599       1.86210151 
    -0.031868586       1.88929906 
    -0.031777272       1.91686174 
    -0.031685958       1.94478953 
    -0.031594644       1.97325608 
     -0.03150333       2.00193806 
    -0.031412016       2.03100056 
    -0.031320702       2.06061834 
    -0.031229388       2.09046248 
    -0.031138074       2.12070299 
     -0.03104676       2.15151649 
    -0.030955446       2.18256672 
    -0.030864132       2.21402958 
    -0.030772818       2.24608436 
    -0.030681504       2.27838566 
     -0.03059019       2.31111624 
    -0.030498876       2.34427611 
    -0.030407562       2.37805728 
    -0.030316248       2.41210196 
    -0.030224934       2.44659298 
     -0.03013362       2.48172257 
    -0.030042306       2.51712868 
    -0.029950992       2.55299856 
    -0.029859678       2.58952538 
    -0.029768364       2.62634115 
     -0.02967705       2.66363849 
    -0.029585736       2.70161223 
    -0.029494422       2.73988677 
    -0.029403108       2.77866098 
    -0.029311794       2.81793487 
     -0.02922048       2.85791536 
    -0.029129166       2.89821663 
    -0.029037852       2.93903597 
    -0.028946538       2.98057894 
    -0.028855224       3.02245813 
     -0.02876391       3.06487404 
    -0.028672596       3.10803144 
    -0.028581282          3.15154 
    -0.028489968       3.19560412 
    -0.028398654        3.2404284 
     -0.02830734       3.28561825 
    -0.028216026       3.33138265 
    -0.028124712       3.37772161 
    -0.028033398       3.42485001 
    -0.027942084       3.47236708 
     -0.02785077       3.52047779 
    -0.027759456       3.56939312 
    -0.027668142       3.61871538 
    -0.027576828        3.6686504 
    -0.027485514       3.71940563 
      -0.0273942       3.77058562 
    -0.027302886       3.82239743 
    -0.027211572        3.8750453 
    -0.027120258       3.92813537 
    -0.027028944        3.9818762 
     -0.02693763       4.03626776 
    -0.026846316       4.09152115 
    -0.026755002       4.14724276 
    -0.026663688       4.20363381 
    -0.026572374       4.26089773 
     -0.02648106       4.31865121 
    -0.026389746       4.37709251 
    -0.026298432       4.43641743 
    -0.026207118       4.49625297 
    -0.026115804       4.55679425 
     -0.02602449       4.61822934 
    -0.025933176       4.68019595 
    -0.025841862       4.74288564 
    -0.025750548       4.80629842 
    -0.025659234       4.87062368 
     -0.02556792       4.93550865 
    -0.025476606       5.00113336 
    -0.025385292       5.06767441 
    -0.025293978       5.13479962 
    -0.025202664       5.20268037 
     -0.02511135       5.27148006 
    -0.025020036       5.34088825 
    -0.024928722       5.41106679 
    -0.024837408       5.48216517 
    -0.024746094       5.55389651 
     -0.02465478       5.62641185 
    -0.024563466       5.69971118 
    -0.024472152       5.77393747 
    -0.024380838       5.84882549 
    -0.024289524        5.9245098 
     -0.02419821       6.00111409 
    -0.024106896       6.07840715 
    -0.024015582       6.15650729 
    -0.023924268        6.2355179 
    -0.023832954       6.31524444 
     -0.02374164       6.39578713 
    -0.023650326       6.47714597 
    -0.023559012       6.55941181 
    -0.023467698       6.64241919 
    -0.023376384       6.72624988 
     -0.02328507       6.81096914 
    -0.023193756       6.89645834 
    -0.023102442       6.98277587 
    -0.023011128       7.06996029 
    -0.022919814       7.15794294 
      -0.0228285       7.24675664 
    -0.022737186       7.33641167 
    -0.022645872       7.42689345 
    -0.022554558       7.51820644 
    -0.022463244       7.61035064 
     -0.02237193       7.70331088 
    -0.022280616       7.79711965 
    -0.022189302       7.89175704 
    -0.022097988       7.98717534 
    -0.022006674       8.08346926 
     -0.02191536       8.18058624 
    -0.021824046       8.27844456 
    -0.021732732       8.37720541 
    -0.021641418        8.4767806 
    -0.021550104       8.57705248 
     -0.02145879       8.67825401 
    -0.021367476       8.78025777 
    -0.021276162       8.88306378 
    -0.021184848       8.98651534 
    -0.021093534        9.0909094 
     -0.02100222       9.19609007 
    -0.020910906       9.30186281 
    -0.020819592       9.40859985 
    -0.020728278       9.51610413 
    -0.020636964        9.6241418 
     -0.02054565       9.73316507 
    -0.020454336       9.84293236 
    -0.020363022       9.95316858 
    -0.020271708       10.0644116 
    -0.020180394       10.1763715 
     -0.02008908       10.2890482 
    -0.019997766       10.4021158 
    -0.019906452       10.5161878 
    -0.019815138       10.6309452 
    -0.019723824       10.7460232 
     -0.01963251       10.8621164 
    -0.019541196       10.9788596 
    -0.019449882       11.0958478 
    -0.019358568       11.2138611 
    -0.019267254       11.3324849 
     -0.01917594       11.4512722 
    -0.019084626       11.5710941 
    -0.018993312       11.6914827 
    -0.018901998       11.8124381 
    -0.018810684       11.9334562 
     -0.01871937       12.0554838 
    -0.018628056       12.1780303 
    -0.018536742       12.3005574 
    -0.018445428       12.4240878 
    -0.018354114       12.5480853 
      -0.0182628       12.6719772 
    -0.018171486       12.7968645 
    -0.018080172       12.9221633 
    -0.017988858       13.0472659 
    -0.017897544       13.1733549 
     -0.01780623       13.2997962 
    -0.017714916       13.4265897 
    -0.017623602       13.5530727 
    -0.017532288       13.6804888 
    -0.017440974       13.8081945 
     -0.01734966       13.9355058 
    -0.017258346       14.0637212 
    -0.017167032       14.1921605 
    -0.017075718        14.320119 
    -0.016984404       14.4489507 
     -0.01689309        14.577938 
    -0.016801776        14.706356 
    -0.016710462       14.8356146 
    -0.016619148       14.9649583 
    -0.016527834        15.094387 
     -0.01643652        15.223133 
    -0.016345206       15.3526363 
    -0.016253892       15.4821522 
    -0.016162578       15.6109116 
    -0.016071264       15.7403739 
     -0.01597995       15.8697749 
    -0.015888636       15.9983458 
    -0.015797322       16.1275633 
    -0.015706008       16.2566452 
    -0.015614694       16.3848236 
     -0.01552338       16.5135912 
    -0.015432066       16.6421483 
    -0.015340752       16.7704948 
    -0.015249438       16.8978419 
    -0.015158124       17.0256689 
     -0.01506681       17.1532109 
    -0.014975496       17.2797019 
    -0.014884182       17.4065949 
    -0.014792868       17.5331295 
    -0.014701554       17.6585639 
     -0.01461024       17.7843219 
    -0.014518926       17.9096495 
    -0.014427612       18.0338311 
    -0.014336298       18.1582571 
    -0.014244984       18.2821829 
     -0.01415367       18.4056084 
    -0.014062356       18.5278242 
    -0.013971042       18.6501594 
    -0.013879728       18.7719272 
    -0.013788414       18.8924693 
      -0.0136971       19.0130325 
    -0.013605786       19.1329647 
    -0.013514472       19.2516687 
    -0.013423158       19.3702875 
    -0.013331844       19.4882157 
     -0.01324053       19.6049447 
    -0.013149216       19.7214571 
    -0.013057902       19.8372253 
    -0.012966588       19.9522493 
    -0.012875274       20.0661518 
     -0.01278396       20.1796211 
    -0.012692646       20.2923022 
    -0.012601332       20.4041197 
    -0.012510018       20.5151802 
    -0.012418704       20.6254288 
     -0.01232739       20.7354044 
    -0.012236076       20.8440006 
    -0.012144762       20.9518166 
    -0.012053448       21.0588521 
    -0.011962134       21.1659171 
     -0.01187082       21.2714319 
    -0.011779506       21.3761904 
    -0.011688192       21.4836468 
    -0.011596878       21.5864392 
    -0.011505564       21.6874631 
     -0.01141425        21.778333 
    -0.011322936       21.8767158 
    -0.011231622        21.973855 
    -0.011140308       22.0697507 
    -0.011048994        22.164403 
     -0.01095768       22.2578117 
    -0.010866366        22.349977 
    -0.010775052         22.43326 
    -0.010683738       22.5237655 
    -0.010592424       22.6134064 
     -0.01050111       22.7021826 
    -0.010409796       22.7900942 
    -0.010318482       22.8771411 
    -0.010227168       22.9669243 
    -0.010135854       23.0519371 
     -0.01004454        23.136009 
    -0.009953226       23.2191401 
    -0.009861912       23.3013303 
    -0.009770598       23.3825797 
    -0.009679284       23.4628883 
     -0.00958797       23.5503746 
    -0.009496656       23.6286786 
    -0.009405342       23.7060862 
    -0.009314028       23.7825973 
    -0.009222714        23.858212 
      -0.0091314       23.9329302 
    -0.009040086       24.0160942 
    -0.008948772       24.0897141 
    -0.008857458       24.1617705 
    -0.008766144       24.2322633 
     -0.00867483       24.3011926 
    -0.008583516       24.3685583 
    -0.008492202       24.4343604 
    -0.008400888       24.4878959 
    -0.008309574       24.5510413 
     -0.00821826        24.613004 
    -0.008126946        24.673784 
    -0.008035632       24.7333812 
    -0.007944318       24.7917958 
    -0.007853004       24.8490276 
     -0.00776169       24.9050766 
    -0.007670376        24.959943 
    -0.007579062       25.0136266 
    -0.007487748       25.0661276 
    -0.007396434       25.1174458 
     -0.00730512       25.1675813 
    -0.007213806       25.1860131 
    -0.007122492       25.2350279 
    -0.007031178       25.2832984 
    -0.006939864       25.3308245 
     -0.00684855       25.3776062 
    -0.006757236       25.4236435 
    -0.006665922       25.4689364 
    -0.006574608        25.513485 
    -0.006483294       25.5572891 
     -0.00639198       25.6003489 
    -0.006300666       25.6426643 
    -0.006209352       25.6842354 
    -0.006118038        25.725062 
    -0.006026724       25.7729872 
     -0.00593541       25.8121473 
    -0.005844096        25.850534 
    -0.005752782       25.8881474 
    -0.005661468       25.9249874 
    -0.005570154        25.961054 
     -0.00547884       25.9963472 
    -0.005387526        26.030867 
    -0.005296212       26.0646135 
    -0.005204898       26.0975866 
    -0.005113584       26.1297863 
     -0.00502227       26.1612126 
    -0.004930956       26.1918656 
    -0.004839642       26.2217452 
    -0.004748328       26.2554139 
    -0.004657014       26.2838196 
      -0.0045657       26.3115492 
    -0.004474386       26.3386025 
    -0.004383072       26.3649797 
    -0.004291758       26.3906808 
    -0.004200444       26.4157056 
     -0.00410913       26.4400543 
    -0.004017816       26.4637268 
    -0.003926502       26.4867232 
    -0.003835188       26.5090434 
    -0.003743874       26.5306874 
     -0.00365256       26.5516552 
    -0.003561246       26.5725568 
    -0.003469932       26.5923132 
    -0.003378618       26.6114921 
    -0.003287304       26.6300934 
     -0.00319599       26.6481172 
    -0.003104676       26.6655634 
    -0.003013362        26.682432 
    -0.002922048       26.6987231 
    -0.002830734       26.7144367 
     -0.00273942       26.7295727 
    -0.002648106       26.7441311 
    -0.002556792        26.758112 
    -0.002465478       26.7715154 
    -0.002374164       26.7831592 
     -0.00228285        26.795403 
    -0.002191536       26.8071666 
    -0.002100222       26.8184501 
    -0.002008908       26.8292534 
    -0.001917594       26.8395766 
     -0.00182628       26.8494197 
    -0.001734966       26.8587826 
    -0.001643652       26.8676653 
    -0.001552338       26.8760679 
    -0.001461024       26.8839904 
     -0.00136971       26.8914327 
    -0.001278396       26.8983948 
    -0.001187082       26.9090409 
    -0.001095768       26.9150349 
    -0.001004454       26.9205493 
     -0.00091314       26.9255843 
    -0.000821826       26.9301397 
    -0.000730512       26.9342156 
    -0.000639198        26.937812 
    -0.000547884       26.9409289 
     -0.00045657       26.9435662 
    -0.000365256       26.9457241 
    -0.000273942       26.9474024 
    -0.000182628       26.9486012 
     -9.1314e-05       26.9493205 
               0       26.9496662 
      9.1314e-05       26.9494265 
     0.000182628       26.9487072 
     0.000273942       26.9475083 
     0.000365256       26.9458299 
      0.00045657        26.943672 
     0.000547884       26.9410345 
     0.000639198       26.9379174 
     0.000730512       26.9343209 
     0.000821826       26.9302447 
      0.00091314       26.9256891 
     0.001004454       26.9206539 
     0.001095768       26.9151391 
     0.001187082       26.9091448 
     0.001278396       26.8984969 
      0.00136971       26.8915344 
     0.001461024       26.8840916 
     0.001552338       26.8761687 
     0.001643652       26.8677656 
     0.001734966       26.8588824 
      0.00182628       26.8495189 
     0.001917594       26.8396753 
     0.002008908       26.8293515 
     0.002100222       26.8185475 
     0.002191536       26.8072634 
      0.00228285        26.795499 
     0.002374164       26.7832545 
     0.002465478       26.7716121 
     0.002556792       26.7582078 
     0.002648106        26.744226 
      0.00273942       26.7296665 
     0.002830734       26.7145294 
     0.002922048       26.6988146 
     0.003013362       26.6825223 
     0.003104676       26.6656522 
      0.00319599       26.6482046 
     0.003287304       26.6301793 
     0.003378618       26.6115764 
     0.003469932       26.5923959 
     0.003561246       26.5726377 
      0.00365256       26.5517347 
     0.003743874       26.5307649 
     0.003835188       26.5091188 
     0.003926502       26.4867965 
     0.004017816       26.4637978 
      0.00410913       26.4401228 
     0.004200444       26.4157715 
     0.004291758        26.390744 
     0.004383072       26.3650401 
     0.004474386       26.3386599 
       0.0045657       26.3116035 
     0.004657014       26.2838707 
     0.004748328       26.2554616 
     0.004839642       26.2217886 
     0.004930956       26.1919054 
      0.00502227       26.1612486 
     0.005113584       26.1298182 
     0.005204898       26.0976143 
     0.005296212       26.0646368 
     0.005387526       26.0308857 
      0.00547884       25.9963611 
     0.005570154       25.9610629 
     0.005661468       25.9249912 
     0.005752782       25.8881458 
     0.005844096        25.850527 
      0.00593541       25.8121345 
     0.006026724       25.7729685 
     0.006118038       25.7250368 
     0.006209352       25.6842038 
     0.006300666       25.6426263 
      0.00639198       25.6003041 
     0.006483294       25.5572374 
     0.006574608        25.513426 
     0.006665922       25.4688701 
     0.006757236       25.4235696 
      0.00684855       25.3775245 
     0.006939864       25.3307347 
     0.007031178       25.2832004 
     0.007122492       25.2349215 
     0.007213806        25.185898 
      0.00730512       25.1674642 
     0.007396434       25.1173197 
     0.007487748       25.0659922 
     0.007579062       25.0134817 
     0.007670376       24.9597881 
      0.00776169       24.9049114 
     0.007853004       24.8488518 
     0.007944318        24.791609 
     0.008035632       24.7331833 
     0.008126946       24.6735744 
      0.00821826       24.6127826 
     0.008309574       24.5508077 
     0.008400888       24.4876497 
     0.008492202       24.4341042 
     0.008583516       24.3682887 
      0.00867483       24.3009092 
     0.008766144       24.2319657 
     0.008857458       24.1614583 
     0.008948772       24.0893868 
     0.009040086       24.0157513 
       0.0091314       23.9325696 
     0.009222714       23.8578355 
     0.009314028       23.7822046 
     0.009405342        23.705677 
     0.009496656       23.6282527 
      0.00958797       23.5499316 
     0.009679284       23.4624251 
     0.009770598       23.3820989 
     0.009861912       23.3008315 
     0.009953226        23.218623 
      0.01004454       23.1354733 
     0.010135854       23.0513825 
     0.010227168       22.9663506 
     0.010318482       22.8765357 
     0.010409796       22.7894688 
      0.01050111       22.7015371 
     0.010592424       22.6127404 
     0.010683738       22.5230787 
     0.010775052       22.4325521 
     0.010866366       22.3492898 
      0.01095768       22.2571047 
     0.011048994       22.1636742 
     0.011140308       22.0689982 
     0.011231622       21.9730768 
     0.011322936       21.8759099 
      0.01141425       21.7774975 
     0.011505564       21.6865457 
     0.011596878        21.585507 
     0.011688192        21.482704 
     0.011779506       21.3752309 
      0.01187082       21.2704493 
     0.011962134       21.1649105 
     0.012053448       21.0586147 
     0.012144762       20.9507642 
     0.012236076       20.8429219 
      0.01232739       20.7342982 
     0.012418704       20.6243046 
     0.012510018       20.5140294 
     0.012601332       20.4029422 
     0.012692646       20.2911053 
      0.01278396       20.1783964 
     0.012875274       20.0648997 
     0.012966588       19.9509758 
     0.013057902       19.8359222 
     0.013149216       19.7201255 
      0.01324053       19.6035855 
     0.013331844       19.4868298 
     0.013423158       19.3688713 
     0.013514472       19.2502236 
     0.013605786       19.1314911 
       0.0136971       19.0115265 
     0.013788414       18.8909324 
     0.013879728       18.7703605 
     0.013971042       18.6485574 
     0.014062356       18.5261889 
      0.01415367       18.4039418 
     0.014244984       18.2804774 
     0.014336298       18.1565149 
     0.014427612       18.0320544 
     0.014518926       17.9078309 
      0.01461024       17.7824622 
     0.014701554       17.6566654 
     0.014792868       17.5311852 
     0.014884182       17.4046038 
     0.014975496       17.2776662 
      0.01506681       17.1511239 
     0.015158124       17.0235276 
     0.015249438       16.8956484 
     0.015340752       16.7674862 
     0.015432066       16.6398317 
      0.01552338       16.5112123 
     0.015614694        16.382384 
     0.015706008        16.254116 
     0.015797322       16.1249591 
     0.015888636       15.9956673 
      0.01597995       15.8669642 
     0.016071264       15.7374726 
     0.016162578       15.6079201 
     0.016253892       15.4788813 
     0.016345206       15.3492593 
      0.01643652       15.2196507 
     0.016527834       15.0900555 
     0.016619148       14.9605497 
     0.016710462       14.8310995 
     0.016801776       14.7017449 
      0.01689309       14.5705979 
     0.016984404       14.4415227 
     0.017075718       14.3127192 
     0.017167032       14.1787013 
     0.017258346       14.0502832 
      0.01734966       13.9222773 
     0.017440974       13.7968594 
     0.017532288       13.6694165 
     0.017623602       13.5421982 
     0.017714916       13.4152046 
      0.01780623       13.2873348 
     0.017897544       13.1604141 
     0.017988858       13.0339572 
     0.018080172        12.907964 
     0.018171486       12.7824346 
       0.0182628       12.6573689 
     0.018354114       12.5390903 
     0.018445428       12.4150945 
     0.018536742        12.291578 
     0.018628056       12.1685406 
      0.01871937       12.0459824 
     0.018810684       11.9239034 
     0.018901998       11.8023035 
     0.018993312       11.6826666 
     0.019084626       11.5621228 
      0.01917594       11.4422056 
     0.019267254        11.322915 
     0.019358568       11.2042511 
     0.019449882       11.0862139 
     0.019541196       10.9554675 
      0.01963251       10.8385256 
     0.019723824       10.7224334 
     0.019815138       10.6071908 
     0.019906452        10.492798 
     0.019997766       10.3792548 
      0.02008908       10.2665613 
     0.020180394       10.1598079 
     0.020271708       10.0486636 
     0.020363022       9.93823371 
     0.020454336       9.82851822 
      0.02054565       9.71951713 
     0.020636964       9.61123044 
     0.020728278       9.50365815 
     0.020819592       9.39446657 
     0.020910906       9.28791302 
      0.02100222       9.18215156 
     0.021093534       9.07718221 
     0.021184848       8.97300496 
     0.021276162        8.8696198 
     0.021367476       8.76702675 
      0.02145879        8.6652258 
     0.021550104       8.56421694 
     0.021641418       8.46400019 
     0.021732732       8.36457553 
     0.021824046       8.26594298 
      0.02191536       8.17715018 
     0.022006674       8.08025805 
     0.022097988        7.9841697 
     0.022189302       7.88888513 
     0.022280616       7.79440435 
      0.02237193       7.70072734 
     0.022463244       7.60785412 
     0.022554558       7.51578469 
     0.022645872       7.42451903 
     0.022737186       7.33405716 
       0.0228285       7.24439907 
     0.022919814       7.15554476 
     0.023011128       7.07441118 
     0.023102442       6.98725891 
     0.023193756       6.90092298 
      0.02328507       6.81540339 
     0.023376384       6.73070015 
     0.023467698       6.64681325 
     0.023559012       6.56374269 
     0.023650326       6.48148848 
      0.02374164        6.4000506 
     0.023832954       6.31942908 
     0.023924268       6.23962389 
     0.024015582       6.16063505 
     0.024106896       6.08246255 
      0.02419821       6.00684212 
     0.024289524       5.93027346 
     0.024380838         5.854486 
     0.024472152       5.77947972 
     0.024563466       5.70525464 
      0.02465478       5.63181074 
     0.024746094       5.55914803 
     0.024837408       5.48726651 
     0.024928722       5.41616618 
     0.025020036       5.34584704 
      0.02511135       5.27630909 
     0.025202664       5.20755233 
     0.025293978       5.14036746 
     0.025385292       5.07313279 
     0.025476606       5.00662318 
      0.02556792       4.94083864 
     0.025659234       4.87577915 
     0.025750548       4.81144472 
     0.025841862       4.74783536 
     0.025933176       4.68495106 
      0.02602449       4.62279182 
     0.026115804       4.56135764 
     0.026207118       4.50064852 
     0.026298432       4.44066447 
     0.026389746       4.38140547 
      0.02648106       4.32353468 
     0.026572374       4.26563347 
     0.026663688       4.20839025 
     0.026755002       4.15180501 
     0.026846316       4.09587775 
      0.02693763       4.04060848 
     0.027028944       3.98599719 
     0.027120258       3.93204389 
     0.027211572       3.87874857 
     0.027302886       3.82611124 
       0.0273942       3.77413189 
     0.027485514       3.72281052 
     0.027576828       3.67281215 
     0.027668142       3.62273507 
     0.027759456       3.57324444 
      0.02785077       3.52434027 
     0.027942084       3.47602255 
     0.028033398        3.4282913 
     0.028124712        3.3811465 
     0.028216026       3.33458815 
      0.02830734       3.28861626 
     0.028398654       3.24323083 
     0.028489968       3.19843186 
     0.028581282       3.15421934 
     0.028672596       3.11123471 
      0.02876391       3.06815122 
     0.028855224       3.02558292 
     0.028946538       2.98352982 
     0.029037852        2.9419919 
     0.029129166       2.90096917 
      0.02922048       2.86046163 
     0.029311794       2.82046927 
     0.029403108       2.78099211 
     0.029494422       2.74203014 
     0.029585736       2.70358335 
      0.02967705       2.66565176 
     0.029768364       2.62823535 
     0.029859678       2.59190873 
     0.029950992       2.55543968 
     0.030042306       2.51941791 
      0.03013362       2.48384343 
     0.030224934       2.44871623 
     0.030316248       2.41403632 
     0.030407562       2.37980369 
     0.030498876       2.34601835 
      0.03059019       2.31268028 
     0.030681504       2.27978951 
     0.030772818       2.24734602 
     0.030864132       2.21534981 
     0.030955446        2.1843315 
      0.03104676       2.15317807 
     0.031138074        2.1224092 
     0.031229388       2.09202487 
     0.031320702       2.06202509 
     0.031412016       2.03240987 
      0.03150333       2.00317919 
     0.031594644       1.97433306 
     0.031685958       1.94587148 
     0.031777272       1.91779445 
     0.031868586       1.89010197 
       0.0319599       1.86279403 
     0.032051214       1.83587065 
     0.032142528        1.8097809 
     0.032233842       1.78354577 
     0.032325156       1.75763849 
      0.03241647       1.73205905 
     0.032507784       1.70680744 
     0.032599098       1.68188368 
     0.032690412       1.65728776 
     0.032781726       1.63301968 
      0.03287304       1.60907943 
     0.032964354       1.58546703 
     0.033055668       1.56218247 
     0.033146982       1.53922575 
     0.033238296       1.51700484 
      0.03332961       1.49465213 
     0.033420924       1.47257679 
     0.033512238       1.45077881 
     0.033603552        1.4292582 
     0.033694866       1.40801495 
      0.03378618       1.38704906 
     0.033877494       1.36636054 
     0.033968808       1.34594938 
     0.034060122       1.32581558 
     0.034151436       1.30595914 
      0.03424275       1.28638007 
     0.034334064       1.26743896 
     0.034425378       1.24838706 
     0.034516692       1.22956806 
     0.034608006       1.21098196 
      0.03469932       1.19262877 
     0.034790634       1.17450849 
     0.034881948       1.15662111 
     0.034973262       1.13896663 
     0.035064576       1.12154506 
      0.03515589       1.10435639 
     0.035247204       1.08740063 
     0.035338518       1.07067777 
     0.035429832       1.05418782 
     0.035521146       1.03823351 
      0.03561246        1.0221621 
     0.035703774        1.0062847 
     0.035795088      0.990601295 
     0.035886402      0.975111891 
     0.035977716      0.959816487 
      0.03606903      0.944715083 
     0.036160344      0.929807679 
     0.036251658      0.915094275 
     0.036342972      0.900574872 
     0.036434286      0.886249468 
       0.0365256      0.872118065 
     0.036616914      0.858449637 
     0.036708228      0.844678794 
     0.036799542      0.831068001 
     0.036890856      0.817617259 
      0.03698217      0.804326568 
     0.037073484      0.791195927 
     0.037164798      0.778225338 
     0.037256112        0.7654148 
     0.037347426      0.752764312 
      0.03743874      0.740273875 
     0.037530054      0.727943489 
     0.037621368      0.715773154 
     0.037712682       0.70376287 
     0.037803996      0.692135148 
      0.03789531      0.680403443 
     0.037986624      0.668802133 
     0.038077938      0.657331218 
     0.038169252      0.645990698 
     0.038260566      0.634780572 
      0.03835188      0.623700841 
     0.038443194      0.612751504 
     0.038534508      0.601932563 
     0.038625822      0.591244016 
     0.038717136      0.580685864 
      0.03880845      0.570258106 
     0.038899764      0.560161673 
     0.038991078      0.549968926 
     0.039082392      0.539880522 
     0.039173706      0.529896461 
      0.03926502      0.520016743 
     0.039356334      0.510241369 
     0.039447648      0.500570337 
     0.039538962      0.491003649 
     0.039630276      0.481541303 
      0.03972159      0.472183301 
     0.039812904      0.462929642 
     0.039904218      0.453780325 
     0.039995532        0.4449089 
     0.040086846      0.435955016 
      0.04017816      0.427082279 
     0.040269474      0.418290688 
     0.040360788      0.409580244 
     0.040452102      0.400950946 
     0.040543416      0.392402794 
      0.04063473       0.38393579 
     0.040726044      0.375549932 
     0.040817358       0.36724522 
     0.040908672      0.359021655 
     0.040999986      0.350879236 
       0.0410913      0.342817964 
     0.041182614       0.33497243 
     0.041273928      0.327049358 
     0.041365242      0.319186396 
     0.041456556      0.311383544 
      0.04154787      0.303640802 
     0.041639184       0.29595817 
     0.041730498      0.288335648 
     0.041821812      0.280773237 
     0.041913126      0.273270935 
      0.04200444      0.265828743 
     0.042095754      0.258446662 
     0.042187068       0.25112469 
     0.042278382      0.251215735 
     0.042369696       0.24442612 
      0.04246101      0.237636506 
     0.042552324      0.230846891 
     0.042643638      0.224057277 
     0.042734952      0.217267662 
     0.042826266      0.210478048 
      0.04291758      0.203688433 
     0.043008894      0.196898819 
     0.043100208      0.190109204 
     0.043191522       0.18331959 
     0.043282836      0.176529976 
      0.04337415      0.169740361 
     0.043465464      0.158110663 
     0.043556778      0.151522719 
     0.043648092      0.144934774 
     0.043739406       0.13834683 
      0.04383072      0.131758886 
     0.043922034      0.125170942 
     0.044013348      0.118582997 
     0.044104662      0.111995053 
     0.044195976      0.105407109 
      0.04428729     0.0988191644 
     0.044378604     0.0922312201 
     0.044469918     0.0856432758 
     0.044561232     0.0770544032 
     0.044652546     0.0706332029 
      0.04474386     0.0642120027 
     0.044835174     0.0577908024 
     0.044926488     0.0513696021 
     0.045017802     0.0449484019 
     0.045109116     0.0385272016 
      0.04520043     0.0321060013 
     0.045291744     0.0256848011 
     0.045383058     0.0192636008 
     0.045474372     0.0128424005 
     0.045565686    0.00642120027 
        0.045657   2.06107125e-14 
