       -0.044794   1.39399713e-14 
    -0.044704412    0.00669564176 
    -0.044614824     0.0133912835 
    -0.044525236     0.0200869253 
    -0.044435648     0.0269145559 
     -0.04434606     0.0336431949 
    -0.044256472     0.0403718338 
    -0.044166884     0.0472576077 
    -0.044077296     0.0540086946 
    -0.043987708     0.0607597814 
     -0.04389812     0.0674318236 
    -0.043808532     0.0742168905 
    -0.043718944     0.0810184311 
    -0.043629356     0.0878364455 
    -0.043539768     0.0947481127 
     -0.04345018      0.101603785 
    -0.043360592      0.108479845 
    -0.043271004      0.115434578 
    -0.043181416      0.122355597 
    -0.043091828      0.129301443 
     -0.04300224      0.136325134 
    -0.042912652      0.143323456 
    -0.042823064      0.150351199 
    -0.042733476       0.15740836 
    -0.042643888      0.164548934 
      -0.0425543      0.171671012 
    -0.042464712      0.178827202 
    -0.042375124      0.186071221 
    -0.042285536      0.193300315 
    -0.042195948      0.200568301 
     -0.04210636      0.207929345 
    -0.042016772      0.215278346 
    -0.041927184      0.222671105 
    -0.041837596      0.230107621 
    -0.041748008      0.237644817 
     -0.04165842      0.245175536 
    -0.041568832      0.252754972 
    -0.041479244      0.260440097 
    -0.041389656       0.26812219 
    -0.041300068      0.275858055 
     -0.04121048       0.28370529 
    -0.041120892      0.291552409 
    -0.041031304      0.299458467 
    -0.040941716      0.307423464 
    -0.040852128      0.315508351 
     -0.04076254      0.323598635 
    -0.040672952      0.331753143 
    -0.040583364      0.340033049 
    -0.040493776      0.348321885 
    -0.040404188      0.356680361 
      -0.0403146      0.365170483 
    -0.040225012      0.373672512 
    -0.040135424      0.382249735 
    -0.040045836      0.390902153 
    -0.039956248      0.399695845 
     -0.03986666      0.408506944 
    -0.039777072      0.417398944 
    -0.039687484      0.426438328 
    -0.039597896        0.4354988 
    -0.039508308      0.444646043 
     -0.03941872      0.453947587 
    -0.039329132      0.463273323 
    -0.039239544      0.472691872 
    -0.039149956      0.482203234 
    -0.039060368      0.491879816 
     -0.03897078      0.501586162 
    -0.038881192      0.511391548 
    -0.038791604      0.521368942 
    -0.038702016      0.531380024 
    -0.038612428       0.54149657 
     -0.03852284      0.551792798 
    -0.038433252      0.562126031 
    -0.038343664      0.572571358 
    -0.038254076       0.58312878 
    -0.038164488      0.593878289 
      -0.0380749      0.604670528 
    -0.037985312      0.615581711 
    -0.037895724      0.626692524 
    -0.037806136      0.637850336 
    -0.037716548      0.649134175 
     -0.03762696      0.660626155 
    -0.037537372      0.672168759 
    -0.037447784      0.683844715 
    -0.037358196      0.695738374 
    -0.037268608      0.707685571 
     -0.03717902      0.719773699 
    -0.037089432      0.732002758 
    -0.036999844      0.744462426 
    -0.036910256        0.7569834 
    -0.036820668      0.769653149 
     -0.03673108      0.782562938 
    -0.036641492      0.795538072 
    -0.036551904      0.808670108 
    -0.036462316      0.822052763 
    -0.036372728       0.83550404 
     -0.03628314      0.849120635 
    -0.036193552      0.862902549 
    -0.036103964      0.876949773 
    -0.036014376      0.891073906 
    -0.035924788      0.905372076 
      -0.0358352      0.919945972 
    -0.035745612      0.934601348 
    -0.035656024      0.949439797 
    -0.035566436      0.964565643 
    -0.035476848      0.979776723 
     -0.03538726      0.995180238 
    -0.035297672       1.01077619 
    -0.035208084       1.02667621 
    -0.035118496       1.04267036 
    -0.035028908       1.05886666 
     -0.03493932       1.07537847 
    -0.034849732       1.09198966 
    -0.034760144       1.10881303 
    -0.034670556       1.12596474 
    -0.034580968       1.14322019 
     -0.03449138       1.16069824 
    -0.034401792       1.17839889 
    -0.034312204       1.19644671 
    -0.034222616       1.21460789 
    -0.034133028       1.23300245 
     -0.03404344       1.25175669 
    -0.033953852       1.27063035 
    -0.033864264       1.28974856 
    -0.033774676       1.30924043 
    -0.033685088       1.32885683 
      -0.0335955       1.34872935 
    -0.033505912       1.36885799 
    -0.033416324       1.38938144 
    -0.033326736       1.41003986 
    -0.033237148       1.43096636 
     -0.03314756       1.45230121 
    -0.033057972       1.47377809 
    -0.032968384       1.49553543 
    -0.032878796       1.51771622 
    -0.032789208       1.54004509 
     -0.03269962       1.56266721 
    -0.032610032       1.58558256 
    -0.032520444       1.60894495 
    -0.032430856       1.63246679 
    -0.032341268       1.65629508 
     -0.03225168       1.68058489 
    -0.032162092        1.7050424 
    -0.032072504          1.72982 
    -0.031982916       1.75507526 
    -0.031893328       1.78050541 
     -0.03180374       1.80626971 
    -0.031714152       1.83236818 
    -0.031624564       1.85897033 
    -0.031534976       1.88575975 
    -0.031445388       1.91289784 
      -0.0313558       1.94055488 
    -0.031266212       1.96840885 
    -0.031176624       1.99662641 
    -0.031087036        2.0253799 
    -0.030997448       2.05433887 
     -0.03090786        2.0836768 
    -0.030818272       2.11339367 
    -0.030728684       2.14367484 
    -0.030639096         2.174175 
    -0.030549508       2.20506989 
     -0.03045992       2.23654485 
    -0.030370332       2.26825012 
    -0.030280744       2.30036632 
    -0.030191156       2.33308004 
    -0.030101568       2.36603426 
     -0.03001198         2.399416 
    -0.029922392        2.4334145 
    -0.029832804       2.46766245 
    -0.029743216       2.50235489 
    -0.029653628       2.53749182 
     -0.02956404       2.57327253 
    -0.029474452       2.60932173 
    -0.029384864       2.64583276 
    -0.029295276       2.68300503 
    -0.029205688       2.72045789 
      -0.0291161       2.75839026 
    -0.029026512       2.79700301 
    -0.028936924       2.83590721 
    -0.028847336       2.87530892 
    -0.028757748       2.91520814 
     -0.02866816       2.95581582 
    -0.028578572       2.99673558 
    -0.028488984       3.03817111 
    -0.028399396       3.08033188 
    -0.028309808         3.122819 
     -0.02822022       3.16584042 
    -0.028130632       3.20960531 
    -0.028041044       3.25370966 
    -0.027951456       3.29836702 
    -0.027861868       3.34357736 
     -0.02777228        3.3895594 
    -0.027682692       3.43590313 
    -0.027593104        3.4828187 
    -0.027503516       3.53052107 
    -0.027413928        3.5786019 
     -0.02732434       3.62727348 
    -0.027234752       3.67674813 
    -0.027145164       3.72661692 
    -0.027055576       3.77709539 
    -0.026965988       3.82818355 
      -0.0268764       3.88010182 
    -0.026786812       3.93243798 
    -0.026697224       3.98540269 
    -0.026607636       4.03920973 
    -0.026518048       4.09345414 
     -0.02642846       4.14834581 
    -0.026338872       4.20409273 
    -0.026249284       4.26029553 
    -0.026159696       4.31716406 
    -0.026070108       4.37469833 
     -0.02598052       4.43311191 
    -0.025890932       4.49200649 
    -0.025801344       4.55158492 
    -0.025711756       4.61205049 
    -0.025622168       4.67301936 
     -0.02553258       4.73468973 
    -0.025442992       4.79725512 
    -0.025353404       4.86034534 
    -0.025263816       4.92415413 
    -0.025174228       4.98868152 
     -0.02508464       5.05412269 
    -0.024995052       5.12011483 
    -0.024905464        5.1868419 
    -0.024815876       5.25448439 
    -0.024726288       5.32270291 
      -0.0246367       5.39167186 
    -0.024547112       5.46155712 
    -0.024457524       5.53204293 
    -0.024367936       5.60329363 
    -0.024278348       5.67530923 
     -0.02418876       5.74825177 
    -0.024099172       5.82182146 
    -0.024009584       5.89616934 
    -0.023919996       5.97143766 
    -0.023830408       6.04736058 
     -0.02374082       6.12407362 
    -0.023651232        6.2016989 
    -0.023561644       6.28000594 
    -0.023472056       6.35911349 
    -0.023382468       6.43902155 
     -0.02329288       6.51984104 
    -0.023203292       6.60136852 
    -0.023113704       6.68370517 
    -0.023024116       6.76693664 
    -0.022934528       6.85090513 
     -0.02284494       6.93568954 
    -0.022755352       7.02134942 
    -0.022665764       7.10777529 
    -0.022576176       7.19502166 
    -0.022486588       7.28312066 
       -0.022397       7.37201509 
    -0.022307412       7.46173229 
    -0.022217824       7.55227225 
    -0.022128236       7.64364346 
    -0.022038648       7.73583454 
     -0.02194906       7.82884808 
    -0.021859472       7.92266067 
    -0.021769884       8.01732246 
    -0.021680296       8.11280366 
    -0.021590708       8.20904704 
     -0.02150112       8.30616972 
    -0.021411532       8.40410578 
    -0.021321944       8.50285523 
    -0.021232356       8.60232816 
    -0.021142768       8.70269901 
     -0.02105318       8.80387405 
    -0.020963592       8.90572655 
    -0.020874004       9.00850443 
    -0.020784416       9.11207395 
    -0.020694828       9.21626925 
     -0.02060524       9.32141834 
    -0.020515652       9.42734298 
    -0.020426064       9.53404318 
    -0.020336476       9.64131112 
    -0.020246888       9.74954292 
      -0.0201573        9.8585305 
    -0.020067712       9.96802615 
    -0.019978124       10.0785083 
    -0.019888536       10.1897225 
    -0.019798948       10.3013789 
     -0.01970936       10.4140453 
    -0.019619772       10.5274162 
    -0.019530184       10.6414917 
    -0.019440596       10.7559314 
    -0.019351008       10.8713795 
     -0.01926142       10.9875005 
    -0.019171832       11.1039143 
    -0.019082244       11.2213505 
    -0.018992656       11.3394238 
    -0.018903068        11.457712 
     -0.01881348       11.5770374 
    -0.018723892       11.6969601 
    -0.018634304       11.8174802 
    -0.018544716       11.9381185 
    -0.018455128       12.0597779 
     -0.01836554       12.1819907 
    -0.018275952       12.3042421 
    -0.018186364       12.4275158 
    -0.018096776        12.551295 
    -0.018007188       12.6750271 
      -0.0179176       12.7997834 
    -0.017828012       12.9249932 
    -0.017738424       13.0506566 
    -0.017648836       13.1761616 
    -0.017559248       13.3026574 
     -0.01746966       13.4295511 
    -0.017380072       13.5562042 
    -0.017290484       13.6838325 
    -0.017200896       13.8117997 
    -0.017111308       13.9394389 
     -0.01702172       14.0680383 
    -0.016932132        14.196914 
    -0.016842544       14.3260662 
    -0.016752956       14.4547704 
    -0.016663368       14.5843827 
     -0.01657378       14.7142061 
    -0.016484192       14.8435035 
    -0.016394604       14.9736736 
    -0.016305016       15.1039869 
    -0.016215428       15.2336925 
     -0.01612584        15.364236 
    -0.016036252       15.4948526 
    -0.015946664       15.6247761 
    -0.015857076       15.7555037 
    -0.015767488       15.8862324 
      -0.0156779       16.0169624 
    -0.015588312       16.1468977 
    -0.015498724        16.277544 
    -0.015409136       16.4081185 
    -0.015319548       16.5378296 
     -0.01522996       16.6681965 
    -0.015140372       16.7984177 
    -0.015050784       16.9277051 
    -0.014961196       17.0575941 
    -0.014871608       17.1872635 
     -0.01478202       17.3167134 
    -0.014692432       17.4451397 
    -0.014602844        17.574059 
    -0.014513256       17.7026853 
    -0.014423668       17.8302388 
     -0.01433408       17.9582112 
    -0.014244492        18.085818 
    -0.014154904       18.2123028 
    -0.014065316       18.3391342 
    -0.013975728        18.465529 
     -0.01388614       18.5914873 
    -0.013796552       18.7162535 
    -0.013706964       18.8412482 
    -0.013617376       18.9657376 
    -0.013527788       19.0890099 
      -0.0134382       19.2124219 
    -0.013348612       19.3352626 
    -0.013259024       19.4568635 
    -0.013169436       19.5785171 
    -0.013079848       19.6995364 
     -0.01299026       19.8199214 
    -0.012900672       19.9390264 
    -0.012811084       20.0580603 
    -0.012721496       20.1764008 
    -0.012631908       20.2934761 
     -0.01254232         20.41037 
    -0.012452732       20.5265163 
    -0.012363144       20.6414403 
    -0.012273556       20.7560511 
    -0.012183968       20.8698659 
     -0.01209438       20.9828848 
    -0.012004792       21.0947677 
    -0.011915204       21.2061312 
    -0.011825616       21.3166601 
    -0.011736028        21.426321 
     -0.01164644       21.5351409 
    -0.011556852       21.6431076 
    -0.011467264        21.750801 
    -0.011377676       21.8570348 
    -0.011288088       21.9624495 
      -0.0111985       22.0670453 
    -0.011108912       22.1716577 
    -0.011019324       22.2746584 
    -0.010929736        22.376868 
    -0.010840148       22.4816953 
     -0.01075056       22.5820578 
    -0.010660972       22.6806674 
    -0.010571384       22.7690698 
    -0.010481796        22.864915 
    -0.010392208       22.9595196 
     -0.01030262       23.0528839 
    -0.010213032       23.1450076 
    -0.010123444        23.235891 
    -0.010033856       23.3255338 
    -0.009944268        23.406316 
     -0.00985468       23.4941559 
    -0.009765092       23.5811223 
    -0.009675504       23.6672152 
    -0.009585916       23.7524347 
    -0.009496328       23.8367806 
     -0.00940674       23.9202531 
    -0.009317152       24.0063182 
    -0.009227564        24.087728 
    -0.009137976       24.1682037 
    -0.009048388       24.2477454 
      -0.0089588       24.3263531 
    -0.008869212       24.4040267 
    -0.008779624       24.4892714 
    -0.008690036       24.5649412 
    -0.008600448       24.6397345 
     -0.00851086       24.7136513 
    -0.008421272       24.7866915 
    -0.008331684       24.8588552 
    -0.008242096       24.9301423 
    -0.008152508       25.0110326 
     -0.00806292       25.0811051 
    -0.007973332       25.1496429 
    -0.007883744        25.216646 
    -0.007794156       25.2821145 
    -0.007704568       25.3460482 
     -0.00761498       25.4084472 
    -0.007525392        25.456156 
    -0.007435804       25.5157744 
    -0.007346216       25.5742678 
    -0.007256628       25.6316362 
     -0.00716704       25.6878797 
    -0.007077452       25.7429982 
    -0.006987864       25.7969918 
    -0.006898276       25.8498605 
    -0.006808688       25.9016041 
      -0.0067191       25.9522229 
    -0.006629512       26.0017166 
    -0.006539924       26.0500855 
    -0.006450336       26.0973293 
    -0.006360748       26.1434482 
     -0.00627116       26.1569191 
    -0.006181572       26.2020827 
    -0.006091984       26.2465292 
    -0.006002396       26.2902586 
    -0.005912808       26.3332708 
     -0.00582322        26.375566 
    -0.005733632       26.4171441 
    -0.005644044        26.458005 
    -0.005554456       26.4981488 
    -0.005464868       26.5375755 
     -0.00537528       26.5762851 
    -0.005285692       26.6142776 
    -0.005196104        26.651553 
    -0.005106516       26.6881113 
    -0.005016928       26.7320697 
     -0.00492734       26.7670111 
    -0.004837752       26.8012054 
    -0.004748164       26.8346525 
    -0.004658576       26.8673524 
    -0.004568988       26.8993052 
      -0.0044794       26.9305108 
    -0.004389812       26.9609692 
    -0.004300224       26.9906805 
    -0.004210636       27.0196446 
    -0.004121048       27.0478616 
     -0.00403146       27.0753314 
    -0.003941872        27.102054 
    -0.003852284       27.1280294 
    -0.003762696       27.1583316 
    -0.003673108        27.182828 
     -0.00358352       27.2066623 
    -0.003493932       27.2298344 
    -0.003404344       27.2523444 
    -0.003314756       27.2741923 
    -0.003225168        27.295378 
     -0.00313558       27.3159016 
    -0.003045992       27.3357631 
    -0.002956404       27.3549624 
    -0.002866816       27.3734996 
    -0.002777228       27.3913746 
     -0.00268764       27.4085876 
    -0.002598052       27.4251383 
    -0.002508464       27.4415887 
    -0.002418876        27.456806 
    -0.002329288       27.4714698 
      -0.0022397       27.4855804 
    -0.002150112       27.4991376 
    -0.002060524       27.5121414 
    -0.001970936       27.5245919 
    -0.001881348        27.536489 
     -0.00179176       27.5478327 
    -0.001702172       27.5586231 
    -0.001612584       27.5688602 
    -0.001522996       27.5785439 
    -0.001433408       27.5876742 
     -0.00134382       27.5962512 
    -0.001254232       27.6095427 
    -0.001164644       27.6170404 
    -0.001075056       27.6239827 
    -0.000985468       27.6303697 
     -0.00089588       27.6362012 
    -0.000806292       27.6414774 
    -0.000716704       27.6461981 
    -0.000627116       27.6503635 
    -0.000537528       27.6539735 
     -0.00044794       27.6570282 
    -0.000358352       27.6595274 
    -0.000268764       27.6614712 
    -0.000179176       27.6628597 
     -8.9588e-05       27.6636928 
               0       27.6639705 
      8.9588e-05       27.6636928 
     0.000179176       27.6628597 
     0.000268764       27.6614712 
     0.000358352       27.6595274 
      0.00044794       27.6570282 
     0.000537528       27.6539735 
     0.000627116       27.6503635 
     0.000716704       27.6461981 
     0.000806292       27.6414774 
      0.00089588       27.6362012 
     0.000985468       27.6303697 
     0.001075056       27.6239827 
     0.001164644       27.6170404 
     0.001254232       27.6095427 
      0.00134382       27.5962512 
     0.001433408       27.5876742 
     0.001522996       27.5785439 
     0.001612584       27.5688602 
     0.001702172       27.5586231 
      0.00179176       27.5478327 
     0.001881348        27.536489 
     0.001970936       27.5245919 
     0.002060524       27.5121414 
     0.002150112       27.4991376 
       0.0022397       27.4855804 
     0.002329288       27.4714698 
     0.002418876        27.456806 
     0.002508464       27.4415887 
     0.002598052       27.4251383 
      0.00268764       27.4085876 
     0.002777228       27.3913746 
     0.002866816       27.3734996 
     0.002956404       27.3549624 
     0.003045992       27.3357631 
      0.00313558       27.3159016 
     0.003225168        27.295378 
     0.003314756       27.2741923 
     0.003404344       27.2523444 
     0.003493932       27.2298344 
      0.00358352       27.2066623 
     0.003673108        27.182828 
     0.003762696       27.1583316 
     0.003852284       27.1280294 
     0.003941872        27.102054 
      0.00403146       27.0753314 
     0.004121048       27.0478616 
     0.004210636       27.0196446 
     0.004300224       26.9906805 
     0.004389812       26.9609692 
       0.0044794       26.9305108 
     0.004568988       26.8993052 
     0.004658576       26.8673524 
     0.004748164       26.8346525 
     0.004837752       26.8012054 
      0.00492734       26.7670111 
     0.005016928       26.7320697 
     0.005106516       26.6881113 
     0.005196104        26.651553 
     0.005285692       26.6142776 
      0.00537528       26.5762851 
     0.005464868       26.5375755 
     0.005554456       26.4981488 
     0.005644044        26.458005 
     0.005733632       26.4171441 
      0.00582322        26.375566 
     0.005912808       26.3332708 
     0.006002396       26.2902586 
     0.006091984       26.2465292 
     0.006181572       26.2020827 
      0.00627116       26.1569191 
     0.006360748       26.1434482 
     0.006450336       26.0973293 
     0.006539924       26.0500855 
     0.006629512       26.0017166 
       0.0067191       25.9522229 
     0.006808688       25.9016041 
     0.006898276       25.8498605 
     0.006987864       25.7969918 
     0.007077452       25.7429982 
      0.00716704       25.6878797 
     0.007256628       25.6316362 
     0.007346216       25.5742678 
     0.007435804       25.5157744 
     0.007525392        25.456156 
      0.00761498       25.4084472 
     0.007704568       25.3460482 
     0.007794156       25.2821145 
     0.007883744        25.216646 
     0.007973332       25.1496429 
      0.00806292       25.0811051 
     0.008152508       25.0110326 
     0.008242096       24.9301423 
     0.008331684       24.8588552 
     0.008421272       24.7866915 
      0.00851086       24.7136513 
     0.008600448       24.6397345 
     0.008690036       24.5649412 
     0.008779624       24.4892714 
     0.008869212       24.4040267 
       0.0089588       24.3263531 
     0.009048388       24.2477454 
     0.009137976       24.1682037 
     0.009227564        24.087728 
     0.009317152       24.0063182 
      0.00940674       23.9202531 
     0.009496328       23.8367806 
     0.009585916       23.7524347 
     0.009675504       23.6672152 
     0.009765092       23.5811223 
      0.00985468       23.4941559 
     0.009944268        23.406316 
     0.010033856       23.3255338 
     0.010123444        23.235891 
     0.010213032       23.1450076 
      0.01030262       23.0528839 
     0.010392208       22.9595196 
     0.010481796        22.864915 
     0.010571384       22.7690698 
     0.010660972       22.6806674 
      0.01075056       22.5820578 
     0.010840148       22.4816953 
     0.010929736        22.376868 
     0.011019324       22.2746584 
     0.011108912       22.1716577 
       0.0111985       22.0670453 
     0.011288088       21.9624495 
     0.011377676       21.8570348 
     0.011467264        21.750801 
     0.011556852       21.6431076 
      0.01164644       21.5351409 
     0.011736028        21.426321 
     0.011825616       21.3166601 
     0.011915204       21.2061312 
     0.012004792       21.0947677 
      0.01209438       20.9828848 
     0.012183968       20.8698659 
     0.012273556       20.7560511 
     0.012363144       20.6414403 
     0.012452732       20.5265163 
      0.01254232         20.41037 
     0.012631908       20.2934761 
     0.012721496       20.1764008 
     0.012811084       20.0580603 
     0.012900672       19.9390264 
      0.01299026       19.8199214 
     0.013079848       19.6995364 
     0.013169436       19.5785171 
     0.013259024       19.4568635 
     0.013348612       19.3352626 
       0.0134382       19.2124219 
     0.013527788       19.0890099 
     0.013617376       18.9657376 
     0.013706964       18.8412482 
     0.013796552       18.7162535 
      0.01388614       18.5914873 
     0.013975728        18.465529 
     0.014065316       18.3391342 
     0.014154904       18.2123028 
     0.014244492        18.085818 
      0.01433408       17.9582112 
     0.014423668       17.8302388 
     0.014513256       17.7026853 
     0.014602844        17.574059 
     0.014692432       17.4451397 
      0.01478202       17.3167134 
     0.014871608       17.1872635 
     0.014961196       17.0575941 
     0.015050784       16.9277051 
     0.015140372       16.7984177 
      0.01522996       16.6681965 
     0.015319548       16.5378296 
     0.015409136       16.4081185 
     0.015498724        16.277544 
     0.015588312       16.1468977 
       0.0156779       16.0169624 
     0.015767488       15.8862324 
     0.015857076       15.7555037 
     0.015946664       15.6247761 
     0.016036252       15.4948526 
      0.01612584        15.364236 
     0.016215428       15.2336925 
     0.016305016       15.1039869 
     0.016394604       14.9736736 
     0.016484192       14.8435035 
      0.01657378       14.7142061 
     0.016663368       14.5843827 
     0.016752956       14.4547704 
     0.016842544       14.3260662 
     0.016932132        14.196914 
      0.01702172       14.0680383 
     0.017111308       13.9394389 
     0.017200896       13.8117997 
     0.017290484       13.6838325 
     0.017380072       13.5562042 
      0.01746966       13.4295511 
     0.017559248       13.3026574 
     0.017648836       13.1761616 
     0.017738424       13.0506566 
     0.017828012       12.9249932 
       0.0179176       12.7997834 
     0.018007188       12.6750271 
     0.018096776        12.551295 
     0.018186364       12.4275158 
     0.018275952       12.3042421 
      0.01836554       12.1819907 
     0.018455128       12.0597779 
     0.018544716       11.9381185 
     0.018634304       11.8174802 
     0.018723892       11.6969601 
      0.01881348       11.5770374 
     0.018903068        11.457712 
     0.018992656       11.3394238 
     0.019082244       11.2213505 
     0.019171832       11.1039143 
      0.01926142       10.9875005 
     0.019351008       10.8713795 
     0.019440596       10.7559314 
     0.019530184       10.6414917 
     0.019619772       10.5274162 
      0.01970936       10.4140453 
     0.019798948       10.3013789 
     0.019888536       10.1897225 
     0.019978124       10.0785083 
     0.020067712       9.96802615 
       0.0201573        9.8585305 
     0.020246888       9.74954292 
     0.020336476       9.64131112 
     0.020426064       9.53404318 
     0.020515652       9.42734298 
      0.02060524       9.32141834 
     0.020694828       9.21626925 
     0.020784416       9.11207395 
     0.020874004       9.00850443 
     0.020963592       8.90572655 
      0.02105318       8.80387405 
     0.021142768       8.70269901 
     0.021232356       8.60232816 
     0.021321944       8.50285523 
     0.021411532       8.40410578 
      0.02150112       8.30616972 
     0.021590708       8.20904704 
     0.021680296       8.11280366 
     0.021769884       8.01732246 
     0.021859472       7.92266067 
      0.02194906       7.82884808 
     0.022038648       7.73583454 
     0.022128236       7.64364346 
     0.022217824       7.55227225 
     0.022307412       7.46173229 
        0.022397       7.37201509 
     0.022486588       7.28312066 
     0.022576176       7.19502166 
     0.022665764       7.10777529 
     0.022755352       7.02134942 
      0.02284494       6.93568954 
     0.022934528       6.85090513 
     0.023024116       6.76693664 
     0.023113704       6.68370517 
     0.023203292       6.60136852 
      0.02329288       6.51984104 
     0.023382468       6.43902155 
     0.023472056       6.35911349 
     0.023561644       6.28000594 
     0.023651232        6.2016989 
      0.02374082       6.12407362 
     0.023830408       6.04736058 
     0.023919996       5.97143766 
     0.024009584       5.89616934 
     0.024099172       5.82182146 
      0.02418876       5.74825177 
     0.024278348       5.67530923 
     0.024367936       5.60329363 
     0.024457524       5.53204293 
     0.024547112       5.46155712 
       0.0246367       5.39167186 
     0.024726288       5.32270291 
     0.024815876       5.25448439 
     0.024905464        5.1868419 
     0.024995052       5.12011483 
      0.02508464       5.05412269 
     0.025174228       4.98868152 
     0.025263816       4.92415413 
     0.025353404       4.86034534 
     0.025442992       4.79725512 
      0.02553258       4.73468973 
     0.025622168       4.67301936 
     0.025711756       4.61205049 
     0.025801344       4.55158492 
     0.025890932       4.49200649 
      0.02598052       4.43311191 
     0.026070108       4.37469833 
     0.026159696       4.31716406 
     0.026249284       4.26029553 
     0.026338872       4.20409273 
      0.02642846       4.14834581 
     0.026518048       4.09345414 
     0.026607636       4.03920973 
     0.026697224       3.98540269 
     0.026786812       3.93243798 
       0.0268764       3.88010182 
     0.026965988       3.82818355 
     0.027055576       3.77709539 
     0.027145164       3.72661692 
     0.027234752       3.67674813 
      0.02732434       3.62727348 
     0.027413928        3.5786019 
     0.027503516       3.53052107 
     0.027593104        3.4828187 
     0.027682692       3.43590313 
      0.02777228        3.3895594 
     0.027861868       3.34357736 
     0.027951456       3.29836702 
     0.028041044       3.25370966 
     0.028130632       3.20960531 
      0.02822022       3.16584042 
     0.028309808         3.122819 
     0.028399396       3.08033188 
     0.028488984       3.03817111 
     0.028578572       2.99673558 
      0.02866816       2.95581582 
     0.028757748       2.91520814 
     0.028847336       2.87530892 
     0.028936924       2.83590721 
     0.029026512       2.79700301 
       0.0291161       2.75839026 
     0.029205688       2.72045789 
     0.029295276       2.68300503 
     0.029384864       2.64583276 
     0.029474452       2.60932173 
      0.02956404       2.57327253 
     0.029653628       2.53749182 
     0.029743216       2.50235489 
     0.029832804       2.46766245 
     0.029922392        2.4334145 
      0.03001198         2.399416 
     0.030101568       2.36603426 
     0.030191156       2.33308004 
     0.030280744       2.30036632 
     0.030370332       2.26825012 
      0.03045992       2.23654485 
     0.030549508       2.20506989 
     0.030639096         2.174175 
     0.030728684       2.14367484 
     0.030818272       2.11339367 
      0.03090786        2.0836768 
     0.030997448       2.05433887 
     0.031087036        2.0253799 
     0.031176624       1.99662641 
     0.031266212       1.96840885 
       0.0313558       1.94055488 
     0.031445388       1.91289784 
     0.031534976       1.88575975 
     0.031624564       1.85897033 
     0.031714152       1.83236818 
      0.03180374       1.80626971 
     0.031893328       1.78050541 
     0.031982916       1.75507526 
     0.032072504          1.72982 
     0.032162092        1.7050424 
      0.03225168       1.68058489 
     0.032341268       1.65629508 
     0.032430856       1.63246679 
     0.032520444       1.60894495 
     0.032610032       1.58558256 
      0.03269962       1.56266721 
     0.032789208       1.54004509 
     0.032878796       1.51771622 
     0.032968384       1.49553543 
     0.033057972       1.47377809 
      0.03314756       1.45230121 
     0.033237148       1.43096636 
     0.033326736       1.41003986 
     0.033416324       1.38938144 
     0.033505912       1.36885799 
       0.0335955       1.34872935 
     0.033685088       1.32885683 
     0.033774676       1.30924043 
     0.033864264       1.28974856 
     0.033953852       1.27063035 
      0.03404344       1.25175669 
     0.034133028       1.23300245 
     0.034222616       1.21460789 
     0.034312204       1.19644671 
     0.034401792       1.17839889 
      0.03449138       1.16069824 
     0.034580968       1.14322019 
     0.034670556       1.12596474 
     0.034760144       1.10881303 
     0.034849732       1.09198966 
      0.03493932       1.07537847 
     0.035028908       1.05886666 
     0.035118496       1.04267036 
     0.035208084       1.02667621 
     0.035297672       1.01077619 
      0.03538726      0.995180238 
     0.035476848      0.979776723 
     0.035566436      0.964565643 
     0.035656024      0.949439797 
     0.035745612      0.934601348 
       0.0358352      0.919945972 
     0.035924788      0.905372076 
     0.036014376      0.891073906 
     0.036103964      0.876949773 
     0.036193552      0.862902549 
      0.03628314      0.849120635 
     0.036372728       0.83550404 
     0.036462316      0.822052763 
     0.036551904      0.808670108 
     0.036641492      0.795538072 
      0.03673108      0.782562938 
     0.036820668      0.769653149 
     0.036910256        0.7569834 
     0.036999844      0.744462426 
     0.037089432      0.732002758 
      0.03717902      0.719773699 
     0.037268608      0.707685571 
     0.037358196      0.695738374 
     0.037447784      0.683844715 
     0.037537372      0.672168759 
      0.03762696      0.660626155 
     0.037716548      0.649134175 
     0.037806136      0.637850336 
     0.037895724      0.626692524 
     0.037985312      0.615581711 
       0.0380749      0.604670528 
     0.038164488      0.593878289 
     0.038254076       0.58312878 
     0.038343664      0.572571358 
     0.038433252      0.562126031 
      0.03852284      0.551792798 
     0.038612428       0.54149657 
     0.038702016      0.531380024 
     0.038791604      0.521368942 
     0.038881192      0.511391548 
      0.03897078      0.501586162 
     0.039060368      0.491879816 
     0.039149956      0.482203234 
     0.039239544      0.472691872 
     0.039329132      0.463273323 
      0.03941872      0.453947587 
     0.039508308      0.444646043 
     0.039597896        0.4354988 
     0.039687484      0.426438328 
     0.039777072      0.417398944 
      0.03986666      0.408506944 
     0.039956248      0.399695845 
     0.040045836      0.390902153 
     0.040135424      0.382249735 
     0.040225012      0.373672512 
       0.0403146      0.365170483 
     0.040404188      0.356680361 
     0.040493776      0.348321885 
     0.040583364      0.340033049 
     0.040672952      0.331753143 
      0.04076254      0.323598635 
     0.040852128      0.315508351 
     0.040941716      0.307423464 
     0.041031304      0.299458467 
     0.041120892      0.291552409 
      0.04121048       0.28370529 
     0.041300068      0.275858055 
     0.041389656       0.26812219 
     0.041479244      0.260440097 
     0.041568832      0.252754972 
      0.04165842      0.245175536 
     0.041748008      0.237644817 
     0.041837596      0.230107621 
     0.041927184      0.222671105 
     0.042016772      0.215278346 
      0.04210636      0.207929345 
     0.042195948      0.200568301 
     0.042285536      0.193300315 
     0.042375124      0.186071221 
     0.042464712      0.178827202 
       0.0425543      0.171671012 
     0.042643888      0.164548934 
     0.042733476       0.15740836 
     0.042823064      0.150351199 
     0.042912652      0.143323456 
      0.04300224      0.136325134 
     0.043091828      0.129301443 
     0.043181416      0.122355597 
     0.043271004      0.115434578 
     0.043360592      0.108479845 
      0.04345018      0.101603785 
     0.043539768     0.0947481127 
     0.043629356     0.0878364455 
     0.043718944     0.0810184311 
     0.043808532     0.0742168905 
      0.04389812     0.0674318236 
     0.043987708     0.0607597814 
     0.044077296     0.0540086946 
     0.044166884     0.0472576077 
     0.044256472     0.0403718338 
      0.04434606     0.0336431949 
     0.044435648     0.0269145559 
     0.044525236     0.0200869253 
     0.044614824     0.0133912835 
     0.044704412    0.00669564176 
        0.044794   1.39399713e-14 
