      -0.0459415     1.781445e-14 
    -0.045849617    0.00614307919 
    -0.045757734     0.0122861584 
    -0.045665851     0.0184292376 
    -0.045573968     0.0246934591 
    -0.045482085     0.0308668239 
    -0.045390202     0.0370401887 
    -0.045298319     0.0433578292 
    -0.045206436     0.0495518048 
    -0.045114553     0.0557457804 
     -0.04502267     0.0618753093 
    -0.044930787     0.0681045578 
    -0.044838904     0.0743493261 
    -0.044747021     0.0806778515 
    -0.044655138     0.0869556352 
    -0.044563255      0.093252628 
    -0.044471372     0.0995688301 
    -0.044379489      0.105957587 
    -0.044287606      0.112317878 
    -0.044195723      0.118701561 
     -0.04410384      0.125156914 
    -0.044011957      0.131592192 
    -0.043920074      0.138055189 
    -0.043828191      0.144593262 
    -0.043736308      0.151115568 
    -0.043644425      0.157670016 
    -0.043552542      0.164304294 
    -0.043460659      0.170925918 
    -0.043368776      0.177584189 
    -0.043276893      0.184279108 
     -0.04318501      0.191061056 
    -0.043093127      0.197835735 
    -0.043001244       0.20465165 
    -0.042909361      0.211559287 
    -0.042817478      0.218463173 
    -0.042725595      0.225412968 
    -0.042633712      0.232459571 
    -0.042541829      0.239505687 
    -0.042449946      0.246602481 
    -0.042358063      0.253801592 
     -0.04226618      0.261003208 
    -0.042174297      0.268260374 
    -0.042082414      0.275573091 
    -0.041990531      0.282996474 
    -0.041898648      0.290427661 
    -0.041806765      0.297919384 
    -0.041714882      0.305527096 
    -0.041622999      0.313146252 
    -0.041531116      0.320831053 
    -0.041439233      0.328637632 
     -0.04134735      0.336459025 
    -0.041255467      0.344351306 
    -0.041163584      0.352371654 
    -0.041071701      0.360409899 
    -0.040979818       0.36852442 
    -0.040887935      0.376715215 
    -0.040796052      0.385043909 
    -0.040704169      0.393395809 
    -0.040612286      0.401829524 
    -0.040520403      0.410407281 
     -0.04042852      0.419012104 
    -0.040336637       0.42770445 
    -0.040244754       0.43654751 
    -0.040152871      0.445421231 
    -0.040060988      0.454388357 
    -0.039969105      0.463513439 
    -0.039877222      0.472672486 
    -0.039785339      0.481931008 
    -0.039693456      0.491355336 
    -0.039601573      0.500816618 
     -0.03950969      0.510383644 
    -0.039417807      0.520056415 
    -0.039325924      0.529905909 
    -0.039234041      0.539799063 
    -0.039142158       0.54980444 
    -0.039050275      0.559994253 
    -0.038958392      0.570231703 
    -0.038866509      0.580588074 
    -0.038774626      0.591137241 
    -0.038682743      0.601737723 
     -0.03859086      0.612464058 
    -0.038498977      0.623392244 
    -0.038407094       0.63437509 
    -0.038315211      0.645490966 
    -0.038223328      0.656739873 
    -0.038131445       0.66820366 
    -0.038039562       0.67972929 
    -0.037947679      0.691395384 
    -0.037855796      0.703285265 
    -0.037763913      0.715241524 
     -0.03767203      0.727345947 
    -0.037580147      0.739683799 
    -0.037488264       0.75209225 
    -0.037396381      0.764656846 
    -0.037304498      0.777465302 
    -0.037212615      0.790348226 
    -0.037120732      0.803395571 
    -0.037028849      0.816607334 
    -0.036936966      0.830078474 
    -0.036845083      0.843631897 
      -0.0367532      0.857358317 
    -0.036661317       0.87135436 
    -0.036569434      0.885437978 
    -0.036477551      0.899703487 
    -0.036385668       0.91424969 
    -0.036293785       0.92888843 
    -0.036201902      0.943718285 
    -0.036110019      0.958840788 
    -0.036018136       0.97406042 
    -0.035926253      0.989480729 
     -0.03583437       1.00510172 
    -0.035742487       1.02103374 
    -0.035650604       1.03707149 
    -0.035558721       1.05331984 
    -0.035466838       1.06989092 
    -0.035374955         1.086574 
    -0.035283072       1.10347796 
    -0.035191189       1.12071726 
    -0.035099306        1.1380745 
    -0.035007423       1.15566327 
     -0.03491554       1.17360096 
    -0.034823657       1.19166214 
    -0.034731774       1.20996588 
    -0.034639891       1.22863317 
    -0.034548008       1.24742905 
    -0.034456125       1.26647892 
    -0.034364242       1.28578278 
    -0.034272359        1.3054704 
    -0.034180476       1.32529857 
    -0.034088593       1.34539257 
     -0.03399671        1.3658845 
    -0.033904827       1.38652417 
    -0.033812944       1.40744192 
    -0.033721061       1.42877283 
    -0.033629178       1.45025825 
    -0.033537295       1.47203442 
    -0.033445412        1.4942401 
    -0.033353529        1.5166066 
    -0.033261646       1.53927695 
    -0.033169763       1.56225115 
     -0.03307788        1.5856783 
    -0.032985997       1.60927967 
    -0.032894114       1.63319842 
    -0.032802231       1.65758577 
    -0.032710348       1.68215611 
    -0.032618465       1.70705779 
    -0.032526582       1.73244482 
    -0.032434699       1.75802316 
    -0.032342816       1.78394726 
    -0.032250933        1.8103746 
     -0.03215905       1.83700112 
    -0.032067167       1.86398824 
    -0.031975284       1.89133597 
    -0.031883401       1.91921364 
    -0.031791518        1.9473055 
    -0.031699635       1.97577324 
    -0.031607752       2.00478777 
    -0.031515869       2.03402718 
    -0.031423986       2.06365818 
    -0.031332103       2.09385388 
     -0.03124022       2.12428475 
    -0.031148337       2.15512335 
    -0.031056454       2.18654565 
    -0.030964571       2.21821294 
    -0.030872688       2.25030454 
    -0.030780805       2.28282043 
    -0.030688922        2.3159497 
    -0.030597039       2.34934071 
    -0.030505156       2.38317297 
    -0.030413273       2.41763604 
     -0.03032139       2.45237388 
    -0.030229507       2.48757032 
    -0.030137624       2.52341595 
    -0.030045741         2.559549 
    -0.029953858       2.59615835 
    -0.029861975       2.63343622 
    -0.029770092       2.67101376 
    -0.029678209       2.70908564 
    -0.029586326       2.74765185 
    -0.029494443       2.78691842 
     -0.02940256       2.82650323 
    -0.029310677       2.86660073 
    -0.029218794       2.90741557 
    -0.029126911       2.94856446 
    -0.029035028       2.99024464 
    -0.028943145       3.03265986 
    -0.028851262       3.07542461 
    -0.028759379       3.11873947 
    -0.028667496       3.16280772 
    -0.028575613       3.20724062 
     -0.02848373       3.25224264 
    -0.028391847       3.29801695 
    -0.028299964       3.34417072 
    -0.028208081       3.39091273 
    -0.028116198       3.43824299 
    -0.028024315       3.48637402 
    -0.027932432       3.53490907 
    -0.027840549       3.58405154 
    -0.027748666       3.63401004 
    -0.027656783       3.68439123 
      -0.0275649       3.73539899 
    -0.027473017        3.7872382 
    -0.027381134       3.83951852 
    -0.027289251       3.89244446 
    -0.027197368       3.94621723 
    -0.027105485       4.00044936 
    -0.027013602       4.05534598 
    -0.026921719       4.11090708 
    -0.026829836       4.16734068 
    -0.026737953       4.22425984 
     -0.02664607       4.28186206 
    -0.026554187       4.34034716 
    -0.026462304       4.39933989 
    -0.026370421       4.45903384 
    -0.026278538       4.51962047 
    -0.026186655       4.58073667 
    -0.026094772       4.64257174 
    -0.026002889       4.70530843 
    -0.025911006       4.76859661 
    -0.025819123       4.83262066 
     -0.02572724       4.89738058 
    -0.025635357       4.96306104 
    -0.025543474       5.02932009 
    -0.025451591       5.09633122 
    -0.025359708       5.16426524 
    -0.025267825       5.23280314 
    -0.025175942       5.30210838 
    -0.025084059       5.37233732 
    -0.024992176       5.44319537 
    -0.024900293       5.51483493 
     -0.02480841       5.58739708 
    -0.024716527        5.6606137 
    -0.024624644       5.73462472 
    -0.024532761       5.80943015 
    -0.024440878       5.88516512 
    -0.024348995       5.96158126 
    -0.024257112       6.03880323 
    -0.024165229       6.11694544 
    -0.024073346       6.19579643 
    -0.023981463       6.27546304 
     -0.02388958       6.35603792 
    -0.023797697       6.43734913 
    -0.023705814       6.51948393 
    -0.023613931       6.60251187 
    -0.023522048       6.68630387 
    -0.023430165       6.77092537 
    -0.023338282       6.85642119 
    -0.023246399       6.94270927 
    -0.023154516       7.02983048 
    -0.023062633       7.11778484 
     -0.02297075        7.2065966 
    -0.022878867       7.29622458 
    -0.022786984       7.38668688 
    -0.022695101       7.47797828 
    -0.022603218       7.57011359 
    -0.022511335       7.66308172 
    -0.022419452       7.75684633 
    -0.022327569       7.85148257 
    -0.022235686       7.94694726 
    -0.022143803       8.04317089 
     -0.02205192       8.14029423 
    -0.021960037       8.23823852 
    -0.021868154       8.33700373 
    -0.021776271       8.43648741 
    -0.021684388       8.53688623 
    -0.021592505       8.63809518 
    -0.021500622       8.73997569 
    -0.021408739       8.84279539 
    -0.021316856       8.94641094 
    -0.021224973       9.05064602 
     -0.02113309       9.15584397 
    -0.021041207       9.26181981 
    -0.020949324       9.36835752 
    -0.020857441       9.47588167 
    -0.020765558       9.58416194 
    -0.020673675       9.69319834 
    -0.020581792       9.80272885 
    -0.020489909       9.91324782 
    -0.020398026       10.0244972 
    -0.020306143       10.1361756 
     -0.02021426       10.2488573 
    -0.020122377       10.3622397 
    -0.020030494       10.4759808 
    -0.019938611       10.5907391 
    -0.019846728       10.7061641 
    -0.019754845        10.821872 
    -0.019662962         10.93861 
    -0.019571079       11.0559766 
    -0.019479196       11.1739717 
    -0.019387313       11.2921549 
     -0.01929543       11.4113515 
    -0.019203547       11.5311345 
    -0.019111664       11.6510265 
    -0.019019781       11.7719311 
    -0.018927898       11.8933756 
    -0.018836015        12.014846 
    -0.018744132       12.1373261 
    -0.018652249       12.2602955 
    -0.018560366       12.3832033 
    -0.018468483       12.5071161 
      -0.0183766       12.6314639 
    -0.018284717       12.7562466 
    -0.018192834       12.8808512 
    -0.018100951       13.0064211 
    -0.018009068       13.1323679 
    -0.017917185       13.2580526 
    -0.017825302       13.3846793 
    -0.017733419       13.5116213 
    -0.017641536        13.638215 
    -0.017549653       13.7657246 
     -0.01745777       13.8934847 
    -0.017365887       14.0208079 
    -0.017274004       14.1490187 
    -0.017182121       14.2774124 
    -0.017090238       14.4052788 
    -0.016998355        14.534002 
    -0.016906472       14.6628381 
    -0.016814589        14.791787 
    -0.016722706       14.9200958 
    -0.016630823       15.0491776 
     -0.01653894       15.1783001 
    -0.016447057       15.3067059 
    -0.016355174       15.4358319 
    -0.016263291       15.5649251 
    -0.016171408       15.6932254 
    -0.016079525       15.8221909 
    -0.015987642       15.9510491 
    -0.015895759        16.079039 
    -0.015803876       16.2076371 
    -0.015711993       16.3360527 
     -0.01562011        16.464286 
    -0.015528227        16.591549 
    -0.015436344       16.7193143 
    -0.015344461       16.8468223 
    -0.015252578       16.9733059 
    -0.015160695        17.100214 
    -0.015068812       17.2267907 
    -0.014976929       17.3522916 
    -0.014885046       17.4781381 
    -0.014793163       17.6035803 
     -0.01470128       17.7278993 
    -0.014609397       17.8524834 
    -0.014517514       17.9765923 
    -0.014425631        18.100226 
    -0.014333748       18.2226619 
    -0.014241865       18.3452444 
    -0.014149982       18.4672833 
    -0.014058099       18.5881067 
    -0.013966216       18.7089769 
    -0.013874333       18.8292384 
     -0.01378245       18.9482808 
    -0.013690567       19.0672616 
    -0.013598684       19.1855726 
    -0.013506801       19.3026923 
    -0.013414918       19.4196173 
    -0.013323035       19.5358172 
    -0.013231152       19.6512919 
    -0.013139269       19.7656413 
    -0.013047386       19.8795874 
    -0.012955503       19.9927627 
     -0.01286362       20.1050707 
    -0.012771737       20.2166525 
    -0.012679854       20.3274383 
    -0.012587971       20.4379451 
    -0.012496088       20.5471172 
    -0.012404205        20.655524 
    -0.012312322       20.7639553 
    -0.012220439        20.870853 
    -0.012128556       20.9770084 
    -0.012036673       21.0855974 
     -0.01194479       21.1905217 
    -0.011852907       21.2936751 
    -0.011761024       21.3950575 
    -0.011669141       21.4865153 
    -0.011577258       21.5854333 
    -0.011485375       21.6831099 
    -0.011393492        21.779545 
    -0.011301609       21.8747388 
    -0.011209726       21.9686911 
    -0.011117843       22.0533846 
     -0.01102596       22.1454453 
    -0.010934077        22.236648 
    -0.010842194       22.3269929 
    -0.010750311       22.4164799 
    -0.010658428        22.505109 
    -0.010566545       22.5928802 
    -0.010474662       22.6833576 
    -0.010382779        22.769071 
    -0.010290896       22.8538478 
    -0.010199013       22.9376882 
     -0.01010713        23.020592 
    -0.010015247       23.1025593 
    -0.009923364       23.1920191 
    -0.009831481       23.2719633 
    -0.009739598       23.3510202 
    -0.009647715       23.4291899 
    -0.009555832       23.5064723 
    -0.009463949       23.5828675 
    -0.009372066       23.6583754 
    -0.009280183        23.743765 
      -0.0091883       23.8178831 
    -0.009096417       23.8903968 
    -0.009004534        23.961306 
    -0.008912651       24.0306107 
    -0.008820768       24.0983111 
    -0.008728885       24.1518371 
    -0.008637002       24.2164736 
    -0.008545119       24.2799249 
    -0.008453236        24.342191 
    -0.008361353       24.4032719 
     -0.00826947       24.4631677 
    -0.008177587       24.5218782 
    -0.008085704       24.5794035 
    -0.007993821       24.6357437 
    -0.007901938       24.6908986 
    -0.007810055       24.7448684 
    -0.007718172       24.7976529 
    -0.007626289       24.8492523 
    -0.007534406       24.8996664 
    -0.007442523       24.9168344 
     -0.00735064        24.966217 
    -0.007258757       25.0148568 
    -0.007166874       25.0627538 
    -0.007074991       25.1099079 
    -0.006983108       25.1563193 
    -0.006891225       25.2019878 
    -0.006799342       25.2469135 
    -0.006707459       25.2910964 
    -0.006615576       25.3345365 
    -0.006523693       25.3772338 
     -0.00643181       25.4191883 
    -0.006339927          25.4604 
    -0.006248044       25.5008688 
    -0.006156161       25.5489253 
    -0.006064278       25.5877003 
    -0.005972395        25.625702 
    -0.005880512       25.6629304 
    -0.005788629       25.6993854 
    -0.005696746       25.7350672 
    -0.005604863       25.7699757 
     -0.00551298       25.8041109 
    -0.005421097       25.8374728 
    -0.005329214       25.8700614 
    -0.005237331       25.9018767 
    -0.005145448       25.9329187 
    -0.005053565       25.9631874 
    -0.004961682       25.9969578 
    -0.004869799       26.0257031 
    -0.004777916       26.0537801 
    -0.004686033       26.0811886 
     -0.00459415       26.1079286 
    -0.004502267       26.1340003 
    -0.004410384       26.1594035 
    -0.004318501       26.1841383 
    -0.004226618       26.2082046 
    -0.004134735       26.2316026 
    -0.004042852       26.2543321 
    -0.003950969       26.2763931 
    -0.003859086       26.2977857 
    -0.003767203         26.31851 
     -0.00367532        26.339068 
    -0.003583437       26.3586145 
    -0.003491554       26.3775976 
    -0.003399671       26.3960174 
    -0.003307788       26.4138738 
    -0.003215905        26.431167 
    -0.003124022       26.4478968 
    -0.003032139       26.4640634 
    -0.002940256       26.4796666 
    -0.002848373       26.4947065 
     -0.00275649        26.509183 
    -0.002664607       26.5230963 
    -0.002572724       26.5364462 
    -0.002480841       26.5475234 
    -0.002388958       26.5597102 
    -0.002297075        26.571437 
    -0.002205192        26.582704 
    -0.002113309       26.5935111 
    -0.002021426       26.6038583 
    -0.001929543       26.6137457 
     -0.00183766       26.6231732 
    -0.001745777       26.6321408 
    -0.001653894       26.6406485 
    -0.001562011       26.6486963 
    -0.001470128       26.6562843 
    -0.001378245       26.6634124 
    -0.001286362       26.6700806 
    -0.001194479       26.6807641 
    -0.001102596       26.6864941 
    -0.001010713       26.6917658 
     -0.00091883        26.696579 
    -0.000826947       26.7009338 
    -0.000735064       26.7048302 
    -0.000643181       26.7082683 
    -0.000551298       26.7112479 
    -0.000459415       26.7137691 
    -0.000367532       26.7158319 
    -0.000275649       26.7174363 
    -0.000183766       26.7185823 
     -9.1883e-05       26.7192699 
               0       26.7194992 
      9.1883e-05       26.7192699 
     0.000183766       26.7185823 
     0.000275649       26.7174363 
     0.000367532       26.7158319 
     0.000459415       26.7137691 
     0.000551298       26.7112479 
     0.000643181       26.7082683 
     0.000735064       26.7048302 
     0.000826947       26.7009338 
      0.00091883        26.696579 
     0.001010713       26.6917658 
     0.001102596       26.6864941 
     0.001194479       26.6807641 
     0.001286362       26.6700806 
     0.001378245       26.6634124 
     0.001470128       26.6562843 
     0.001562011       26.6486963 
     0.001653894       26.6406485 
     0.001745777       26.6321408 
      0.00183766       26.6231732 
     0.001929543       26.6137457 
     0.002021426       26.6038583 
     0.002113309       26.5935111 
     0.002205192        26.582704 
     0.002297075        26.571437 
     0.002388958       26.5597102 
     0.002480841       26.5475234 
     0.002572724       26.5364462 
     0.002664607       26.5230963 
      0.00275649        26.509183 
     0.002848373       26.4947065 
     0.002940256       26.4796666 
     0.003032139       26.4640634 
     0.003124022       26.4478968 
     0.003215905        26.431167 
     0.003307788       26.4138738 
     0.003399671       26.3960174 
     0.003491554       26.3775976 
     0.003583437       26.3586145 
      0.00367532        26.339068 
     0.003767203         26.31851 
     0.003859086       26.2977857 
     0.003950969       26.2763931 
     0.004042852       26.2543321 
     0.004134735       26.2316026 
     0.004226618       26.2082046 
     0.004318501       26.1841383 
     0.004410384       26.1594035 
     0.004502267       26.1340003 
      0.00459415       26.1079286 
     0.004686033       26.0811886 
     0.004777916       26.0537801 
     0.004869799       26.0257031 
     0.004961682       25.9969578 
     0.005053565       25.9631874 
     0.005145448       25.9329187 
     0.005237331       25.9018767 
     0.005329214       25.8700614 
     0.005421097       25.8374728 
      0.00551298       25.8041109 
     0.005604863       25.7699757 
     0.005696746       25.7350672 
     0.005788629       25.6993854 
     0.005880512       25.6629304 
     0.005972395        25.625702 
     0.006064278       25.5877003 
     0.006156161       25.5489253 
     0.006248044       25.5008688 
     0.006339927          25.4604 
      0.00643181       25.4191883 
     0.006523693       25.3772338 
     0.006615576       25.3345365 
     0.006707459       25.2910964 
     0.006799342       25.2469135 
     0.006891225       25.2019878 
     0.006983108       25.1563193 
     0.007074991       25.1099079 
     0.007166874       25.0627538 
     0.007258757       25.0148568 
      0.00735064        24.966217 
     0.007442523       24.9168344 
     0.007534406       24.8996664 
     0.007626289       24.8492523 
     0.007718172       24.7976529 
     0.007810055       24.7448684 
     0.007901938       24.6908986 
     0.007993821       24.6357437 
     0.008085704       24.5794035 
     0.008177587       24.5218782 
      0.00826947       24.4631677 
     0.008361353       24.4032719 
     0.008453236        24.342191 
     0.008545119       24.2799249 
     0.008637002       24.2164736 
     0.008728885       24.1518371 
     0.008820768       24.0983111 
     0.008912651       24.0306107 
     0.009004534        23.961306 
     0.009096417       23.8903968 
       0.0091883       23.8178831 
     0.009280183        23.743765 
     0.009372066       23.6583754 
     0.009463949       23.5828675 
     0.009555832       23.5064723 
     0.009647715       23.4291899 
     0.009739598       23.3510202 
     0.009831481       23.2719633 
     0.009923364       23.1920191 
     0.010015247       23.1025593 
      0.01010713        23.020592 
     0.010199013       22.9376882 
     0.010290896       22.8538478 
     0.010382779        22.769071 
     0.010474662       22.6833576 
     0.010566545       22.5928802 
     0.010658428        22.505109 
     0.010750311       22.4164799 
     0.010842194       22.3269929 
     0.010934077        22.236648 
      0.01102596       22.1454453 
     0.011117843       22.0533846 
     0.011209726       21.9686911 
     0.011301609       21.8747388 
     0.011393492        21.779545 
     0.011485375       21.6831099 
     0.011577258       21.5854333 
     0.011669141       21.4865153 
     0.011761024       21.3950575 
     0.011852907       21.2936751 
      0.01194479       21.1905217 
     0.012036673       21.0855974 
     0.012128556       20.9770084 
     0.012220439        20.870853 
     0.012312322       20.7639553 
     0.012404205        20.655524 
     0.012496088       20.5471172 
     0.012587971       20.4379451 
     0.012679854       20.3274383 
     0.012771737       20.2166525 
      0.01286362       20.1050707 
     0.012955503       19.9927627 
     0.013047386       19.8795874 
     0.013139269       19.7656413 
     0.013231152       19.6512919 
     0.013323035       19.5358172 
     0.013414918       19.4196173 
     0.013506801       19.3026923 
     0.013598684       19.1855726 
     0.013690567       19.0672616 
      0.01378245       18.9482808 
     0.013874333       18.8292384 
     0.013966216       18.7089769 
     0.014058099       18.5881067 
     0.014149982       18.4672833 
     0.014241865       18.3452444 
     0.014333748       18.2226619 
     0.014425631        18.100226 
     0.014517514       17.9765923 
     0.014609397       17.8524834 
      0.01470128       17.7278993 
     0.014793163       17.6035803 
     0.014885046       17.4781381 
     0.014976929       17.3522916 
     0.015068812       17.2267907 
     0.015160695        17.100214 
     0.015252578       16.9733059 
     0.015344461       16.8468223 
     0.015436344       16.7193143 
     0.015528227        16.591549 
      0.01562011        16.464286 
     0.015711993       16.3360527 
     0.015803876       16.2076371 
     0.015895759        16.079039 
     0.015987642       15.9510491 
     0.016079525       15.8221909 
     0.016171408       15.6932254 
     0.016263291       15.5649251 
     0.016355174       15.4358319 
     0.016447057       15.3067059 
      0.01653894       15.1783001 
     0.016630823       15.0491776 
     0.016722706       14.9200958 
     0.016814589        14.791787 
     0.016906472       14.6628381 
     0.016998355        14.534002 
     0.017090238       14.4052788 
     0.017182121       14.2774124 
     0.017274004       14.1490187 
     0.017365887       14.0208079 
      0.01745777       13.8934847 
     0.017549653       13.7657246 
     0.017641536        13.638215 
     0.017733419       13.5116213 
     0.017825302       13.3846793 
     0.017917185       13.2580526 
     0.018009068       13.1323679 
     0.018100951       13.0064211 
     0.018192834       12.8808512 
     0.018284717       12.7562466 
       0.0183766       12.6314639 
     0.018468483       12.5071161 
     0.018560366       12.3832033 
     0.018652249       12.2602955 
     0.018744132       12.1373261 
     0.018836015        12.014846 
     0.018927898       11.8933756 
     0.019019781       11.7719311 
     0.019111664       11.6510265 
     0.019203547       11.5311345 
      0.01929543       11.4113515 
     0.019387313       11.2921549 
     0.019479196       11.1739717 
     0.019571079       11.0559766 
     0.019662962         10.93861 
     0.019754845        10.821872 
     0.019846728       10.7061641 
     0.019938611       10.5907391 
     0.020030494       10.4759808 
     0.020122377       10.3622397 
      0.02021426       10.2488573 
     0.020306143       10.1361756 
     0.020398026       10.0244972 
     0.020489909       9.91324782 
     0.020581792       9.80272885 
     0.020673675       9.69319834 
     0.020765558       9.58416194 
     0.020857441       9.47588167 
     0.020949324       9.36835752 
     0.021041207       9.26181981 
      0.02113309       9.15584397 
     0.021224973       9.05064602 
     0.021316856       8.94641094 
     0.021408739       8.84279539 
     0.021500622       8.73997569 
     0.021592505       8.63809518 
     0.021684388       8.53688623 
     0.021776271       8.43648741 
     0.021868154       8.33700373 
     0.021960037       8.23823852 
      0.02205192       8.14029423 
     0.022143803       8.04317089 
     0.022235686       7.94694726 
     0.022327569       7.85148257 
     0.022419452       7.75684633 
     0.022511335       7.66308172 
     0.022603218       7.57011359 
     0.022695101       7.47797828 
     0.022786984       7.38668688 
     0.022878867       7.29622458 
      0.02297075        7.2065966 
     0.023062633       7.11778484 
     0.023154516       7.02983048 
     0.023246399       6.94270927 
     0.023338282       6.85642119 
     0.023430165       6.77092537 
     0.023522048       6.68630387 
     0.023613931       6.60251187 
     0.023705814       6.51948393 
     0.023797697       6.43734913 
      0.02388958       6.35603792 
     0.023981463       6.27546304 
     0.024073346       6.19579643 
     0.024165229       6.11694544 
     0.024257112       6.03880323 
     0.024348995       5.96158126 
     0.024440878       5.88516512 
     0.024532761       5.80943015 
     0.024624644       5.73462472 
     0.024716527        5.6606137 
      0.02480841       5.58739708 
     0.024900293       5.51483493 
     0.024992176       5.44319537 
     0.025084059       5.37233732 
     0.025175942       5.30210838 
     0.025267825       5.23280314 
     0.025359708       5.16426524 
     0.025451591       5.09633122 
     0.025543474       5.02932009 
     0.025635357       4.96306104 
      0.02572724       4.89738058 
     0.025819123       4.83262066 
     0.025911006       4.76859661 
     0.026002889       4.70530843 
     0.026094772       4.64257174 
     0.026186655       4.58073667 
     0.026278538       4.51962047 
     0.026370421       4.45903384 
     0.026462304       4.39933989 
     0.026554187       4.34034716 
      0.02664607       4.28186206 
     0.026737953       4.22425984 
     0.026829836       4.16734068 
     0.026921719       4.11090708 
     0.027013602       4.05534598 
     0.027105485       4.00044936 
     0.027197368       3.94621723 
     0.027289251       3.89244446 
     0.027381134       3.83951852 
     0.027473017        3.7872382 
       0.0275649       3.73539899 
     0.027656783       3.68439123 
     0.027748666       3.63401004 
     0.027840549       3.58405154 
     0.027932432       3.53490907 
     0.028024315       3.48637402 
     0.028116198       3.43824299 
     0.028208081       3.39091273 
     0.028299964       3.34417072 
     0.028391847       3.29801695 
      0.02848373       3.25224264 
     0.028575613       3.20724062 
     0.028667496       3.16280772 
     0.028759379       3.11873947 
     0.028851262       3.07542461 
     0.028943145       3.03265986 
     0.029035028       2.99024464 
     0.029126911       2.94856446 
     0.029218794       2.90741557 
     0.029310677       2.86660073 
      0.02940256       2.82650323 
     0.029494443       2.78691842 
     0.029586326       2.74765185 
     0.029678209       2.70908564 
     0.029770092       2.67101376 
     0.029861975       2.63343622 
     0.029953858       2.59615835 
     0.030045741         2.559549 
     0.030137624       2.52341595 
     0.030229507       2.48757032 
      0.03032139       2.45237388 
     0.030413273       2.41763604 
     0.030505156       2.38317297 
     0.030597039       2.34934071 
     0.030688922        2.3159497 
     0.030780805       2.28282043 
     0.030872688       2.25030454 
     0.030964571       2.21821294 
     0.031056454       2.18654565 
     0.031148337       2.15512335 
      0.03124022       2.12428475 
     0.031332103       2.09385388 
     0.031423986       2.06365818 
     0.031515869       2.03402718 
     0.031607752       2.00478777 
     0.031699635       1.97577324 
     0.031791518        1.9473055 
     0.031883401       1.91921364 
     0.031975284       1.89133597 
     0.032067167       1.86398824 
      0.03215905       1.83700112 
     0.032250933        1.8103746 
     0.032342816       1.78394726 
     0.032434699       1.75802316 
     0.032526582       1.73244482 
     0.032618465       1.70705779 
     0.032710348       1.68215611 
     0.032802231       1.65758577 
     0.032894114       1.63319842 
     0.032985997       1.60927967 
      0.03307788        1.5856783 
     0.033169763       1.56225115 
     0.033261646       1.53927695 
     0.033353529        1.5166066 
     0.033445412        1.4942401 
     0.033537295       1.47203442 
     0.033629178       1.45025825 
     0.033721061       1.42877283 
     0.033812944       1.40744192 
     0.033904827       1.38652417 
      0.03399671        1.3658845 
     0.034088593       1.34539257 
     0.034180476       1.32529857 
     0.034272359        1.3054704 
     0.034364242       1.28578278 
     0.034456125       1.26647892 
     0.034548008       1.24742905 
     0.034639891       1.22863317 
     0.034731774       1.20996588 
     0.034823657       1.19166214 
      0.03491554       1.17360096 
     0.035007423       1.15566327 
     0.035099306        1.1380745 
     0.035191189       1.12071726 
     0.035283072       1.10347796 
     0.035374955         1.086574 
     0.035466838       1.06989092 
     0.035558721       1.05331984 
     0.035650604       1.03707149 
     0.035742487       1.02103374 
      0.03583437       1.00510172 
     0.035926253      0.989480729 
     0.036018136       0.97406042 
     0.036110019      0.958840788 
     0.036201902      0.943718285 
     0.036293785       0.92888843 
     0.036385668       0.91424969 
     0.036477551      0.899703487 
     0.036569434      0.885437978 
     0.036661317       0.87135436 
       0.0367532      0.857358317 
     0.036845083      0.843631897 
     0.036936966      0.830078474 
     0.037028849      0.816607334 
     0.037120732      0.803395571 
     0.037212615      0.790348226 
     0.037304498      0.777465302 
     0.037396381      0.764656846 
     0.037488264       0.75209225 
     0.037580147      0.739683799 
      0.03767203      0.727345947 
     0.037763913      0.715241524 
     0.037855796      0.703285265 
     0.037947679      0.691395384 
     0.038039562       0.67972929 
     0.038131445       0.66820366 
     0.038223328      0.656739873 
     0.038315211      0.645490966 
     0.038407094       0.63437509 
     0.038498977      0.623392244 
      0.03859086      0.612464058 
     0.038682743      0.601737723 
     0.038774626      0.591137241 
     0.038866509      0.580588074 
     0.038958392      0.570231703 
     0.039050275      0.559994253 
     0.039142158       0.54980444 
     0.039234041      0.539799063 
     0.039325924      0.529905909 
     0.039417807      0.520056415 
      0.03950969      0.510383644 
     0.039601573      0.500816618 
     0.039693456      0.491355336 
     0.039785339      0.481931008 
     0.039877222      0.472672486 
     0.039969105      0.463513439 
     0.040060988      0.454388357 
     0.040152871      0.445421231 
     0.040244754       0.43654751 
     0.040336637       0.42770445 
      0.04042852      0.419012104 
     0.040520403      0.410407281 
     0.040612286      0.401829524 
     0.040704169      0.393395809 
     0.040796052      0.385043909 
     0.040887935      0.376715215 
     0.040979818       0.36852442 
     0.041071701      0.360409899 
     0.041163584      0.352371654 
     0.041255467      0.344351306 
      0.04134735      0.336459025 
     0.041439233      0.328637632 
     0.041531116      0.320831053 
     0.041622999      0.313146252 
     0.041714882      0.305527096 
     0.041806765      0.297919384 
     0.041898648      0.290427661 
     0.041990531      0.282996474 
     0.042082414      0.275573091 
     0.042174297      0.268260374 
      0.04226618      0.261003208 
     0.042358063      0.253801592 
     0.042449946      0.246602481 
     0.042541829      0.239505687 
     0.042633712      0.232459571 
     0.042725595      0.225412968 
     0.042817478      0.218463173 
     0.042909361      0.211559287 
     0.043001244       0.20465165 
     0.043093127      0.197835735 
      0.04318501      0.191061056 
     0.043276893      0.184279108 
     0.043368776      0.177584189 
     0.043460659      0.170925918 
     0.043552542      0.164304294 
     0.043644425      0.157670016 
     0.043736308      0.151115568 
     0.043828191      0.144593262 
     0.043920074      0.138055189 
     0.044011957      0.131592192 
      0.04410384      0.125156914 
     0.044195723      0.118701561 
     0.044287606      0.112317878 
     0.044379489      0.105957587 
     0.044471372     0.0995688301 
     0.044563255      0.093252628 
     0.044655138     0.0869556352 
     0.044747021     0.0806778515 
     0.044838904     0.0743493261 
     0.044930787     0.0681045578 
      0.04502267     0.0618753093 
     0.045114553     0.0557457804 
     0.045206436     0.0495518048 
     0.045298319     0.0433578292 
     0.045390202     0.0370401887 
     0.045482085     0.0308668239 
     0.045573968     0.0246934591 
     0.045665851     0.0184292376 
     0.045757734     0.0122861584 
     0.045849617    0.00614307919 
       0.0459415     1.781445e-14 
