      -0.0462245   6.50897115e-15 
    -0.046132051     0.0061591625 
    -0.046039602      0.012318325 
    -0.045947153     0.0184774875 
    -0.045854704       0.02463665 
    -0.045762255     0.0307958125 
    -0.045669806      0.036954975 
    -0.045577357     0.0431141375 
    -0.045484908        0.0492733 
    -0.045392459     0.0554324625 
     -0.04530001      0.061591625 
    -0.045207561     0.0677507875 
    -0.045115112       0.07390995 
    -0.045022663     0.0821818842 
    -0.044930214     0.0885035676 
    -0.044837765      0.094825251 
    -0.044745316      0.101146934 
    -0.044652867      0.107468618 
    -0.044560418      0.113790301 
    -0.044467969      0.120111985 
     -0.04437552      0.126433668 
    -0.044283071      0.132755351 
    -0.044190622      0.139077035 
    -0.044098173      0.145398718 
    -0.044005724      0.151720402 
    -0.043913275      0.162969551 
    -0.043820826      0.169488333 
    -0.043728377      0.176007115 
    -0.043635928      0.182525897 
    -0.043543479      0.189044679 
     -0.04345103      0.195563461 
    -0.043358581      0.202082243 
    -0.043266132      0.208601025 
    -0.043173683      0.215119808 
    -0.043081234       0.22163859 
    -0.042988785      0.228157372 
    -0.042896336      0.234676154 
    -0.042803887      0.241194936 
    -0.042711438      0.241050305 
    -0.042618989      0.248096255 
     -0.04252654      0.255201228 
    -0.042434091      0.262365224 
    -0.042341642      0.269588242 
    -0.042249193      0.276870283 
    -0.042156744      0.284211347 
    -0.042064295      0.291611433 
    -0.041971846      0.299070543 
    -0.041879397      0.306588675 
    -0.041786948      0.314165829 
    -0.041694499      0.321802007 
     -0.04160205      0.329358803 
    -0.041509601      0.337133731 
    -0.041417152      0.344988408 
    -0.041324703      0.352922836 
    -0.041232254      0.360937014 
    -0.041139805      0.369030942 
    -0.041047356       0.37720462 
    -0.040954907      0.385458047 
    -0.040862458      0.393791225 
    -0.040770009      0.402204153 
     -0.04067756      0.410696831 
    -0.040585111      0.419269259 
    -0.040492662      0.427745983 
    -0.040400213      0.436491841 
    -0.040307764      0.445340349 
    -0.040215315      0.454291507 
    -0.040122866      0.463345316 
    -0.040030417      0.472501775 
    -0.039937968      0.481760884 
    -0.039845519      0.491122643 
     -0.03975307      0.500587052 
    -0.039660621      0.510154112 
    -0.039568172      0.519823822 
    -0.039475723      0.529596182 
    -0.039383274      0.539471193 
    -0.039290825      0.549249278 
    -0.039198376      0.559361204 
    -0.039105927      0.569601562 
    -0.039013478      0.579970353 
    -0.038921029      0.590467577 
     -0.03882858      0.601093233 
    -0.038736131      0.611847322 
    -0.038643682      0.622729843 
    -0.038551233      0.633740797 
    -0.038458784      0.644880183 
    -0.038366335      0.656148002 
    -0.038273886      0.667544254 
    -0.038181437       0.67883309 
    -0.038088988      0.690511267 
    -0.037996539      0.702347301 
     -0.03790409      0.714341191 
    -0.037811641      0.726492937 
    -0.037719192       0.73880254 
    -0.037626743      0.751269999 
    -0.037534294      0.763895314 
    -0.037441845      0.776678485 
    -0.037349396      0.789619513 
    -0.037256947      0.802718397 
    -0.037164498      0.815975137 
    -0.037072049      0.829114909 
      -0.0369796      0.842703558 
    -0.036887151      0.856483834 
    -0.036794702      0.870455735 
    -0.036702253      0.884619262 
    -0.036609804      0.898974414 
    -0.036517355      0.913521192 
    -0.036424906      0.928259596 
    -0.036332457      0.943189626 
    -0.036240008      0.958311281 
    -0.036147559      0.973624562 
     -0.03605511      0.989129468 
    -0.035962661         1.004826 
    -0.035870212       1.02040304 
    -0.035777763       1.03652586 
    -0.035685314        1.0528791 
    -0.035592865       1.06946277 
    -0.035500416       1.08627686 
    -0.035407967       1.10332137 
    -0.035315518       1.12059631 
    -0.035223069       1.13810167 
     -0.03513062       1.15583746 
    -0.035038171       1.17380367 
    -0.034945722        1.1920003 
    -0.034853273       1.21042736 
    -0.034760824       1.22871784 
    -0.034668375       1.24763865 
    -0.034575926       1.26683433 
    -0.034483477       1.28630489 
    -0.034391028       1.30605033 
    -0.034298579       1.32607065 
     -0.03420613       1.34636584 
    -0.034113681       1.36693591 
    -0.034021232       1.38778085 
    -0.033928783       1.40890068 
    -0.033836334       1.43029538 
    -0.033743885       1.45196495 
    -0.033651436       1.47390941 
    -0.033558987       1.49572367 
    -0.033466538       1.51828733 
    -0.033374089       1.54117648 
     -0.03328164       1.56439111 
    -0.033189191       1.58793121 
    -0.033096742        1.6117968 
    -0.033004293       1.63598788 
    -0.032911844       1.66050443 
    -0.032819395       1.68534646 
    -0.032726946       1.71051398 
    -0.032634497       1.73600697 
    -0.032542048       1.76182545 
    -0.032449599       1.78749144 
     -0.03235715       1.81401826 
    -0.032264701       1.84092756 
    -0.032172252       1.86821935 
    -0.032079803       1.89589363 
    -0.031987354       1.92395039 
    -0.031894905       1.95238964 
    -0.031802456       1.98121137 
    -0.031710007       2.01041559 
    -0.031617558        2.0400023 
    -0.031525109       2.06997149 
     -0.03143266       2.10032317 
    -0.031340211       2.13050932 
    -0.031247762       2.16166661 
    -0.031155313       2.19326961 
    -0.031062864       2.22531834 
    -0.030970415       2.25781279 
    -0.030877966       2.29075296 
    -0.030785517       2.32413885 
    -0.030693068       2.35797046 
    -0.030600619        2.3922478 
     -0.03050817       2.42697085 
    -0.030415721       2.46213963 
    -0.030323272       2.49775412 
    -0.030230823       2.53381434 
    -0.030138374       2.56973115 
    -0.030045925       2.60677077 
    -0.029953476       2.64432474 
    -0.029861027       2.68239307 
    -0.029768578       2.72097577 
    -0.029676129       2.76007282 
     -0.02958368       2.79968423 
    -0.029491231       2.83981001 
    -0.029398782       2.88045014 
    -0.029306333       2.92160463 
    -0.029213884       2.96327348 
    -0.029121435       3.00545669 
    -0.029028986       3.04749806 
    -0.028936537       3.09077676 
    -0.028844088       3.13464207 
    -0.028751639       3.17909398 
     -0.02865919        3.2241325 
    -0.028566741       3.26975762 
    -0.028474292       3.31596935 
    -0.028381843       3.36276769 
    -0.028289394       3.41015263 
    -0.028196945       3.45812417 
    -0.028104496       3.50668232 
    -0.028012047       3.55582707 
    -0.027919598       3.60486122 
    -0.027827149        3.6552209 
      -0.0277347       3.70623991 
    -0.027642251       3.75791825 
    -0.027549802       3.81025592 
    -0.027457353       3.86325292 
    -0.027364904       3.91690926 
    -0.027272455       3.97122492 
    -0.027180006       4.02619991 
    -0.027087557       4.08183424 
    -0.026995108        4.1381279 
    -0.026902659       4.19508088 
     -0.02681021        4.2526932 
    -0.026717761       4.31026993 
    -0.026625312        4.3692854 
    -0.026532863       4.42902861 
    -0.026440414       4.48949957 
    -0.026347965       4.55069827 
    -0.026255516       4.61262472 
    -0.026163067       4.67527891 
    -0.026070618       4.73866085 
    -0.025978169       4.80277054 
     -0.02588572       4.86760796 
    -0.025793271       4.93317314 
    -0.025700822       4.99946606 
    -0.025608373       5.06567843 
    -0.025515924        5.1334802 
    -0.025423475       5.20206718 
    -0.025331026       5.27143937 
    -0.025238577       5.34159675 
    -0.025146128       5.41253934 
    -0.025053679       5.48426714 
     -0.02496123       5.55678014 
    -0.024868781       5.63007834 
    -0.024776332       5.70416175 
    -0.024683883       5.77903036 
    -0.024591434       5.85468418 
    -0.024498985        5.9311232 
    -0.024406536       6.00662542 
    -0.024314087       6.08470202 
    -0.024221638       6.16359997 
    -0.024129189       6.24331927 
     -0.02403674       6.32385992 
    -0.023944291       6.40522192 
    -0.023851842       6.48740527 
    -0.023759393       6.57040997 
    -0.023666944       6.65423602 
    -0.023574495       6.73888342 
    -0.023482046       6.82435217 
    -0.023389597       6.91064228 
    -0.023297148        6.9908625 
    -0.023204699       7.07886844 
     -0.02311225       7.16768279 
    -0.023019801       7.25730556 
    -0.022927352       7.34773674 
    -0.022834903       7.43897635 
    -0.022742454       7.53102436 
    -0.022650005        7.6238808 
    -0.022557556       7.71754565 
    -0.022465107       7.81201892 
    -0.022372658       7.90730061 
    -0.022280209       8.00339072 
     -0.02218776        8.0915784 
    -0.022095311       8.18941883 
    -0.022002862        8.2880558 
    -0.021910413       8.38748931 
    -0.021817964       8.48771936 
    -0.021725515       8.58874594 
    -0.021633066       8.69056906 
    -0.021540617       8.79318872 
    -0.021448168       8.89660491 
    -0.021355719       9.00081764 
     -0.02126327       9.10582691 
    -0.021170821       9.21163272 
    -0.021078372       9.31823506 
    -0.020985923       9.42669788 
    -0.020893474       9.53428727 
    -0.020801025       9.64260069 
    -0.020708576       9.75163816 
    -0.020616127       9.86139967 
    -0.020523678       9.97188523 
    -0.020431229       10.0782883 
     -0.02033878       10.1903091 
    -0.020246331       10.3031841 
    -0.020153882       10.4169132 
    -0.020061433       10.5314965 
    -0.019968984       10.6469338 
    -0.019876535       10.7632253 
    -0.019784086       10.8932894 
    -0.019691637       11.0106922 
    -0.019599188        11.128724 
    -0.019506739       11.2473847 
     -0.01941429       11.3666744 
    -0.019321841        11.486593 
    -0.019229392       11.6056747 
    -0.019136943       11.7266489 
    -0.019044494       11.8481042 
    -0.018952045       11.9700405 
    -0.018859596       12.0924578 
    -0.018767147       12.2153562 
    -0.018674698       12.3387357 
    -0.018582249       12.4565005 
      -0.0184898       12.5809504 
    -0.018397351       12.7058645 
    -0.018304902       12.8312425 
    -0.018212453       12.9570847 
    -0.018120004       13.0833908 
    -0.018027555       13.2105666 
    -0.017935106       13.3368961 
    -0.017842657       13.4634448 
    -0.017750208       13.5879685 
    -0.017657759       13.7149301 
     -0.01756531       13.8423023 
    -0.017472861        13.970085 
    -0.017380412       14.1032846 
    -0.017287963       14.2314206 
    -0.017195514       14.3598253 
    -0.017103065       14.4902186 
    -0.017010616       14.6188563 
    -0.016918167       14.7475847 
    -0.016825718       14.8763486 
    -0.016733269       15.0051925 
     -0.01664082       15.1340434 
    -0.016548371       15.2623276 
    -0.016455922       15.3911527 
    -0.016363473       15.5199089 
    -0.016271024       15.6485963 
    -0.016178575       15.7764795 
    -0.016086126       15.9049321 
    -0.015993677       16.0332405 
    -0.015901228       16.1606495 
    -0.015808779       16.2885913 
     -0.01571633       16.4163134 
    -0.015623881       16.5430649 
    -0.015531432        16.670289 
    -0.015438983       16.7972182 
    -0.015346534       16.9238525 
    -0.015254085       17.0494124 
    -0.015161636       17.1753435 
    -0.015069187       17.3009054 
    -0.014976738        17.425351 
    -0.014884289       17.5500817 
     -0.01479184       17.6743702 
    -0.014699391       17.7975047 
    -0.014606942       17.9208371 
    -0.014514493       18.0436564 
    -0.014422044       18.1652906 
    -0.014329595       18.2870324 
    -0.014237146       18.4081934 
    -0.014144697       18.5287734 
    -0.014052248       18.6481181 
    -0.013959799       18.7674398 
     -0.01386735       18.8861165 
    -0.013774901       19.0035876 
    -0.013682452       19.1208997 
    -0.013590003       19.2375085 
    -0.013497554       19.3530074 
    -0.013405105       19.4681548 
    -0.013312656       19.5825496 
    -0.013220207       19.6960778 
    -0.013127758       19.8089292 
    -0.013035309        19.920999 
     -0.01294286       20.0322871 
    -0.012850411       20.1432619 
    -0.012757962       20.2529717 
    -0.012665513       20.3619266 
    -0.012573064       20.4708913 
    -0.012480615       20.5783637 
    -0.012388166       20.6851029 
    -0.012295717       20.7944527 
    -0.012203268       20.8996652 
    -0.012110819       21.0031154 
     -0.01201837       21.0963523 
    -0.011925921       21.1970176 
    -0.011833472       21.2964332 
    -0.011741023       21.3945989 
    -0.011648574       21.4915149 
    -0.011556125       21.5871811 
    -0.011463676       21.6815975 
    -0.011371227       21.7666691 
    -0.011278778       21.8593163 
    -0.011186329       21.9511042 
     -0.01109388       22.0420327 
    -0.011001431        22.132102 
    -0.010908982       22.2213118 
    -0.010816533       22.3132913 
    -0.010724084       22.4004832 
    -0.010631635       22.4867261 
    -0.010539186         22.57202 
    -0.010446737       22.6563649 
    -0.010354288       22.7397608 
    -0.010261839       22.8222077 
     -0.01016939       22.9113909 
    -0.010076941       22.9917915 
    -0.009984492       23.0712705 
    -0.009892043       23.1498279 
    -0.009799594       23.2274638 
    -0.009707145       23.3041781 
    -0.009614696       23.3876665 
    -0.009522247       23.4632294 
    -0.009429798       23.5372355 
    -0.009337349       23.6096848 
      -0.0092449       23.6805773 
    -0.009152451        23.749913 
    -0.009060002        23.817692 
    -0.008967553       23.8764428 
    -0.008875104        23.941835 
    -0.008782655       24.0059913 
    -0.008690206       24.0689115 
    -0.008597757       24.1305958 
    -0.008505308       24.1910441 
    -0.008412859       24.2502565 
     -0.00832041       24.3082329 
    -0.008227961       24.3649733 
    -0.008135512       24.4204777 
    -0.008043063       24.4747462 
    -0.007950614       24.5277787 
    -0.007858165       24.5516166 
    -0.007765716         24.60345 
    -0.007673267       24.6545066 
    -0.007580818       24.7047863 
    -0.007488369       24.7542893 
     -0.00739592       24.8030155 
    -0.007303471       24.8509649 
    -0.007211022       24.8981376 
    -0.007118573       24.9445334 
    -0.007026124       24.9901524 
    -0.006933675       25.0349946 
    -0.006841226         25.07906 
    -0.006748777       25.1295508 
    -0.006656328        25.171878 
    -0.006563879       25.2133974 
     -0.00647143       25.2541089 
    -0.006378981       25.2940125 
    -0.006286532       25.3331082 
    -0.006194083       25.3713961 
    -0.006101634       25.4088761 
    -0.006009185       25.4455482 
    -0.005916736       25.4814125 
    -0.005824287       25.5164688 
    -0.005731838       25.5507173 
    -0.005639389       25.5890106 
     -0.00554694       25.6216213 
    -0.005454491         25.65352 
    -0.005362042       25.6847066 
    -0.005269593       25.7151811 
    -0.005177144       25.7449434 
    -0.005084695       25.7739937 
    -0.004992246       25.8023318 
    -0.004899797       25.8299579 
    -0.004807348       25.8568718 
    -0.004714899       25.8830736 
     -0.00462245       25.9085633 
    -0.004530001       25.9333409 
    -0.004437552        25.957765 
    -0.004345103       25.9812794 
    -0.004252654       26.0041905 
    -0.004160205       26.0264983 
    -0.004067756       26.0482029 
    -0.003975307       26.0693042 
    -0.003882858       26.0898022 
    -0.003790409       26.1096969 
     -0.00369796       26.1289883 
    -0.003605511       26.1476765 
    -0.003513062       26.1657614 
    -0.003420613        26.183243 
    -0.003328164       26.1996194 
    -0.003235715       26.2159978 
    -0.003143266        26.231858 
    -0.003050817       26.2471999 
    -0.002958368       26.2620235 
    -0.002865919       26.2763289 
     -0.00277347        26.290116 
    -0.002681021       26.3033848 
    -0.002588572       26.3161353 
    -0.002496123       26.3283676 
    -0.002403674       26.3400816 
    -0.002311225       26.3512773 
    -0.002218776       26.3611343 
    -0.002126327       26.3712902 
    -0.002033878        26.381014 
    -0.001941429       26.3903056 
     -0.00184898        26.399165 
    -0.001756531       26.4075922 
    -0.001664082       26.4155873 
    -0.001571633       26.4231502 
    -0.001479184        26.430281 
    -0.001386735       26.4369796 
    -0.001294286        26.443246 
    -0.001201837       26.4490802 
    -0.001109388       26.4575775 
    -0.001016939       26.4625283 
     -0.00092449       26.4670485 
    -0.000832041       26.4711383 
    -0.000739592       26.4747976 
    -0.000647143       26.4780263 
    -0.000554694       26.4808246 
    -0.000462245       26.4831923 
    -0.000369796       26.4851296 
    -0.000277347       26.4866363 
    -0.000184898       26.4877126 
     -9.2449e-05       26.4883583 
               0       26.4887509 
      9.2449e-05       26.4885357 
     0.000184898       26.4878899 
     0.000277347       26.4868135 
     0.000369796       26.4853067 
     0.000462245       26.4833692 
     0.000554694       26.4810013 
     0.000647143       26.4782028 
     0.000739592       26.4749738 
     0.000832041       26.4713143 
      0.00092449       26.4672242 
     0.001016939       26.4627036 
     0.001109388       26.4577524 
     0.001201837       26.4492558 
     0.001294286       26.4434211 
     0.001386735       26.4371543 
     0.001479184       26.4304552 
     0.001571633        26.423324 
     0.001664082       26.4157606 
     0.001756531       26.4077649 
      0.00184898       26.3993371 
     0.001941429       26.3904771 
     0.002033878       26.3811849 
     0.002126327       26.3714605 
     0.002218776       26.3613039 
     0.002311225       26.3514442 
     0.002403674       26.3402479 
     0.002496123       26.3285332 
     0.002588572       26.3163003 
     0.002681021       26.3035492 
      0.00277347       26.2902798 
     0.002865919       26.2764922 
     0.002958368       26.2621863 
     0.003050817       26.2473621 
     0.003143266       26.2320197 
     0.003235715        26.216159 
     0.003328164       26.1997801 
     0.003420613       26.1834027 
     0.003513062       26.1659207 
     0.003605511       26.1478355 
      0.00369796       26.1291471 
     0.003790409       26.1098554 
     0.003882858       26.0899605 
     0.003975307       26.0694624 
     0.004067756       26.0483611 
     0.004160205       26.0266566 
     0.004252654       26.0043489 
     0.004345103        25.981438 
     0.004437552       25.9579238 
     0.004530001       25.9334997 
      0.00462245       25.9087225 
     0.004714899       25.8832333 
     0.004807348       25.8570321 
     0.004899797        25.830119 
     0.004992246       25.8024939 
     0.005084695       25.7741568 
     0.005177144       25.7451077 
     0.005269593       25.7153466 
     0.005362042       25.6848736 
     0.005454491       25.6536885 
      0.00554694       25.6217915 
     0.005639389       25.5891825 
     0.005731838       25.5508921 
     0.005824287       25.5166457 
     0.005916736       25.4815917 
     0.006009185         25.44573 
     0.006101634       25.4090605 
     0.006194083       25.3715835 
     0.006286532       25.3332987 
     0.006378981       25.2942062 
      0.00647143       25.2543061 
     0.006563879       25.2135982 
     0.006656328       25.1720827 
     0.006748777       25.1297595 
     0.006841226       25.0792728 
     0.006933675       25.0352118 
     0.007026124       24.9903743 
     0.007118573       24.9447602 
     0.007211022       24.8983696 
     0.007303471       24.8512023 
      0.00739592       24.8032585 
     0.007488369       24.7545381 
     0.007580818       24.7050411 
     0.007673267       24.6547676 
     0.007765716       24.6037175 
     0.007858165       24.5518908 
     0.007950614       24.5280546 
     0.008043063       24.4750292 
     0.008135512       24.4207681 
     0.008227961       24.3652714 
      0.00832041       24.3085391 
     0.008412859       24.2505711 
     0.008505308       24.1913675 
     0.008597757       24.1309283 
     0.008690206       24.0692534 
     0.008782655       24.0063429 
     0.008875104       23.9421967 
     0.008967553       23.8768149 
     0.009060002       23.8180729 
     0.009152451       23.7503052 
       0.0092449        23.680981 
     0.009337349       23.6101006 
     0.009429798       23.5376637 
     0.009522247       23.4636705 
     0.009614696       23.3881209 
     0.009707145       23.3046473 
     0.009799594       23.2279468 
     0.009892043       23.1503251 
     0.009984492        23.071782 
     0.010076941       22.9923178 
      0.01016939       22.9119323 
     0.010261839       22.8227689 
     0.010354288       22.7403378 
     0.010446737        22.656958 
     0.010539186       22.5726296 
     0.010631635       22.4873527 
     0.010724084       22.4011271 
     0.010816533        22.313953 
     0.010908982       22.2220286 
     0.011001431       22.1328374 
      0.01109388       22.0427873 
     0.011186329       21.9518782 
     0.011278778       21.8601103 
     0.011371227       21.7674834 
     0.011463676       21.6823054 
     0.011556125       21.5879061 
     0.011648574       21.4922623 
     0.011741023       21.3953741 
     0.011833472       21.2972415 
     0.011925921       21.1978644 
      0.01201837       21.0972429 
     0.012110819       21.0041973 
     0.012203268        20.900735 
     0.012295717       20.7954962 
     0.012388166       20.6861608 
     0.012480615       20.5794403 
     0.012573064        20.471989 
     0.012665513       20.3630317 
     0.012757962       20.2541013 
     0.012850411       20.1444185 
      0.01294286       20.0334437 
     0.013035309       19.9221807 
     0.013127758       19.8101358 
     0.013220207        19.697397 
     0.013312656        19.583783 
     0.013405105       19.4694141 
     0.013497554       19.3542903 
     0.013590003       19.2388006 
     0.013682452       19.1222203 
     0.013774901       19.0049326 
      0.01386735       18.8874745 
     0.013959799       18.7688298 
     0.014052248       18.6495348 
     0.014144697       18.5302037 
     0.014237146       18.4096604 
     0.014329595       18.2885296 
     0.014422044       18.1674722 
     0.014514493       18.0452085 
     0.014606942       17.9224239 
     0.014699391       17.7991183 
      0.01479184       17.6760168 
     0.014884289       17.5517691 
     0.014976738       17.4270701 
     0.015069187       17.3026586 
     0.015161636       17.1771453 
     0.015254085       17.0512528 
     0.015346534       16.9257285 
     0.015438983       16.7991526 
     0.015531432       16.6722711 
     0.015623881       16.5458367 
      0.01571633       16.4184049 
     0.015808779       16.2907424 
     0.015901228       16.1636038 
     0.015993677       16.0355253 
     0.016086126       15.9072914 
     0.016178575       15.7789022 
     0.016271024       15.6511413 
     0.016363473       15.5225464 
     0.016455922       15.3938713 
     0.016548371       15.2658807 
      0.01664082        15.137134 
     0.016733269       15.0083817 
     0.016825718       14.8803672 
     0.016918167       14.7516757 
     0.017010616        14.623052 
     0.017103065       14.4952166 
     0.017195514       14.3667839 
     0.017287963       14.2384907 
     0.017380412       14.1110329 
     0.017472861       13.9830578 
      0.01756531       13.8552918 
     0.017657759       13.7277347 
     0.017750208       13.6010806 
     0.017842657       13.4740321 
     0.017935106       13.3472595 
     0.018027555       13.2214156 
     0.018120004        13.095268 
     0.018212453       12.9694602 
     0.018304902        12.844604 
     0.018397351       12.7195327 
       0.0184898       12.5948617 
     0.018582249       12.4711623 
     0.018674698       12.3473338 
     0.018767147       12.2239626 
     0.018859596       12.1010487 
     0.018952045       11.9791514 
     0.019044494       11.8572334 
     0.019136943       11.7358258 
     0.019229392       11.6154364 
     0.019321841       11.4951149 
      0.01941429        11.375353 
     0.019506739        11.256609 
     0.019599188        11.138017 
     0.019691637       11.0200297 
     0.019784086       10.9030579 
     0.019876535       10.7863178 
     0.019968984       10.6702233 
     0.020061433       10.5551397 
     0.020153882       10.4403631 
     0.020246331       10.3262687 
      0.02033878       10.2128564 
     0.020431229        10.100466 
     0.020523678       9.98846825 
     0.020616127       9.87718517 
     0.020708576       9.76690725 
     0.020801025       9.65709199 
     0.020893474       9.54801977 
     0.020985923        9.4399352 
     0.021078372       9.33237772 
     0.021170821       9.22558762 
      0.02126327       9.11976661 
     0.021355719       9.01453187 
     0.021448168       8.91008492 
     0.021540617       8.80642573 
     0.021633066       8.70373023 
     0.021725515       8.60167756 
     0.021817964       8.50042927 
     0.021910413       8.40011896 
     0.022002862       8.30050217 
     0.022095311       8.20170278 
      0.02218776       8.10381572 
     0.022280209       8.00666733 
     0.022372658       7.91034589 
     0.022465107       7.81491098 
     0.022557556       7.72025482 
     0.022650005       7.62643193 
     0.022742454       7.53346939 
     0.022834903       7.44132108 
     0.022927352       7.35000932 
     0.023019801       7.25953413 
      0.02311225       7.16989863 
     0.023204699       7.08110308 
     0.023297148       6.99314456 
     0.023389597       6.90599761 
     0.023482046       6.81971634 
     0.023574495       6.73426995 
     0.023666944       6.64960732 
     0.023759393        6.5658319 
     0.023851842       6.48288681 
     0.023944291       6.40069778 
      0.02403674       6.31941377 
     0.024129189       6.23895336 
     0.024221638       6.15922124 
     0.024314087        6.0804087 
     0.024406536       6.00241108 
     0.024498985       5.92522836 
     0.024591434       5.84874774 
     0.024683883       5.77318619 
     0.024776332       5.69842906 
     0.024868781       5.62434766 
      0.02496123       5.55119112 
     0.025053679       5.47882697 
     0.025146128       5.40711242 
     0.025238577       5.33632596 
     0.025331026       5.26631845 
     0.025423475       5.19693453 
     0.025515924       5.12847978 
     0.025608373       5.06078932 
     0.025700822       4.99386316 
     0.025793271       4.92753196 
      0.02588572       4.86211609 
     0.025978169       4.79744883 
     0.026070618       4.73335341 
     0.026163067        4.6701672 
     0.026255516       4.60771301 
     0.026347965       4.54580776 
     0.026440414       4.48480414 
     0.026532863       4.42451522 
     0.026625312       4.36475244 
     0.026717761       4.30588257 
      0.02681021       4.24770948 
     0.026902659       4.19003973 
     0.026995108       4.13325329 
     0.027087557       4.07714525 
     0.027180006       4.02171559 
     0.027272455       3.96676319 
     0.027364904       3.91266835 
     0.027457353       3.85923314 
     0.027549802        3.8062561 
     0.027642251       3.75412183 
       0.0277347       3.70262818 
     0.027827149       3.65157359 
     0.027919598        3.6013467 
     0.028012047       3.55174127 
     0.028104496       3.50255572 
     0.028196945       3.45418268 
     0.028289394       3.40641187 
     0.028381843       3.35904166 
     0.028474292       3.31246881 
     0.028566741       3.26647897 
      0.02865919       3.22107215 
     0.028751639       3.17604406 
     0.028844088       3.13178165 
     0.028936537       3.08808312 
     0.029028986       3.04474782 
     0.029121435       3.00215958 
     0.029213884       2.96011621 
     0.029306333       2.91842042 
     0.029398782       2.87745349 
     0.029491231       2.83701261 
      0.02958368       2.79690349 
     0.029676129       2.75750555 
     0.029768578       2.71861509 
     0.029861027       2.68023211 
     0.029953476       2.64215974 
     0.030045925        2.6047683 
     0.030138374       2.56786606 
     0.030230823       2.53126217 
     0.030323272       2.49531913 
     0.030415721       2.45984731 
      0.03050817       2.42466133 
     0.030600619        2.3901169 
     0.030693068       2.35602608 
     0.030785517       2.32220833 
     0.030877966       2.28901365 
     0.030970415       2.25625534 
     0.031062864        2.2237571 
     0.031155313       2.19186429 
     0.031247762       2.16039097 
     0.031340211       2.12933716 
      0.03143266       2.09852672 
     0.031525109       2.06829195 
     0.031617558       2.03846023 
     0.031710007       2.00886205 
     0.031802456       1.97982042 
     0.031894905       1.95116581 
     0.031987354       1.92273459 
     0.032079803        1.8948418 
     0.032172252       1.86732044 
     0.032264701       1.84001203 
      0.03235715       1.81322488 
     0.032449599         1.786794 
     0.032542048       1.76071939 
     0.032634497       1.73484184 
     0.032726946       1.70945982 
     0.032819395       1.68441935 
     0.032911844       1.65956829 
     0.033004293       1.63519463 
     0.033096742       1.61114824 
     0.033189191       1.58728327 
      0.03328164       1.56387861 
     0.033374089       1.54078739 
     0.033466538       1.51786927 
     0.033558987       1.49539539 
     0.033651436       1.47322154 
     0.033743885       1.45121223 
     0.033836334       1.42963202 
     0.033928783       1.40833887 
     0.034021232       1.38733278 
     0.034113681       1.36647891 
      0.03420613       1.34603089 
     0.034298579        1.3258574 
     0.034391028       1.30582986 
     0.034483477        1.2861925 
     0.034575926       1.26681754 
     0.034668375       1.24758193 
     0.034760824       1.22872182 
     0.034853273       1.21011241 
     0.034945722       1.19163546 
     0.035038171       1.17352026 
      0.03513062       1.15564444 
     0.035223069       1.13789396 
     0.035315518       1.12049233 
     0.035407967       1.10331918 
     0.035500416        1.0863745 
     0.035592865       1.06954568 
     0.035685314       1.05304527 
     0.035777763        1.0367628 
     0.035870212       1.02059094 
     0.035962661       1.00473432 
      0.03605511      0.989085479 
     0.036147559      0.973541713 
     0.036240008      0.958300868 
     0.036332457      0.943258009 
     0.036424906       0.92831443 
     0.036517355      0.913662277 
     0.036609804      0.899198664 
     0.036702253      0.884923591 
     0.036794702      0.870738662 
     0.036887151      0.856828439 
       0.0369796      0.843097646 
     0.037072049      0.829452797 
     0.037164498      0.816070964 
     0.037256947      0.802859777 
     0.037349396      0.789730035 
     0.037441845      0.776852417 
     0.037534294      0.764136974 
     0.037626743      0.751498218 
     0.037719192      0.739101436 
     0.037811641      0.726858661 
      0.03790409      0.714687586 
     0.037996539      0.702749032 
     0.038088988      0.690956605 
     0.038181437      0.679310306 
     0.038273886      0.667728498 
     0.038366335       0.65636483 
     0.038458784      0.645139687 
     0.038551233      0.633975326 
     0.038643682      0.623019525 
     0.038736131      0.612194914 
      0.03882858      0.601427111 
     0.038921029      0.590858959 
     0.039013478      0.580414915 
     0.039105927      0.570023474 
     0.039198376      0.559823397 
     0.039290825      0.549740587 
     0.039383274      0.539775044 
     0.039475723      0.529855005 
     0.039568172      0.520114702 
     0.039660621      0.510485057 
      0.03975307      0.500897775 
     0.039845519      0.491481829 
     0.039937968      0.482170148 
     0.040030417      0.472897432 
     0.040122866      0.463788242 
     0.040215315      0.454777135 
     0.040307764      0.445801353 
     0.040400213      0.436981846 
     0.040492662      0.428254432 
     0.040585111      0.419558489 
      0.04067756      0.411012084 
     0.040770009      0.402551972 
     0.040862458      0.394178151 
     0.040954907      0.385829867 
     0.041047356      0.377621122 
     0.041139805      0.369493042 
     0.041232254      0.361387483 
     0.041324703       0.35341461 
     0.041417152      0.345516936 
     0.041509601      0.337638527 
      0.04160205      0.329886438 
     0.041694499      0.322204236 
     0.041786948      0.314537815 
     0.041879397      0.306991809 
     0.041971846       0.29951052 
     0.042064295      0.292041314 
     0.042156744      0.284687049 
     0.042249193      0.277392462 
     0.042341642      0.270157554 
     0.042434091       0.26292953 
      0.04252654      0.255807763 
     0.042618989      0.248740759 
     0.042711438      0.241677601 
     0.042803887      0.234715072 
     0.042896336      0.227802501 
     0.042988785      0.220890509 
     0.043081234      0.214073915 
     0.043173683      0.207302579 
     0.043266132      0.200528338 
     0.043358581      0.193844635 
      0.04345103       0.18720158 
     0.043543479      0.180599174 
     0.043635928      0.173988318 
     0.043728377      0.167460821 
     0.043820826       0.16096945 
     0.043913275      0.154466724 
     0.044005724      0.148042275 
     0.044098173      0.141649512 
     0.044190622      0.135242105 
     0.044283071       0.12890841 
      0.04437552      0.122602039 
     0.044467969      0.116276616 
     0.044560418       0.11002161 
     0.044652867      0.103789664 
     0.044745316     0.0975303204 
     0.044837765     0.0913422421 
     0.044930214     0.0851730991 
     0.045022663     0.0790228914 
     0.045115112     0.0728237593 
     0.045207561     0.0667063845 
      0.04530001      0.060604308 
     0.045392459     0.0545988508 
     0.045484908     0.0485323119 
     0.045577357     0.0424657729 
     0.045669806     0.0362780928 
     0.045762255      0.030231744 
     0.045854704     0.0241853952 
     0.045947153     0.0180500514 
     0.046039602     0.0120333676 
     0.046132051     0.0060166838 
       0.0462245   6.35840039e-15 
