       -0.045371                0 
    -0.045280258    0.00641262574 
    -0.045189516     0.0128252515 
    -0.045098774     0.0192378772 
    -0.045008032     0.0257769372 
     -0.04491729     0.0322211715 
    -0.044826548     0.0386654058 
    -0.044735806     0.0452601907 
    -0.044645064     0.0517259322 
    -0.044554322     0.0581916737 
     -0.04446358     0.0645858736 
    -0.044372838     0.0710863083 
    -0.044282096     0.0776027333 
    -0.044191354     0.0841351487 
    -0.044100612     0.0907570941 
     -0.04400987     0.0973267058 
    -0.043919128      0.103916108 
    -0.043828386      0.110580954 
    -0.043737644      0.117214905 
    -0.043646902      0.123872956 
     -0.04355616      0.130605547 
    -0.043465418      0.137315666 
    -0.043374676      0.144054342 
    -0.043283934      0.150871285 
    -0.043193192      0.157669767 
     -0.04310245      0.164501363 
    -0.043011708      0.171366073 
    -0.042920966       0.17831576 
    -0.042830224      0.185252807 
    -0.042739482      0.192227609 
     -0.04264874      0.199292065 
    -0.042557998      0.206347307 
    -0.042467256      0.213445027 
    -0.042376514      0.220637588 
    -0.042285772      0.227823976 
     -0.04219503      0.235057659 
    -0.042104288      0.242338634 
    -0.042013546      0.249722594 
    -0.041922804       0.25710551 
    -0.041832062       0.26454063 
     -0.04174132      0.272083676 
    -0.041650578      0.279629345 
    -0.041559836      0.287232236 
    -0.041469094      0.294948538 
    -0.041378352       0.30267075 
     -0.04128761      0.310455317 
    -0.041196868      0.318359362 
    -0.041106126      0.326272196 
    -0.041015384      0.334252645 
    -0.040924642       0.34230071 
      -0.0408339      0.350477111 
    -0.040743158      0.358667973 
    -0.040652416      0.366931848 
    -0.040561674      0.375329954 
    -0.040470932      0.383746106 
     -0.04038019      0.392240815 
    -0.040289448      0.400876281 
    -0.040198706       0.40953297 
    -0.040107964       0.41827392 
    -0.040017222      0.427162829 
     -0.03992648      0.436075697 
    -0.039835738      0.445078699 
    -0.039744996      0.454171834 
    -0.039654254      0.463422693 
    -0.039563512      0.472703986 
     -0.03947277      0.482081465 
    -0.039382028      0.491623718 
    -0.039291286      0.501199995 
    -0.039200544      0.510878703 
    -0.039109802      0.520729965 
     -0.03901906      0.530618396 
    -0.038928318      0.540615706 
    -0.038837576      0.550721895 
    -0.038746834      0.561012394 
    -0.038656092      0.571346194 
     -0.03856535      0.581795534 
    -0.038474608      0.592436811 
    -0.038383866      0.603125525 
    -0.038293124      0.613936667 
    -0.038202382      0.624948163 
     -0.03811164      0.636010781 
    -0.038020898      0.647202954 
    -0.037930156      0.658604745 
    -0.037839414      0.670060847 
    -0.037748672      0.681653879 
     -0.03765793      0.693383843 
    -0.037567188      0.705336493 
    -0.037476446      0.717350841 
    -0.037385704      0.729509759 
    -0.037294962      0.741900459 
     -0.03720422      0.754357233 
    -0.037113478      0.766966487 
    -0.037022736      0.779817536 
    -0.036931994      0.792738526 
    -0.036841252      0.805820192 
     -0.03675051      0.819062534 
    -0.036659768      0.832562353 
    -0.036569026      0.846139224 
    -0.036478284      0.859885267 
    -0.036387542      0.873898595 
      -0.0362968      0.887994209 
    -0.036206058      0.902267799 
    -0.036115316      0.916819462 
    -0.036024574      0.931458126 
    -0.035933832      0.946283893 
     -0.03584309      0.961399578 
    -0.035752348      0.976606397 
    -0.035661606      0.992009779 
    -0.035570864       1.00760972 
    -0.035480122       1.02351696 
     -0.03538938       1.03952423 
    -0.035298638       1.05573787 
    -0.035207896       1.07227037 
    -0.035117154       1.08890866 
    -0.035026412       1.10576347 
     -0.03493567       1.12294984 
    -0.034844928       1.14024716 
    -0.034754186       1.15777154 
    -0.034663444       1.17564136 
    -0.034572702       1.19362664 
     -0.03448196       1.21184989 
    -0.034391218       1.23031111 
    -0.034300476       1.24913685 
    -0.034209734        1.2680892 
    -0.034118992       1.28729083 
     -0.03402825       1.30687046 
    -0.033937508       1.32658313 
    -0.033846766       1.34655677 
    -0.033756024       1.36692315 
    -0.033665282       1.38742833 
     -0.03357454       1.40820657 
    -0.033483798       1.42925788 
    -0.033393056       1.45072452 
    -0.033302314       1.47234098 
    -0.033211572       1.49424303 
     -0.03312083       1.51657458 
    -0.033030088       1.53906388 
    -0.032939346       1.56185172 
    -0.032848604       1.58508454 
    -0.032757862       1.60848236 
     -0.03266712       1.63219208 
    -0.032576378       1.65636364 
    -0.032485636       1.68070671 
    -0.032394894       1.70537547 
    -0.032304152       1.73036993 
     -0.03221341       1.75585048 
    -0.032122668       1.78151651 
    -0.032031926       1.80752247 
    -0.031941184       1.83403052 
    -0.031850442       1.86073309 
      -0.0317597       1.88779027 
    -0.031668958       1.91536692 
    -0.031578216       1.94314638 
    -0.031487474       1.97129556 
    -0.031396732       1.99981445 
     -0.03130599       2.02888083 
    -0.031215248       2.05816385 
    -0.031124506       2.08783212 
    -0.031033764       2.11806409 
    -0.030943022       2.14852385 
     -0.03085228       2.17938481 
    -0.030761538       2.21082702 
    -0.030670796       2.24250744 
    -0.030580054       2.27460543 
    -0.030489312       2.30730361 
     -0.03039857       2.34024961 
    -0.030307828       2.37362996 
    -0.030217086       2.40744466 
    -0.030126344       2.44188836 
    -0.030035602       2.47659736 
     -0.02994486       2.51175787 
    -0.029854118       2.54756458 
    -0.029763376       2.58364944 
    -0.029672634       2.62020333 
    -0.029581892        2.6574219 
     -0.02949115       2.69493071 
    -0.029400408        2.7329264 
    -0.029309666       2.77160652 
    -0.029218924       2.81058818 
    -0.029128182       2.85007489 
     -0.02903744       2.89006665 
    -0.028946698       2.93077118 
    -0.028855956       2.97179882 
    -0.028765214       3.01334996 
    -0.028674472       3.05563108 
     -0.02858373       3.09825022 
    -0.028492988       3.14141152 
    -0.028402246       3.18532103 
    -0.028311504       3.22958275 
    -0.028220762       3.27440548 
     -0.02813002       3.31978922 
    -0.028039278       3.36595143 
    -0.027948536       3.41248723 
    -0.027857794       3.45960302 
    -0.027767052       3.50751221 
     -0.02767631       3.55581297 
    -0.027585568       3.60471277 
    -0.027494826       3.65442156 
    -0.027404084       3.70453928 
    -0.027313342       3.75527507 
      -0.0272226       3.80683601 
    -0.027131858       3.85882261 
    -0.027041116       3.91144624 
    -0.026950374       3.96470692 
    -0.026859632       4.01881874 
     -0.02676889       4.07338177 
    -0.026678148       4.12860061 
    -0.026587406       4.18468218 
    -0.026496664       4.24123561 
    -0.026405922       4.29846338 
     -0.02631518       4.35656548 
    -0.026224438       4.41515961 
    -0.026133696       4.47444622 
    -0.026042954       4.53442531 
    -0.025952212       4.59530266 
     -0.02586147       4.65669694 
    -0.025770728       4.71880136 
    -0.025679986       4.78180995 
    -0.025589244       4.84535939 
    -0.025498502         4.909636 
     -0.02540776       4.97482206 
    -0.025317018       5.04057251 
    -0.025226276       5.10706641 
    -0.025135534       5.17447406 
    -0.025044792       5.24246942 
     -0.02495405       5.31122362 
    -0.024863308       5.38073664 
    -0.024772566       5.45117636 
    -0.024681824       5.52223143 
    -0.024591082       5.59405965 
     -0.02450034       5.66681161 
    -0.024409598       5.74020537 
    -0.024318856       5.81438536 
    -0.024228114       5.88948435 
    -0.024137372       5.96525144 
     -0.02404663       6.04181646 
    -0.023955888        6.1192934 
    -0.023865146       6.19746495 
    -0.023774404       6.27644453 
    -0.023683662       6.35623212 
     -0.02359292        6.4369292 
    -0.023502178       6.51834871 
    -0.023411436       6.60058455 
    -0.023320694       6.68371411 
    -0.023229952       6.76759437 
     -0.02313921       6.85229728 
    -0.023048468       6.93787492 
    -0.022957726       7.02423172 
    -0.022866984        7.1114153 
    -0.022776242       7.19942565 
      -0.0226855       7.28829438 
    -0.022594758       7.37796656 
    -0.022504016       7.46846723 
    -0.022413274       7.55979793 
    -0.022322532       7.65196049 
     -0.02223179       7.74495066 
    -0.022141048       7.83873846 
    -0.022050306       7.93338661 
    -0.021959564       8.02885863 
    -0.021868822       8.12509114 
     -0.02177808       8.22221301 
    -0.021687338       8.32015199 
    -0.021596596        8.4189081 
    -0.021505854       8.51838499 
    -0.021415112       8.61876834 
     -0.02132437       8.71995882 
    -0.021233628        8.8218237 
    -0.021142886       8.92462068 
    -0.021052144       9.02821137 
    -0.020961402       9.13242475 
     -0.02087066        9.2375961 
    -0.020779918       9.34354414 
    -0.020689176       9.45026887 
    -0.020598434       9.55755464 
    -0.020507692       9.66580807 
     -0.02041695       9.77481742 
    -0.020326208       9.88432815 
    -0.020235466       9.99482564 
    -0.020144724       10.1060544 
    -0.020053982       10.2177194 
     -0.01996324       10.3303899 
    -0.019872498        10.443763 
    -0.019781756       10.5575013 
    -0.019691014       10.6722639 
    -0.019600272       10.7876964 
     -0.01950953       10.9037986 
    -0.019418788         11.02018 
    -0.019328046       11.1375767 
    -0.019237304       11.2556062 
    -0.019146562       11.3738396 
     -0.01905582       11.4930953 
    -0.018965078       11.6129427 
    -0.018874336       11.7329131 
    -0.018783594       11.8539123 
    -0.018692852        11.975458 
     -0.01860211       12.0970401 
    -0.018511368       12.2196573 
    -0.018420626       12.3427718 
    -0.018329884       12.4663837 
    -0.018239142       12.5899297 
      -0.0181484       12.7144737 
    -0.018057658        12.839462 
    -0.017966916       12.9642994 
    -0.017876174       13.0901243 
    -0.017785432       13.2163365 
     -0.01769469       13.3423085 
    -0.017603948       13.4692564 
    -0.017513206       13.5965313 
    -0.017422464       13.7241333 
    -0.017331722       13.8513769 
     -0.01724098       13.9795451 
    -0.017150238       14.1079767 
    -0.017059496       14.2359683 
    -0.016968754       14.3648528 
    -0.016878012       14.4939342 
     -0.01678727       14.6224913 
    -0.016696528       14.7519083 
    -0.016605786       14.8814532 
    -0.016515044       15.0103868 
    -0.016424302       15.1401467 
     -0.01633356       15.2699634 
    -0.016242818       15.3998369 
    -0.016152076       15.5289876 
    -0.016061334       15.6588797 
    -0.015970592       15.7887559 
     -0.01587985        15.917838 
    -0.015789108       16.0476058 
    -0.015698366       16.1772838 
    -0.015607624        16.306096 
    -0.015516882       16.4355373 
     -0.01542614       16.5648144 
    -0.015335398       16.6939275 
    -0.015244656       16.8220655 
    -0.015153914       16.9507385 
    -0.015063172       17.0791729 
     -0.01497243       17.2065813 
    -0.014881688       17.3344475 
    -0.014790946       17.4620013 
    -0.014700204       17.5884793 
    -0.014609462       17.7153379 
     -0.01451872       17.8418114 
    -0.014427978       17.9671613 
    -0.014337236       18.0928149 
    -0.014246494       18.2180123 
    -0.014155752       18.3427535 
     -0.01406501       18.4662966 
    -0.013974268       18.5900272 
    -0.013883526       18.7132329 
    -0.013792784       18.8352188 
    -0.013702042       18.9572982 
      -0.0136113        19.078787 
    -0.013520558       19.1990405 
    -0.013429816       19.3192918 
    -0.013339074       19.4388903 
    -0.013248332       19.5572517 
     -0.01315759        19.675507 
    -0.013066848       19.7930517 
    -0.012976106       19.9098858 
    -0.012885364       20.0254904 
    -0.012794622       20.1408297 
     -0.01270388       20.2554064 
    -0.012613138       20.3688656 
    -0.012522396        20.481864 
    -0.012431654       20.5940575 
    -0.012340912       20.7053917 
     -0.01225017       20.8159391 
    -0.012159428       20.9256596 
    -0.012068686       21.0345531 
    -0.011977944       21.1431474 
    -0.011887202       21.2503821 
     -0.01179646       21.3568223 
    -0.011705718       21.4632765 
    -0.011614976       21.5681609 
    -0.011524234        21.672276 
    -0.011433492       21.7789905 
     -0.01134275       21.8814658 
    -0.011252008        21.982176 
    -0.011161266       22.0725483 
    -0.011070524       22.1704236 
    -0.010979782       22.2670542 
     -0.01088904         22.36244 
    -0.010798298       22.4565811 
    -0.010707556       22.5494774 
    -0.010616814       22.6411289 
    -0.010526072       22.7237201 
     -0.01043533       22.8135492 
    -0.010344588       22.9025077 
    -0.010253846       22.9905955 
    -0.010163104       23.0778126 
    -0.010072362       23.1641591 
     -0.00998162       23.2496349 
    -0.009890878        23.337605 
    -0.009800136       23.4209992 
    -0.009709394       23.5034488 
    -0.009618652       23.5849541 
     -0.00952791       23.6655148 
    -0.009437168       23.7451311 
    -0.009346426        23.831775 
    -0.009255684       23.9093601 
    -0.009164942       23.9860403 
      -0.0090742       24.0618158 
    -0.008983458       24.1366865 
    -0.008892716       24.2106524 
    -0.008801974       24.2837134 
    -0.008711232       24.3646173 
     -0.00862049       24.4362351 
    -0.008529748       24.5063303 
    -0.008439006       24.5749028 
    -0.008348264       24.6419527 
    -0.008257522       24.7074799 
     -0.00816678       24.7623624 
    -0.008076038       24.8252256 
    -0.007985296       24.8869089 
    -0.007894554       24.9474123 
    -0.007803812       25.0067358 
     -0.00771307       25.0648794 
    -0.007622328       25.1218431 
    -0.007531586       25.1776269 
    -0.007440844       25.2322308 
    -0.007350102       25.2856548 
     -0.00725936       25.3378989 
    -0.007168618       25.3889631 
    -0.007077876       25.4388474 
    -0.006987134       25.4585828 
    -0.006896392       25.5072389 
     -0.00680565       25.5551484 
    -0.006714908       25.6023114 
    -0.006624166       25.6487278 
    -0.006533424       25.6943976 
    -0.006442682       25.7393209 
     -0.00635194       25.7834977 
    -0.006261198       25.8269279 
    -0.006170456       25.8696115 
    -0.006079714       25.9115486 
    -0.005988972       25.9527392 
     -0.00589823       25.9931832 
    -0.005807488       26.0401009 
    -0.005716746       26.0788753 
    -0.005626004       26.1168757 
    -0.005535262        26.154102 
     -0.00544452       26.1905542 
    -0.005353778       26.2262323 
    -0.005263036       26.2611364 
    -0.005172294       26.2952663 
    -0.005081552       26.3286222 
     -0.00499081       26.3612039 
    -0.004900068       26.3930116 
    -0.004809326       26.4240452 
    -0.004718584       26.4543047 
    -0.004627842       26.4885944 
      -0.0045371       26.5173277 
    -0.004446358       26.5453764 
    -0.004355616       26.5727405 
    -0.004264874         26.59942 
    -0.004174132       26.6254148 
     -0.00408339       26.6507251 
    -0.003992648       26.6753507 
    -0.003901906       26.6992918 
    -0.003811164       26.7225482 
    -0.003720422         26.74512 
     -0.00362968       26.7670072 
    -0.003538938       26.7882098 
    -0.003448196       26.8094286 
    -0.003357454       26.8293841 
    -0.003266712       26.8487471 
     -0.00317597       26.8675177 
    -0.003085228       26.8856958 
    -0.002994486       26.9032815 
    -0.002903744       26.9202747 
    -0.002813002       26.9366755 
     -0.00272226       26.9524838 
    -0.002631518       26.9676996 
    -0.002540776       26.9823231 
    -0.002450034        26.996354 
    -0.002359292       27.0097925 
     -0.00226855       27.0219383 
    -0.002177808       27.0342145 
    -0.002087066       27.0459898 
    -0.001996324       27.0572639 
    -0.001905582        27.068037 
     -0.00181484        27.078309 
    -0.001724098       27.0880799 
    -0.001633356       27.0973498 
    -0.001542614       27.1061185 
    -0.001451872       27.1143862 
     -0.00136113       27.1221529 
    -0.001270388       27.1294184 
    -0.001179646       27.1361829 
    -0.001088904       27.1463019 
    -0.000998162        27.152066 
     -0.00090742       27.1573288 
    -0.000816678       27.1620905 
    -0.000725936       27.1663509 
    -0.000635194         27.17011 
    -0.000544452        27.173368 
     -0.00045371       27.1761247 
    -0.000362968       27.1783802 
    -0.000272226       27.1801345 
    -0.000181484       27.1813876 
     -9.0742e-05       27.1821394 
               0       27.1842555 
      9.0742e-05       27.1840048 
     0.000181484       27.1832527 
     0.000272226       27.1819993 
     0.000362968       27.1802445 
      0.00045371       27.1779883 
     0.000544452       27.1752308 
     0.000635194       27.1719718 
     0.000725936       27.1682115 
     0.000816678       27.1639499 
      0.00090742       27.1591868 
     0.000998162       27.1539224 
     0.001088904       27.1481566 
     0.001179646       27.1380332 
     0.001270388       27.1312666 
      0.00136113       27.1239988 
     0.001451872       27.1162298 
     0.001542614       27.1079596 
     0.001633356       27.0991881 
     0.001724098       27.0899154 
      0.00181484       27.0801414 
     0.001905582       27.0698663 
     0.001996324       27.0590899 
     0.002087066       27.0478123 
     0.002177808       27.0360334 
      0.00226855       27.0237534 
     0.002359292       27.0116063 
     0.002450034       26.9981636 
     0.002540776       26.9841282 
     0.002631518          26.9695 
      0.00272226       26.9542792 
     0.002813002       26.9384657 
     0.002903744       26.9220595 
     0.002994486       26.9050607 
     0.003085228       26.8874691 
      0.00317597       26.8692849 
     0.003266712       26.8505079 
     0.003357454       26.8311383 
     0.003448196        26.811176 
     0.003538938       26.7899504 
      0.00362968       26.7687404 
     0.003720422       26.7468455 
     0.003811164       26.7242657 
     0.003901906       26.7010009 
     0.003992648       26.6770512 
      0.00408339       26.6524166 
     0.004174132        26.627097 
     0.004264874       26.6010926 
     0.004355616       26.5744032 
     0.004446358       26.5470288 
       0.0045371       26.5189696 
     0.004627842       26.4902254 
     0.004718584       26.4559224 
     0.004809326       26.4256513 
     0.004900068       26.3946057 
      0.00499081       26.3627855 
     0.005081552       26.3301909 
     0.005172294       26.2968218 
     0.005263036       26.2626782 
     0.005353778       26.2277601 
      0.00544452       26.1920675 
     0.005535262       26.1556005 
     0.005626004       26.1183589 
     0.005716746       26.0803429 
     0.005807488       26.0415523 
      0.00589823       25.9946157 
     0.005988972       25.9541547 
     0.006079714       25.9129468 
     0.006170456       25.8709919 
     0.006261198         25.82829 
      0.00635194       25.7848412 
     0.006442682       25.7406454 
     0.006533424       25.6957026 
     0.006624166       25.6500128 
     0.006714908       25.6035761 
      0.00680565       25.5563923 
     0.006896392       25.5084617 
     0.006987134        25.459784 
     0.007077876       25.4400409 
     0.007168618       25.3901343 
      0.00725936       25.3390472 
     0.007350102       25.2867795 
     0.007440844       25.2333312 
     0.007531586       25.1787024 
     0.007622328       25.1228931 
      0.00771307       25.0659032 
     0.007803812       25.0077328 
     0.007894554       24.9483819 
     0.007985296       24.8878504 
     0.008076038       24.8261383 
      0.00816678       24.7632457 
     0.008257522       24.7083384 
     0.008348264       24.6427803 
     0.008439006       24.5756987 
     0.008529748       24.5070937 
      0.00862049       24.4369652 
     0.008711232       24.3653132 
     0.008801974       24.2843704 
     0.008892716       24.2112743 
     0.008983458       24.1372729 
       0.0090742       24.0623662 
     0.009164942       23.9865542 
     0.009255684       23.9098368 
     0.009346426       23.8322141 
     0.009437168       23.7455245 
      0.00952791       23.6658696 
     0.009618652       23.5852696 
     0.009709394       23.5037245 
     0.009800136       23.4212343 
     0.009890878       23.3377991 
      0.00998162         23.24973 
     0.010072362       23.1642116 
     0.010163104        23.077822 
     0.010253846       22.9905612 
     0.010344588       22.9024292 
      0.01043533       22.8134259 
     0.010526072       22.7235514 
     0.010616814       22.6411146 
     0.010707556       22.5494224 
     0.010798298       22.4564773 
      0.01088904       22.3622794 
     0.010979782       22.2668287 
     0.011070524       22.1701252 
     0.011161266       22.0721689 
     0.011252008        21.981482 
      0.01134275       21.8807738 
     0.011433492       21.7783218 
     0.011524234       21.6715816 
     0.011614976       21.5674248 
     0.011705718       21.4624954 
      0.01179646       21.3560162 
     0.011887202        21.249527 
     0.011977944       21.1422393 
     0.012068686        21.034153 
     0.012159428       20.9246877 
      0.01225017       20.8149173 
     0.012340912       20.7043203 
     0.012431654        20.592974 
     0.012522396       20.4807288 
     0.012613138       20.3676822 
      0.01270388       20.2542055 
     0.012794622       20.1395731 
     0.012885364       20.0241843 
     0.012976106       19.9080389 
     0.013066848       19.7916674 
      0.01315759       19.6740699 
     0.013248332       19.5557701 
     0.013339074       19.4373741 
     0.013429816       19.3177181 
     0.013520558       19.1974196 
       0.0136113       19.0771363 
     0.013702042       18.9555835 
     0.013792784       18.8334527 
     0.013883526       18.7107437 
     0.013974268       18.5881674 
      0.01406501       18.4643792 
     0.014155752       18.3400807 
     0.014246494       18.2160022 
     0.014337236        18.090739 
     0.014427978       17.9650362 
      0.01451872       17.8388938 
     0.014609462        17.713094 
     0.014700204       17.5861775 
     0.014790946       17.4588942 
     0.014881688       17.3320223 
      0.01497243       17.2040869 
     0.015063172       17.0758589 
     0.015153914       16.9481132 
     0.015244656       16.8193565 
     0.015335398       16.6903822 
      0.01542614       16.5611904 
     0.015516882       16.4325809 
     0.015607624       16.3030598 
     0.015698366       16.1733965 
     0.015789108       16.0443389 
      0.01587985        15.914471 
     0.015970592       15.7845359 
     0.016061334       15.6551312 
     0.016152076       15.5251176 
     0.016242818       15.3951125 
      0.01633356       15.2651159 
     0.016424302       15.1352207 
     0.016515044       15.0053563 
     0.016605786       14.8755836 
     0.016696528       14.7440039 
      0.01678727       14.6144783 
     0.016878012       14.4852206 
     0.016968754       14.3507539 
     0.017059496       14.2218453 
     0.017150238       14.0933455 
      0.01724098       13.9652543 
     0.017331722       13.8397506 
     0.017422464       13.7120905 
     0.017513206        13.584647 
     0.017603948       13.4563696 
      0.01769469       13.3288941 
     0.017785432         13.20188 
     0.017876174       13.0753274 
     0.017966916       12.9492363 
     0.018057658       12.8236066 
       0.0181484       12.6984384 
     0.018239142       12.5802401 
     0.018329884       12.4561525 
     0.018420626       12.3325443 
     0.018511368       12.2094153 
      0.01860211       12.0867657 
     0.018692852       11.9645953 
     0.018783594        11.844372 
     0.018874336       11.7231879 
     0.018965078       11.6026296 
      0.01905582        11.482697 
     0.019146562         11.36339 
     0.019237304       11.2447088 
     0.019328046       11.1266533 
     0.019418788       10.9957366 
      0.01950953       10.8788836 
     0.019600272       10.7628781 
     0.019691014       10.6477201 
     0.019781756       10.5334096 
     0.019872498       10.4199466 
      0.01996324        10.307331 
     0.020053982       10.2007651 
     0.020144724        10.089635 
     0.020235466       9.97921443 
     0.020326208       9.86950347 
      0.02041695        9.7605021 
     0.020507692       9.65221031 
     0.020598434       9.54238807 
     0.020689176       9.43505502 
     0.020779918       9.32851186 
      0.02087066        9.2227586 
     0.020961402       9.11779523 
     0.021052144       9.01362176 
     0.021142886       8.91023819 
     0.021233628       8.80764451 
      0.02132437       8.70584073 
     0.021415112       8.60482685 
     0.021505854       8.50460286 
     0.021596596       8.40516877 
     0.021687338       8.30652458 
      0.02177808       8.21789603 
     0.021868822       8.12099345 
     0.021959564       8.02489237 
     0.022050306       7.92959281 
     0.022141048       7.83509475 
      0.02223179       7.74139821 
     0.022322532       7.64850318 
     0.022413274       7.55640965 
     0.022504016       7.46511763 
     0.022594758       7.37462713 
       0.0226855       7.28493813 
     0.022776242       7.19605065 
     0.022866984       7.11489837 
     0.022957726       7.02771258 
     0.023048468        6.9413407 
      0.02313921       6.85578272 
     0.023229952       6.77103864 
     0.023320694       6.68710847 
     0.023411436        6.6039922 
     0.023502178       6.52168983 
      0.02359292       6.44020136 
     0.023683662       6.35952679 
     0.023774404       6.27966613 
     0.023865146       6.20061937 
     0.023955888       6.12411354 
      0.02404663       6.04668857 
     0.024137372       5.97004284 
     0.024228114       5.89417638 
     0.024318856       5.81908916 
     0.024409598        5.7447812 
      0.02450034       5.67125249 
     0.024591082       5.59850303 
     0.024681824       5.52653283 
     0.024772566       5.45534189 
     0.024863308       5.38493019 
      0.02495405       5.31529775 
     0.025044792       5.24644457 
     0.025135534       5.17914347 
     0.025226276       5.11179031 
     0.025317018       5.04516095 
      0.02540776       4.97925538 
     0.025498502        4.9140736 
     0.025589244       4.84961562 
     0.025679986       4.78588144 
     0.025770728       4.72287104 
      0.02586147       4.66058445 
     0.025952212       4.59902164 
     0.026042954       4.53818263 
     0.026133696       4.47806742 
     0.026224438       4.41935145 
      0.02631518       4.36063766 
     0.026405922       4.30258126 
     0.026496664       4.24518224 
     0.026587406       4.18844061 
     0.026678148       4.13235637 
      0.02676889       4.07692951 
     0.026859632       4.02216003 
     0.026950374       3.96804794 
     0.027041116       3.91459324 
     0.027131858       3.86179592 
       0.0272226       3.80965599 
     0.027313342       3.75817344 
     0.027404084        3.7079878 
     0.027494826       3.65772766 
     0.027585568       3.60805397 
      0.02767631       3.55896674 
     0.027767052       3.51046596 
     0.027857794       3.46255163 
     0.027948536       3.41522375 
     0.028039278       3.36848233 
      0.02813002       3.32232736 
     0.028220762       3.27675884 
     0.028311504       3.23177678 
     0.028402246       3.18738117 
     0.028492988       3.14419793 
      0.02858373       3.10091174 
     0.028674472       3.05814122 
     0.028765214       3.01588637 
     0.028855956       2.97414719 
     0.028946698       2.93292368 
      0.02903744       2.89221585 
     0.029128182       2.85202368 
     0.029218924       2.81234719 
     0.029309666       2.77318637 
     0.029400408       2.73454121 
      0.02949115       2.69641173 
     0.029581892       2.65879792 
     0.029672634       2.62225041 
     0.029763376       2.58556763 
     0.029854118       2.54933298 
      0.02994486       2.51354646 
     0.030035602       2.47820807 
     0.030126344       2.44331781 
     0.030217086       2.40887568 
     0.030307828       2.37488168 
      0.03039857        2.3413358 
     0.030489312       2.30823806 
     0.030580054       2.27558844 
     0.030670796       2.24338696 
     0.030761538       2.21214998 
      0.03085228       2.18077794 
     0.030943022       2.14979153 
     0.031033764       2.11919077 
     0.031124506       2.08897564 
     0.031215248       2.05914616 
      0.03130599       2.02970231 
     0.031396732       2.00064411 
     0.031487474       1.97197154 
     0.031578216       1.94368462 
     0.031668958       1.91578333 
       0.0317597       1.88826769 
     0.031850442       1.86160438 
     0.031941184       1.83482321 
     0.032031926       1.80837112 
     0.032122668       1.78224811 
      0.03221341       1.75645417 
     0.032304152        1.7309893 
     0.032394894       1.70585351 
     0.032485636        1.6810468 
     0.032576378       1.65656916 
      0.03266712       1.63242059 
     0.032757862        1.6086011 
     0.032848604       1.58511069 
     0.032939346       1.56194935 
     0.033030088       1.53951373 
      0.03312083       1.51694853 
     0.033211572         1.494662 
     0.033302314       1.47265412 
     0.033393056       1.45092489 
     0.033483798       1.42947433 
      0.03357454       1.40830242 
     0.033665282       1.38740916 
     0.033756024       1.36679457 
     0.033846766       1.34645863 
     0.033937508       1.32640135 
      0.03402825       1.30662273 
     0.034118992       1.28747781 
     0.034209734        1.2682206 
     0.034300476       1.24919758 
     0.034391218       1.23040875 
      0.03448196       1.21185411 
     0.034572702       1.19353366 
     0.034663444       1.17544741 
     0.034754186       1.15759534 
     0.034844928       1.13997747 
      0.03493567       1.12259379 
     0.035026412        1.1054443 
     0.035117154         1.088529 
     0.035207896       1.07184789 
     0.035298638       1.05569554 
      0.03538938       1.03942891 
     0.035480122       1.02335751 
     0.035570864       1.00748133 
     0.035661606       0.99180039 
     0.035752348      0.976314676 
      0.03584309       0.96102419 
     0.035933832      0.945928934 
     0.036024574      0.931028907 
     0.036115316      0.916324109 
     0.036206058      0.901814541 
       0.0362968      0.887500201 
     0.036387542      0.873645904 
     0.036478284        0.8596894 
     0.036569026      0.845894082 
     0.036659768      0.832259948 
      0.03675051         0.818787 
     0.036841252      0.805475237 
     0.036931994       0.79232466 
     0.037022736      0.779335267 
     0.037113478       0.76650706 
      0.03720422      0.753840038 
     0.037294962      0.741334202 
     0.037385704       0.72898955 
     0.037476446      0.716806084 
     0.037567188      0.705000849 
      0.03765793      0.693094155 
     0.037748672       0.68131887 
     0.037839414      0.669674993 
     0.037930156      0.658162524 
     0.038020898      0.646781463 
      0.03811164       0.63553181 
     0.038202382      0.624413566 
     0.038293124      0.613426729 
     0.038383866      0.602571301 
     0.038474608      0.591847281 
      0.03856535      0.581254668 
     0.038656092      0.570991538 
     0.038746834      0.560632882 
     0.038837576      0.550379442 
     0.038928318      0.540231219 
      0.03901906      0.530188213 
     0.039109802      0.520250424 
     0.039200544      0.510417852 
     0.039291286      0.500690497 
     0.039382028      0.491068358 
      0.03947277      0.481551437 
     0.039563512      0.472139732 
     0.039654254      0.462833244 
     0.039744996      0.453804198 
     0.039835738      0.444692617 
      0.03992648      0.435662904 
     0.040017222      0.426715057 
     0.040107964      0.417849078 
     0.040198706      0.409064966 
     0.040289448      0.400362721 
      0.04038019      0.391742343 
     0.040470932      0.383203832 
     0.040561674      0.374747188 
     0.040652416      0.366372412 
     0.040743158      0.358079502 
       0.0408339       0.34986846 
     0.040924642      0.341871668 
     0.041015384      0.333798492 
     0.041106126      0.325785987 
     0.041196868      0.317834153 
      0.04128761       0.30994299 
     0.041378352      0.302112498 
     0.041469094      0.294342677 
     0.041559836      0.286633527 
     0.041650578      0.278985048 
      0.04174132      0.271397241 
     0.041832062      0.263870104 
     0.041922804      0.256403639 
     0.042013546      0.256466546 
     0.042104288      0.249535018 
      0.04219503       0.24260349 
     0.042285772      0.235671961 
     0.042376514      0.228740433 
     0.042467256      0.221808905 
     0.042557998      0.214877376 
      0.04264874      0.207945848 
     0.042739482       0.20101432 
     0.042830224      0.194082792 
     0.042920966      0.187151263 
     0.043011708      0.180219735 
      0.04310245      0.173288207 
     0.043193192      0.161459646 
     0.043283934       0.15473216 
     0.043374676      0.148004675 
     0.043465418       0.14127719 
      0.04355616      0.134549705 
     0.043646902      0.127822219 
     0.043737644      0.121094734 
     0.043828386      0.114367249 
     0.043919128      0.107639764 
      0.04400987      0.100912278 
     0.044100612     0.0941847932 
     0.044191354      0.087457308 
     0.044282096     0.0787025361 
     0.044372838     0.0721439915 
      0.04446358     0.0655854468 
     0.044554322     0.0590269021 
     0.044645064     0.0524683574 
     0.044735806     0.0459098128 
     0.044826548     0.0393512681 
      0.04491729     0.0327927234 
     0.045008032     0.0262341787 
     0.045098774      0.019675634 
     0.045189516     0.0131170894 
     0.045280258    0.00655854468 
        0.045371                0 
