        -0.04817                0 
     -0.04807366    0.00522548401 
     -0.04797732      0.010450968 
     -0.04788098      0.015676452 
     -0.04778464     0.0210050476 
      -0.0476883     0.0262563095 
     -0.04759196     0.0315075714 
     -0.04749562     0.0368817102 
     -0.04739928     0.0421505259 
     -0.04730294     0.0474193417 
      -0.0472066     0.0526480394 
     -0.04711026     0.0579536406 
     -0.04701392     0.0632731111 
     -0.04691758     0.0686625531 
     -0.04682124     0.0740135074 
      -0.0467249     0.0793816299 
     -0.04662856     0.0848097195 
     -0.04653222     0.0902163016 
     -0.04643588     0.0956437914 
     -0.04633954       0.10113129 
      -0.0462432      0.106604497 
     -0.04614686      0.112102481 
     -0.04605052       0.11766386 
     -0.04595418      0.123215043 
     -0.04585784      0.128794958 
      -0.0457615      0.134442592 
     -0.04566516      0.140083348 
     -0.04556882      0.145756865 
     -0.04547248      0.151502727 
     -0.04537614      0.157244865 
      -0.0452798      0.163023868 
     -0.04518346      0.168880017 
     -0.04508712      0.174735561 
     -0.04499078      0.180632153 
     -0.04489444      0.186610861 
      -0.0447981      0.192592062 
     -0.04470176      0.198618577 
     -0.04460542      0.204690408 
     -0.04450908      0.210851721 
     -0.04441274       0.21702075 
      -0.0443164      0.223239456 
     -0.04422006      0.229552689 
     -0.04412372      0.235877099 
     -0.04402738      0.242255652 
     -0.04393104      0.248733983 
      -0.0438347      0.255226944 
     -0.04373836      0.261778624 
     -0.04364202      0.268435556 
     -0.04354568      0.275110566 
     -0.04344934      0.281848994 
       -0.043353      0.288698379 
     -0.04325666      0.295569292 
     -0.04316032      0.302508451 
     -0.04306398      0.309564519 
     -0.04296764      0.316645568 
      -0.0428713      0.323799833 
     -0.04277496      0.331077216 
     -0.04267862      0.338383042 
     -0.04258228      0.345767204 
     -0.04248594      0.353280966 
      -0.0423896      0.360826645 
     -0.04229326      0.368455943 
     -0.04219692      0.376221606 
     -0.04210058      0.384022678 
     -0.04200424      0.391912821 
      -0.0419079      0.399946396 
     -0.04181156      0.408018892 
     -0.04171522      0.416186091 
     -0.04161888      0.424504106 
     -0.04152254      0.432864574 
      -0.0414262      0.441325571 
     -0.04132986        0.4499451 
     -0.04123352      0.458610639 
     -0.04113718      0.467382736 
     -0.04104084       0.47626139 
      -0.0409445      0.485309717 
     -0.04084816      0.494410803 
     -0.04075182      0.503624689 
     -0.04065548      0.513016239 
     -0.04055914      0.522464826 
      -0.0404628      0.532032678 
     -0.04036646      0.541786535 
     -0.04027012      0.551601783 
     -0.04017378      0.561542999 
     -0.04007744      0.571678925 
      -0.0399811      0.581880677 
     -0.03988476      0.592215347 
     -0.03978842      0.602753813 
     -0.03969208      0.613362624 
     -0.03959574      0.624111563 
      -0.0394994      0.635073783 
     -0.03940306      0.646110955 
     -0.03930672      0.657295735 
     -0.03921038      0.668703696 
     -0.03911404      0.680191308 
      -0.0390177      0.691834292 
     -0.03892136      0.703710789 
     -0.03882502      0.715671732 
     -0.03872868      0.727796105 
     -0.03863234      0.740164774 
       -0.038536      0.752622782 
     -0.03843966      0.765252584 
     -0.03834332      0.778137935 
     -0.03824698      0.791117618 
     -0.03815064      0.804277781 
      -0.0380543       0.81770523 
     -0.03795796       0.83123211 
     -0.03786162      0.844948485 
     -0.03776528      0.858854354 
     -0.03766894      0.873044931 
      -0.0375726      0.887344326 
     -0.03747626      0.901842574 
     -0.03737992      0.916637661 
     -0.03728358      0.931547872 
     -0.03718724       0.94666665 
      -0.0370909      0.962094884 
     -0.03699456      0.977644727 
     -0.03689822      0.993413218 
     -0.03680188       1.00950428 
     -0.03670554       1.02572363 
      -0.0366092       1.04217208 
     -0.03651286       1.05895673 
     -0.03641652       1.07587653 
     -0.03632018       1.09303629 
     -0.03622384       1.11054641 
      -0.0361275       1.12819873 
     -0.03603116       1.14610225 
     -0.03593482       1.16437084 
     -0.03583848       1.18278889 
     -0.03574214       1.20146981 
      -0.0356458       1.22053104 
     -0.03554946        1.2397492 
     -0.03545312       1.25924231 
     -0.03535678       1.27913153 
     -0.03526044       1.29918539 
      -0.0351641       1.31952669 
     -0.03506776       1.34028049 
     -0.03497142       1.36120682 
     -0.03487508       1.38243355 
     -0.03477874       1.40408973 
      -0.0346824       1.42592658 
     -0.03458606       1.44807721 
     -0.03448972       1.47067482 
     -0.03439338       1.49346148 
     -0.03429704       1.51657575 
      -0.0342007       1.54001764 
     -0.03410436       1.56393214 
     -0.03400802       1.58805107 
     -0.03391168       1.61251189 
     -0.03381534         1.637463 
       -0.033719       1.66262888 
     -0.03362266        1.6881514 
     -0.03352632       1.71418236 
     -0.03342998       1.74043878 
     -0.03333364       1.76706703 
      -0.0332373       1.79422235 
     -0.03314096       1.82161417 
     -0.03304462       1.84939347 
     -0.03294828       1.87771894 
     -0.03285194       1.90629231 
      -0.0327556       1.93526925 
     -0.03265926        1.9648119 
     -0.03256292       1.99461421 
     -0.03246658       2.02483663 
     -0.03237024       2.05564471 
      -0.0322739       2.08672461 
     -0.03217756       2.11824158 
     -0.03208122       2.15036454 
     -0.03198488       2.18277187 
     -0.03188854       2.21563364 
      -0.0317922       2.24912206 
     -0.03169586       2.28290783 
     -0.03159952       2.31716581 
     -0.03150318       2.35207138 
     -0.03140684        2.3872877 
      -0.0313105       2.42299437 
     -0.03121416       2.45936981 
     -0.03111782       2.49606983 
     -0.03102148        2.5332787 
     -0.03092514       2.57099642 
      -0.0308288       2.60941553 
     -0.03073246       2.64818104 
     -0.03063612        2.6874742 
     -0.03053978       2.72748874 
     -0.03044344       2.76786616 
      -0.0303471       2.80879031 
     -0.03025076       2.85045577 
     -0.03015442        2.8925011 
     -0.03005808       2.93511248 
     -0.02996174       2.97848491 
      -0.0298654       3.02225475 
     -0.02976906       3.06661013 
     -0.02967272       3.11174602 
     -0.02957638       3.15729741 
     -0.02948004       3.20345395 
      -0.0293837       3.25041006 
     -0.02928736       3.29780032 
     -0.02919102       3.34581538 
     -0.02909468       3.39464853 
     -0.02899834       3.44393506 
       -0.028902       3.49386603 
     -0.02880566       3.54463292 
     -0.02870932       3.59587298 
     -0.02861298       3.64777702 
     -0.02851664       3.70053397 
      -0.0284203       3.75378448 
     -0.02832396       3.80771831 
     -0.02822762       3.86252099 
     -0.02813128       3.91783822 
     -0.02803494       3.97385783 
      -0.0279386       4.03076098 
     -0.02784226       4.08820032 
     -0.02774592       4.14636066 
     -0.02764958       4.20541779 
     -0.02755324       4.26503338 
      -0.0274569       4.32538806 
     -0.02736056       4.38648181 
     -0.02726422       4.44849551 
     -0.02716788       4.51109643 
     -0.02707154       4.57445385 
      -0.0269752       4.63873921 
     -0.02687886       4.70363619 
     -0.02678252       4.76930629 
     -0.02668618        4.8359102 
     -0.02658984       4.90315057 
      -0.0264935       4.97117969 
     -0.02639716       5.04014616 
     -0.02630082        5.1097743 
     -0.02620448        5.1802057 
     -0.02610814       5.25157534 
      -0.0260118       5.32363225 
     -0.02591546       5.39650559 
     -0.02581912        5.4703152 
     -0.02572278       5.54483794 
     -0.02562644        5.6201888 
      -0.0255301       5.69647079 
     -0.02543376       5.77349204 
     -0.02533742       5.85135139 
     -0.02524108       5.93013327 
     -0.02514474       6.00968072 
      -0.0250484       6.09007436 
     -0.02495206       6.17137818 
     -0.02485572         6.253474 
     -0.02475938       6.33642199 
     -0.02466304       6.42026377 
      -0.0245667       6.50492401 
     -0.02447036       6.59044007 
     -0.02437402       6.67682923 
     -0.02427768       6.76406323 
     -0.02418134       6.85215416 
       -0.024085         6.941102 
     -0.02398866       7.03090269 
     -0.02389232       7.12156775 
     -0.02379598       7.21308807 
     -0.02369964       7.30543017 
      -0.0236033       7.39866049 
     -0.02350696       7.49274142 
     -0.02341062       7.58760841 
     -0.02331428       7.68338638 
     -0.02321794        7.7800071 
      -0.0231216       7.87737334 
     -0.02302526       7.97567202 
     -0.02292892        8.0748022 
     -0.02283258       8.17463238 
     -0.02273624       8.27541499 
      -0.0226399       8.37701421 
     -0.02254356       8.47926287 
     -0.02244722       8.58248217 
     -0.02235088       8.68649944 
     -0.02225454       8.79111048 
      -0.0221582       8.89670839 
     -0.02206186       9.00308166 
     -0.02196552       9.10998793 
     -0.02186918       9.21789504 
     -0.02177284       9.32655083 
      -0.0216765       9.43567379 
     -0.02158016       9.54580903 
     -0.02148382       9.65666206 
     -0.02138748        9.7679115 
     -0.02129114       9.88018185 
      -0.0211948       9.99313481 
     -0.02109846       10.1064087 
     -0.02100212        10.220709 
     -0.02090578       10.3356524 
     -0.02080944       10.4508367 
      -0.0207131       10.5670495 
     -0.02061676       10.6838616 
     -0.02052042       10.8012731 
     -0.02042408       10.9188262 
     -0.02032774       11.0373731 
      -0.0202314       11.1564713 
     -0.02013506       11.2756257 
     -0.02003872       11.3957615 
     -0.01994238       11.5163964 
     -0.01984604       11.6369995 
      -0.0197497       11.7585666 
     -0.01965336       11.8805765 
     -0.01955702       12.0024646 
     -0.01946068       12.1252943 
     -0.01936434       12.2485065 
       -0.019268       12.3715058 
     -0.01917166       12.4954185 
     -0.01907532       12.6196502 
     -0.01897898       12.7435768 
     -0.01888264       12.8683833 
      -0.0187863       12.9934418 
     -0.01868996       13.1181032 
     -0.01859362       13.2436053 
     -0.01849728       13.3692895 
     -0.01840094       13.4944852 
      -0.0183046       13.6204767 
     -0.01820826       13.7465779 
     -0.01811192       13.8721009 
     -0.01801558       13.9983689 
     -0.01791924       14.1246722 
      -0.0178229       14.2503099 
     -0.01772656       14.3766361 
     -0.01763022       14.5029215 
     -0.01753388       14.6284574 
     -0.01743754       14.7546193 
      -0.0173412       14.8806637 
     -0.01724486       15.0065905 
     -0.01714852       15.1316515 
     -0.01705218       15.2572297 
     -0.01695584        15.382613 
      -0.0168595       15.5070621 
     -0.01676316       15.6319487 
     -0.01666682       15.7565635 
     -0.01657048       15.8801825 
     -0.01647414       16.0041539 
      -0.0163778       16.1277774 
     -0.01628146       16.2503535 
     -0.01618512       16.3731893 
     -0.01608878       16.4956029 
     -0.01599244       16.6169345 
      -0.0158961       16.7384201 
     -0.01579976       16.8594119 
     -0.01570342       16.9793211 
     -0.01560708       17.0992507 
     -0.01551074       17.2186195 
      -0.0154144       17.3369776 
     -0.01531806       17.4551604 
     -0.01522172       17.5727243 
     -0.01512538       17.6895018 
     -0.01502904       17.8057765 
      -0.0149327       17.9213957 
     -0.01483636       18.0367985 
     -0.01474002       18.1510708 
     -0.01464368       18.2647115 
     -0.01454734       18.3784513 
       -0.014451       18.4908418 
     -0.01435466       18.6026141 
     -0.01425832        18.717023 
     -0.01416198       18.8277097 
     -0.01406564       18.9366256 
      -0.0139693       19.0351185 
     -0.01387296       19.1412467 
     -0.01377662       19.2461598 
     -0.01368028       19.3498576 
     -0.01358394       19.4523402 
      -0.0134876       19.5536075 
     -0.01339126       19.6536597 
     -0.01329492       19.7443175 
     -0.01319858       19.8427824 
     -0.01310224       19.9404435 
      -0.0130059       20.0373008 
     -0.01290956       20.1333543 
     -0.01281322       20.2286041 
     -0.01271688       20.3267448 
     -0.01262054       20.4199947 
      -0.0125242       20.5123217 
     -0.01242786       20.6037258 
     -0.01233152       20.6942068 
     -0.01223518       20.7837649 
     -0.01213884       20.8805402 
      -0.0120425       20.9680699 
     -0.01194616       21.0547028 
     -0.01184982        21.140439 
     -0.01175348       21.2252784 
     -0.01165714       21.3092211 
      -0.0115608       21.4026741 
     -0.01146446       21.4856364 
     -0.01136812       21.5668583 
     -0.01127178       21.6463398 
     -0.01117544       21.7240808 
      -0.0110791       21.8000815 
     -0.01098276       21.8743417 
     -0.01088642       21.9352279 
     -0.01079008       22.0067368 
     -0.01069374       22.0769287 
      -0.0105974       22.1458037 
     -0.01050106       22.2133618 
     -0.01040472       22.2796028 
     -0.01030838        22.344527 
     -0.01021204       22.4081341 
      -0.0101157       22.4704243 
     -0.01001936       22.5313976 
     -0.00992302       22.5910539 
     -0.00982668       22.6493932 
     -0.00973034       22.6733025 
       -0.009634       22.7302933 
     -0.00953766       22.7864646 
     -0.00944132       22.8418165 
     -0.00934498       22.8963489 
     -0.00924864       22.9500619 
      -0.0091523       23.0029554 
     -0.00905596       23.0550294 
     -0.00895962        23.106284 
     -0.00886328       23.1567191 
     -0.00876694       23.2063348 
      -0.0086706       23.2551309 
     -0.00857426       23.3031077 
     -0.00847792       23.3598232 
     -0.00838158       23.4059094 
     -0.00828524       23.4511229 
      -0.0081889       23.4954637 
     -0.00809256        23.538932 
     -0.00799622       23.5815276 
     -0.00789988       23.6232506 
     -0.00780354        23.664101 
      -0.0077072       23.7040787 
     -0.00761086       23.7431838 
     -0.00751452       23.7814163 
     -0.00741818       23.8187761 
     -0.00732184       23.8552634 
      -0.0072255       23.8951192 
     -0.00712916       23.9299407 
     -0.00703282        23.964009 
     -0.00693648       23.9973241 
     -0.00684014       24.0298861 
      -0.0067438       24.0616949 
     -0.00664746       24.0927505 
     -0.00655112        24.123053 
     -0.00645478       24.1526022 
     -0.00635844       24.1813984 
      -0.0062621       24.2094413 
     -0.00616576        24.236731 
     -0.00606942        24.263194 
     -0.00597308       24.2891053 
     -0.00587674       24.3144065 
      -0.0057804       24.3390977 
     -0.00568406       24.3631789 
     -0.00558772         24.38665 
     -0.00549138        24.409511 
     -0.00539504        24.431762 
      -0.0052987        24.453403 
     -0.00520236       24.4744339 
     -0.00510602       24.4948547 
     -0.00500968       24.5146655 
     -0.00491334       24.5338663 
       -0.004817       24.5510558 
     -0.00472066       24.5691807 
     -0.00462432       24.5868179 
     -0.00452798       24.6039673 
     -0.00443164       24.6206291 
      -0.0043353       24.6368031 
     -0.00423896       24.6524894 
     -0.00414262       24.6676881 
     -0.00404628       24.6823989 
     -0.00394994       24.6966221 
      -0.0038536       24.7103576 
     -0.00375726       24.7236053 
     -0.00366092       24.7363654 
     -0.00356458       24.7477931 
     -0.00346824       24.7597324 
      -0.0033719       24.7712815 
     -0.00327556       24.7824406 
     -0.00317922       24.7932096 
     -0.00308288       24.8035886 
     -0.00298654       24.8135774 
      -0.0028902       24.8231762 
     -0.00279386        24.832385 
     -0.00269752       24.8412036 
     -0.00260118       24.8496322 
     -0.00250484       24.8576708 
      -0.0024085       24.8630942 
     -0.00231216       24.8703338 
     -0.00221582        24.877278 
     -0.00211948       24.8839266 
     -0.00202314       24.8902797 
      -0.0019268       24.8963374 
     -0.00183046       24.9020995 
     -0.00173412       24.9075662 
     -0.00163778       24.9127374 
     -0.00154144        24.917613 
      -0.0014451       24.9221932 
     -0.00134876       24.9264779 
     -0.00125242       24.9304671 
     -0.00115608       24.9371784 
     -0.00105974       24.9405105 
      -0.0009634       24.9435528 
     -0.00086706       24.9463054 
     -0.00077072       24.9487682 
     -0.00067438       24.9509413 
     -0.00057804       24.9528247 
      -0.0004817       24.9544183 
     -0.00038536       24.9557222 
     -0.00028902       24.9567363 
     -0.00019268       24.9574607 
      -9.634e-05       24.9578953 
               0       24.9576323 
       9.634e-05       24.9574875 
      0.00019268       24.9570531 
      0.00028902       24.9563291 
      0.00038536       24.9553155 
       0.0004817       24.9540123 
      0.00057804       24.9524195 
      0.00067438       24.9505372 
      0.00077072       24.9483652 
      0.00086706       24.9459036 
       0.0009634       24.9431525 
      0.00105974       24.9401117 
      0.00115608       24.9367813 
      0.00125242        24.930071 
      0.00134876       24.9260837 
       0.0014451       24.9218011 
      0.00154144       24.9172231 
      0.00163778       24.9123498 
      0.00173412       24.9071811 
      0.00183046        24.901717 
       0.0019268       24.8959576 
      0.00202314       24.8899028 
      0.00211948       24.8835527 
      0.00221582       24.8769073 
      0.00231216       24.8699664 
       0.0024085       24.8627303 
      0.00250484       24.8573139 
      0.00260118        24.849279 
      0.00269752        24.840854 
      0.00279386       24.8320392 
       0.0028902       24.8228343 
      0.00298654       24.8132394 
      0.00308288       24.8032545 
      0.00317922       24.7928797 
      0.00327556       24.7821149 
       0.0033719         24.77096 
      0.00346824       24.7594152 
      0.00356458       24.7474804 
      0.00366092        24.736058 
      0.00375726       24.7233026 
       0.0038536       24.7100594 
      0.00394994       24.6963286 
      0.00404628         24.68211 
      0.00414262       24.6674038 
      0.00423896       24.6522098 
       0.0043353       24.6365282 
      0.00443164       24.6203589 
      0.00452798       24.6037018 
      0.00462432       24.5865571 
      0.00472066       24.5689247 
        0.004817       24.5508046 
      0.00491334       24.5336209 
      0.00500968       24.5144249 
      0.00510602       24.4946188 
      0.00520236       24.4742026 
       0.0052987       24.4531763 
      0.00539504       24.4315398 
      0.00549138       24.4092933 
      0.00558772       24.3864366 
      0.00568406       24.3629699 
       0.0057804        24.338893 
      0.00587674        24.314206 
      0.00597308       24.2889089 
      0.00606942       24.2630017 
      0.00616576       24.2365437 
       0.0062621       24.2092578 
      0.00635844       24.1812186 
      0.00645478       24.1524261 
      0.00655112       24.1228802 
      0.00664746        24.092581 
       0.0067438       24.0615285 
      0.00684014       24.0297227 
      0.00693648       23.9971635 
      0.00703282       23.9638511 
      0.00712916       23.9297853 
       0.0072255       23.8949661 
      0.00732184       23.8551118 
      0.00741818       23.8186266 
      0.00751452       23.7812685 
      0.00761086       23.7430376 
       0.0077072       23.7039338 
      0.00780354       23.6639571 
      0.00789988       23.6231075 
      0.00799622       23.5813851 
      0.00809256       23.5387898 
       0.0081889       23.4953216 
      0.00828524       23.4509806 
      0.00838158       23.4057666 
      0.00847792       23.3596799 
      0.00857426       23.3029641 
       0.0086706       23.2549862 
      0.00876694       23.2061885 
      0.00886328       23.1565711 
      0.00895962       23.1061339 
      0.00905596        23.054877 
       0.0091523       23.0028003 
      0.00924864       22.9499039 
      0.00934498       22.8961877 
      0.00944132       22.8416518 
      0.00953766       22.7862961 
        0.009634       22.7301206 
      0.00973034       22.6731254 
      0.00982668       22.6492164 
      0.00992302       22.5908722 
      0.01001936       22.5312105 
       0.0101157       22.4702315 
      0.01021204       22.4079352 
      0.01030838       22.3443215 
      0.01040472       22.2793904 
      0.01050106        22.213142 
       0.0105974       22.1455762 
      0.01069374        22.076693 
      0.01079008       22.0064925 
      0.01088642       21.9349746 
      0.01098276       21.8740822 
       0.0110791        21.799812 
      0.01117544       21.7238009 
      0.01127178       21.6460488 
      0.01136812       21.5665558 
      0.01146446       21.4853219 
       0.0115608        21.402347 
      0.01165714       21.3088795 
      0.01175348       21.2249236 
      0.01184982       21.1400705 
      0.01194616       21.0543203 
       0.0120425       20.9676729 
      0.01213884       20.8801283 
      0.01223518       20.7833295 
      0.01233152       20.6937557 
      0.01242786       20.6032583 
       0.0125242       20.5118372 
      0.01262054       20.4194926 
      0.01271688       20.3262243 
      0.01281322       20.2279749 
      0.01290956       20.1327054 
       0.0130059       20.0366314 
      0.01310224       19.9397529 
      0.01319858         19.84207 
      0.01329492       19.7435827 
      0.01339126       19.6531884 
       0.0134876       19.5531241 
      0.01358394       19.4518321 
      0.01368028       19.3493123 
      0.01377662       19.2455648 
      0.01387296       19.1405895 
       0.0139693       19.0343864 
      0.01406564       18.9354687 
      0.01416198       18.8266193 
      0.01425832       18.7160376 
      0.01435466       18.6016149 
        0.014451       18.4898287 
      0.01454734        18.377419 
      0.01464368       18.2636979 
      0.01474002       18.1500293 
      0.01483636       18.0357234 
       0.0149327       17.9203597 
      0.01502904       17.8047136 
      0.01512538       17.6884142 
      0.01522172         17.57167 
      0.01531806       17.4540744 
       0.0154144       17.3358679 
      0.01551074       17.2170503 
      0.01560708       17.0981233 
      0.01570342       16.9781673 
      0.01579976       16.8576624 
       0.0158961       16.7372328 
      0.01599244       16.6157157 
      0.01608878       16.4937203 
      0.01618512       16.3719244 
      0.01628146       16.2490497 
       0.0163778       16.1257715 
      0.01647414       16.0027919 
      0.01657048       15.8787719 
      0.01666682       15.7544255 
      0.01676316       15.6304654 
       0.0168595       15.5055176 
      0.01695584       15.3803217 
      0.01705218       15.2548778 
      0.01714852       15.1299354 
      0.01724486       15.0041111 
       0.0173412       14.8781177 
      0.01743754       14.7526653 
      0.01753388       14.6264347 
      0.01763022       14.5001141 
      0.01772656       14.3742791 
       0.0178229       14.2478664 
      0.01791924       14.1214435 
      0.01801558       13.9950904 
      0.01811192       13.8687261 
      0.01820826       13.7424394 
       0.0183046       13.6145103 
      0.01840094       13.4883922 
      0.01849728       13.3625352 
      0.01859362       13.2369393 
      0.01868996       13.1064377 
       0.0187863       12.9813112 
      0.01888264       12.8565927 
      0.01897898       12.7343839 
      0.01907532       12.6100971 
      0.01917166       12.4860168 
        0.019268       12.3609942 
      0.01936434        12.236926 
      0.01946068       12.1133243 
      0.01955702        11.990189 
      0.01965336       11.8675203 
       0.0197497       11.7453181 
      0.01984604       11.6295371 
      0.01994238       11.5084182 
      0.02003872       11.3877872 
      0.02013506       11.2676439 
       0.0202314       11.1479884 
      0.02032774       11.0288207 
      0.02042408       10.9114464 
      0.02052042       10.7932733 
      0.02061676       10.6757405 
       0.0207131       10.5588482 
      0.02080944       10.4425961 
      0.02090578       10.3269845 
      0.02100212       10.2120132 
      0.02109846       10.0852284 
       0.0211948       9.97157294 
      0.02129114       9.85878881 
      0.02138748       9.74687606 
      0.02148382       9.63583468 
      0.02158016       9.52566467 
       0.0216765       9.42118965 
      0.02177284       9.31259014 
      0.02186918       9.20472108 
      0.02196552       9.09758247 
      0.02206186       8.99117431 
       0.0221582        8.8854966 
      0.02225454       8.77844172 
      0.02235088       8.67377977 
      0.02244722        8.5699332 
      0.02254356         8.466902 
       0.0226399       8.36468619 
      0.02273624       8.26328575 
      0.02283258       8.16270069 
      0.02292892       8.06293101 
      0.02302526        7.9639767 
       0.0231216       7.86583778 
      0.02321794       7.76851423 
      0.02331428       7.67200606 
      0.02341062       7.58479842 
      0.02350696       7.49007784 
       0.0236033       7.39618557 
      0.02369964       7.30312162 
      0.02379598       7.21088597 
      0.02389232       7.11947863 
      0.02398866        7.0288996 
        0.024085       6.93914888 
      0.02418134       6.85022647 
      0.02427768       6.76213237 
      0.02437402       6.67486659 
      0.02447036       6.58842911 
       0.0245667       6.50922833 
      0.02466304       6.42455255 
      0.02475938       6.34071916 
      0.02485572       6.25772818 
      0.02495206       6.17557959 
       0.0250484        6.0942734 
      0.02514474        6.0138096 
      0.02524108       5.93418821 
      0.02533742       5.85540921 
      0.02543376       5.77747262 
       0.0255301       5.70037842 
      0.02562644       5.62571399 
      0.02572278       5.55029129 
      0.02581912         5.475676 
      0.02591546        5.4018681 
       0.0260118        5.3288676 
      0.02610814        5.2566745 
      0.02620448       5.18528879 
      0.02630082       5.11471048 
      0.02639716       5.04493957 
       0.0264935       4.97597606 
      0.02658984       4.90781994 
      0.02668618       4.84047123 
      0.02678252       4.77464157 
      0.02687886       4.70885277 
       0.0269752       4.64381451 
      0.02707154       4.57952677 
      0.02716788       4.51598955 
      0.02726422       4.45320287 
      0.02736056       4.39116671 
       0.0274569       4.32988107 
      0.02755324       4.26934597 
      0.02764958       4.20956139 
      0.02774592       4.15052733 
      0.02784226        4.0922438 
       0.0279386       4.03531092 
      0.02803494        3.9784385 
      0.02813128       3.92224818 
      0.02822762       3.86673997 
      0.02832396       3.81191387 
       0.0284203       3.75776988 
      0.02851664         3.704308 
      0.02861298       3.65152822 
      0.02870932       3.59943055 
      0.02880566       3.54801498 
        0.028902       3.49728153 
      0.02899834       3.44783987 
      0.02909468       3.39842435 
      0.02919102       3.34961772 
      0.02928736       3.30141996 
       0.0293837       3.25383109 
      0.02948004       3.20685109 
      0.02957638       3.16047997 
      0.02967272       3.11471773 
      0.02976906       3.06956438 
       0.0298654        3.0250199 
      0.02996174        2.9810843 
      0.03005808       2.93775758 
      0.03015442       2.89561487 
      0.03025076       2.85343735 
       0.0303471       2.81179559 
      0.03044344       2.77068957 
      0.03053978       2.73011929 
      0.03063612       2.69008476 
      0.03073246       2.65058598 
       0.0308288       2.61162294 
      0.03092514       2.57319564 
      0.03102148        2.5353041 
      0.03111782        2.4979483 
      0.03121416       2.46112824 
       0.0313105       2.42536272 
      0.03140684       2.38952785 
      0.03150318       2.35415894 
      0.03159952       2.31925598 
      0.03169586       2.28481898 
       0.0317922       2.25084793 
      0.03188854       2.21734283 
      0.03198488       2.18430369 
      0.03208122        2.1517305 
      0.03217756       2.11962326 
       0.0322739       2.08798198 
      0.03237024       2.05680665 
      0.03246658       2.02654789 
      0.03256292       1.99620561 
      0.03265926       1.96626474 
       0.0327556       1.93672528 
      0.03285194       1.90758724 
      0.03294828       1.87885061 
      0.03304462       1.85051539 
      0.03314096       1.82258159 
       0.0332373        1.7950492 
      0.03333364       1.76791822 
      0.03342998       1.74118866 
      0.03352632       1.71528743 
      0.03362266       1.68931258 
        0.033719       1.66368078 
      0.03381534       1.63839204 
      0.03391168       1.61344635 
      0.03400802       1.58884371 
      0.03410436       1.56458413 
       0.0342007        1.5406676 
      0.03429704       1.51709413 
      0.03439338       1.49386371 
      0.03448972       1.47097634 
      0.03458606       1.44843203 
       0.0346824       1.42659759 
      0.03477874       1.40468147 
      0.03487508       1.38305648 
      0.03497142       1.36172261 
      0.03506776       1.34067986 
       0.0351641       1.31992824 
      0.03526044       1.29946775 
      0.03535678       1.27929838 
      0.03545312       1.25942013 
      0.03554946       1.23983301 
       0.0356458       1.22053701 
      0.03574214       1.20153214 
      0.03583848       1.18312692 
      0.03593482       1.16464014 
      0.03603116       1.14639879 
       0.0361275       1.12840289 
      0.03622384       1.11065243 
      0.03632018       1.09314741 
      0.03641652       1.07588784 
      0.03651286        1.0588737 
       0.0366092         1.042105 
      0.03670554       1.02558175 
      0.03680188       1.00930394 
      0.03689822      0.993553635 
      0.03699456      0.977739085 
       0.0370909      0.962130092 
      0.03718724      0.946726656 
      0.03728358      0.931528776 
      0.03737992      0.916536454 
      0.03747626      0.901749688 
       0.0375726      0.887168479 
      0.03766894      0.872792826 
      0.03776528       0.85862273 
      0.03786162      0.844658192 
      0.03795796      0.830899209 
       0.0380543      0.817585651 
      0.03815064      0.804203827 
      0.03824698      0.790992886 
      0.03834332      0.777952831 
      0.03843966       0.76508366 
        0.038536      0.752385373 
      0.03863234      0.739857971 
      0.03872868      0.727501453 
      0.03882502       0.71531582 
      0.03892136      0.703301072 
       0.0390177      0.691457208 
      0.03911404      0.679784229 
      0.03921038      0.668483624 
      0.03930672      0.657114327 
      0.03940306      0.645885807 
       0.0394994      0.634798064 
      0.03959574      0.623851098 
      0.03969208       0.61304491 
      0.03978842      0.602379498 
      0.03988476      0.591854863 
       0.0399811      0.581471006 
      0.04007744      0.571227925 
      0.04017378      0.561125622 
      0.04027012      0.551164096 
      0.04036646      0.541510743 
       0.0404628      0.531790174 
      0.04055914      0.522184177 
      0.04065548      0.512692753 
      0.04075182      0.503315901 
      0.04084816      0.494053622 
       0.0409445      0.484905916 
      0.04104084      0.475872783 
      0.04113718      0.466954222 
      0.04123352      0.458150234 
      0.04132986      0.449460819 
       0.0414262      0.441042626 
      0.04152254      0.432563271 
      0.04161888       0.42417553 
      0.04171522      0.415879403 
      0.04181156      0.407674891 
       0.0419079      0.399561992 
      0.04200424      0.391540708 
      0.04210058      0.383611039 
      0.04219692      0.375772983 
      0.04229326      0.368026542 
       0.0423896      0.360371716 
      0.04248594      0.352808503 
      0.04258228      0.345467263 
      0.04267862      0.338064707 
      0.04277496      0.330733362 
       0.0428713      0.323473228 
      0.04296764      0.316284305 
      0.04306398      0.309166592 
      0.04316032      0.302120091 
      0.04325666        0.2951448 
        0.043353       0.28824072 
      0.04344934      0.281407851 
      0.04354568      0.274646192 
      0.04364202      0.267955745 
      0.04373836      0.261436606 
       0.0438347      0.254863194 
      0.04393104      0.248342515 
      0.04402738       0.24187457 
      0.04412372      0.235459359 
      0.04422006      0.229096882 
       0.0443164      0.222787139 
      0.04441274      0.216530131 
      0.04450908      0.210325856 
      0.04460542      0.204174315 
      0.04470176      0.198075509 
       0.0447981      0.197753101 
      0.04489444      0.192103012 
      0.04499078      0.186452924 
      0.04508712      0.180802835 
      0.04518346      0.175152747 
       0.0452798      0.169502658 
      0.04537614      0.163852569 
      0.04547248      0.158202481 
      0.04556882      0.152552392 
      0.04566516      0.146902304 
       0.0457615      0.141252215 
      0.04585784      0.135602126 
      0.04595418      0.126109466 
      0.04605052      0.120626445 
      0.04614686      0.115143425 
       0.0462432      0.109660405 
      0.04633954      0.104177385 
      0.04643588     0.0986943643 
      0.04653222     0.0932113441 
      0.04662856     0.0877283239 
       0.0467249     0.0822453036 
      0.04682124     0.0767622834 
      0.04691758     0.0712792631 
      0.04701392     0.0657962429 
      0.04711026     0.0587928942 
       0.0472066     0.0534480856 
      0.04730294     0.0481032771 
      0.04739928     0.0427584685 
      0.04749562     0.0374136599 
      0.04759196     0.0320688514 
       0.0476883     0.0267240428 
      0.04778464     0.0213792342 
      0.04788098     0.0160344257 
      0.04797732     0.0106896171 
      0.04807366    0.00534480856 
         0.04817                0 
