       -0.048985   2.05696875e-14 
     -0.04888703    0.00493245071 
     -0.04878906    0.00986490141 
     -0.04869109     0.0147973521 
     -0.04859312     0.0198269532 
     -0.04849515     0.0247836915 
     -0.04839718     0.0297404298 
     -0.04829921     0.0348128957 
     -0.04820124     0.0397861665 
     -0.04810327     0.0447594373 
      -0.0480053     0.0497011797 
     -0.04790733     0.0547116116 
     -0.04780936     0.0597353416 
     -0.04771139     0.0648249672 
     -0.04761342     0.0698796065 
     -0.04751545     0.0749507057 
     -0.04741748     0.0800787511 
     -0.04731951     0.0851877446 
     -0.04722154     0.0903167824 
     -0.04712357     0.0955030129 
      -0.0470256       0.10067715 
     -0.04692763      0.105875041 
     -0.04682966      0.111133454 
     -0.04673169      0.116383861 
     -0.04663372      0.121661812 
     -0.04653575      0.127004473 
     -0.04643778      0.132342515 
     -0.04633981      0.137711964 
     -0.04624184      0.143150572 
     -0.04614387      0.148587828 
      -0.0460459      0.154060425 
     -0.04594793      0.159606772 
     -0.04584996      0.165155036 
     -0.04575199       0.17074265 
     -0.04565402      0.176408743 
     -0.04555605      0.182080039 
     -0.04545808      0.187794778 
     -0.04536011      0.193592875 
     -0.04526214      0.199399478 
     -0.04516417      0.205253705 
      -0.0450662       0.21119634 
     -0.04496823      0.217150799 
     -0.04487026      0.223157164 
     -0.04477229      0.229257164 
     -0.04467432      0.235372329 
     -0.04457635      0.241543787 
     -0.04447838      0.247814301 
     -0.04438041      0.254103347 
     -0.04428244      0.260453191 
     -0.04418447      0.266907714 
      -0.0440865       0.27338417 
     -0.04398853      0.279926054 
     -0.04389056      0.286578454 
     -0.04379259      0.293256227 
     -0.04369462      0.300004193 
     -0.04359665      0.306868737 
     -0.04349868      0.313762143 
     -0.04340071      0.320730651 
     -0.04330274      0.327822034 
     -0.04320477      0.334945823 
      -0.0431068      0.342149779 
     -0.04300883      0.349483152 
     -0.04291086      0.356852538 
     -0.04281289       0.36430732 
     -0.04271492       0.37189832 
     -0.04261695       0.37952901 
     -0.04251898      0.387250499 
     -0.04242101      0.395115278 
     -0.04232304      0.403023501 
     -0.04222507      0.411028111 
      -0.0421271      0.419183365 
     -0.04202913      0.427385903 
     -0.04193116       0.43569061 
     -0.04183319       0.44415361 
     -0.04173522      0.452667825 
     -0.04163725      0.461290199 
     -0.04153928      0.470078823 
     -0.04144131      0.478922695 
     -0.04134334      0.487880931 
     -0.04124537      0.497013693 
      -0.0411474      0.506205846 
     -0.04104943      0.515518794 
     -0.04095146      0.525014879 
     -0.04085349      0.534574615 
     -0.04075552      0.544261818 
     -0.04065755      0.554141113 
     -0.04055958      0.564088444 
     -0.04046161      0.574170163 
     -0.04036364      0.584453292 
     -0.04026567      0.594808975 
      -0.0401677       0.60530623 
     -0.04006973      0.616014584 
     -0.03997176      0.626800154 
     -0.03987379      0.637734752 
     -0.03977582      0.648890527 
     -0.03967785      0.660128332 
     -0.03957988      0.671522906 
     -0.03948191      0.683149133 
     -0.03938394      0.694862366 
     -0.03928597      0.706740408 
       -0.039188      0.718860992 
     -0.03909003      0.731073729 
     -0.03899206      0.743459623 
     -0.03889409      0.756018672 
     -0.03879612      0.768836609 
     -0.03869815      0.781755668 
     -0.03860018      0.794856552 
     -0.03850221      0.808228017 
     -0.03840424      0.821706519 
     -0.03830627      0.835375849 
      -0.0382083      0.849327891 
     -0.03811033      0.863393113 
     -0.03801236      0.877658511 
     -0.03791439      0.892219201 
     -0.03781642      0.906899454 
     -0.03771845      0.921789588 
     -0.03762048      0.936988056 
     -0.03752251      0.952312719 
     -0.03742454      0.967857338 
     -0.03732657        0.9837238 
      -0.0372286      0.999723356 
     -0.03713063       1.01595332 
     -0.03703266       1.03251912 
     -0.03693469       1.04922518 
     -0.03683672       1.06617251 
     -0.03673875       1.08347013 
     -0.03664078       1.10091549 
     -0.03654281       1.11861336 
     -0.03644484        1.1366765 
     -0.03634687       1.15489514 
      -0.0362489       1.17337794 
     -0.03615093       1.19224148 
     -0.03605296       1.21126861 
     -0.03595499       1.23057199 
     -0.03585702       1.25027206 
     -0.03575905       1.27014414 
     -0.03566108         1.290305 
     -0.03556311       1.31087899 
     -0.03546514       1.33163378 
     -0.03536717       1.35269029 
      -0.0352692       1.37417689 
     -0.03517123       1.39585343 
     -0.03507326       1.41784509 
     -0.03497529       1.44028428 
     -0.03487732       1.46292294 
     -0.03477935       1.48589056 
     -0.03468138       1.50932365 
     -0.03458341       1.53296612 
     -0.03448544       1.55695186 
     -0.03438747       1.58142147 
      -0.0342895        1.6061108 
     -0.03419153       1.63115816 
     -0.03409356       1.65670826 
     -0.03399559       1.68248884 
     -0.03389762       1.70864267 
     -0.03379965       1.73531854 
     -0.03370168       1.76223612 
     -0.03360371       1.78954262 
     -0.03350574       1.81739088 
     -0.03340777       1.84549253 
      -0.0333098       1.87399924 
     -0.03321183        1.9030678 
     -0.03311386       1.93240193 
     -0.03301589        1.9621577 
     -0.03291792       1.99249578 
     -0.03281995        2.0231121 
     -0.03272198       2.05416707 
     -0.03262401       2.08582511 
     -0.03252604       2.11777461 
     -0.03242807       2.15018018 
      -0.0323301       2.18320984 
     -0.03223213       2.21654472 
     -0.03213416        2.2503535 
     -0.03203619       2.28480761 
     -0.03193822       2.31958124 
     -0.03184025       2.35484699 
     -0.03174228       2.39077944 
     -0.03164431       2.42704631 
     -0.03154634       2.46382387 
     -0.03144837       2.50128957 
      -0.0313504       2.53910518 
     -0.03125243       2.57745038 
     -0.03115446       2.61650513 
     -0.03105649       2.65592592 
     -0.03095852       2.69589546 
     -0.03086055       2.73659589 
     -0.03076258        2.7776791 
     -0.03066461       2.81933048 
     -0.03056664       2.86173385 
     -0.03046867       2.90453741 
      -0.0303707       2.94792874 
     -0.03027273       2.99209285 
     -0.03017476        3.0366752 
     -0.03007679       3.08186508 
     -0.02997882       3.12784807 
     -0.02988085       3.17426804 
     -0.02978288       3.22131534 
     -0.02968491       3.26917549 
     -0.02958694       3.31749205 
     -0.02948897       3.36645576 
       -0.029391        3.4162513 
     -0.02929303       3.46652338 
     -0.02919506       3.51746233 
     -0.02909709       3.56925118 
     -0.02899912        3.6215374 
     -0.02890115       3.67451003 
     -0.02880318       3.72816906 
     -0.02870521       3.78270797 
     -0.02860724       3.83777205 
     -0.02850927        3.8935418 
      -0.0284113       3.95020652 
     -0.02831333       4.00741885 
     -0.02821536       4.06535572 
     -0.02811739       4.12420113 
     -0.02801942       4.18361719 
     -0.02792145       4.24377614 
     -0.02782348       4.30485547 
     -0.02772551       4.36652903 
     -0.02762754        4.4289632 
     -0.02752957       4.49232762 
      -0.0274316       4.55631038 
     -0.02733363       4.62107066 
     -0.02723566       4.68676888 
     -0.02713769       4.75311001 
     -0.02703972       4.82024464 
     -0.02694175       4.88832243 
     -0.02684378       4.95706811 
     -0.02674581       5.02662216 
     -0.02664784        5.0971219 
     -0.02654987       5.16831483 
      -0.0264519       5.24032972 
     -0.02635393       5.31328986 
     -0.02625596       5.38696873 
     -0.02615799       5.46148169 
     -0.02606002       5.53693623 
     -0.02596205       5.61313518 
     -0.02586408       5.69017867 
     -0.02576611       5.76815659 
     -0.02566814       5.84690462 
     -0.02557017       5.92650578 
      -0.0254722       6.00703045 
     -0.02537423        6.0883508 
     -0.02527626       6.17053081 
     -0.02517829        6.2536194 
     -0.02508032       6.33752898 
     -0.02498235       6.42230242 
     -0.02488438       6.50796528 
     -0.02478641       6.59447398 
     -0.02468844       6.68184824 
     -0.02459047       6.77008826 
      -0.0244925       6.85919832 
     -0.02439453       6.94917291 
     -0.02429656        7.0399849 
     -0.02419859       7.13169029 
     -0.02410062        7.2242562 
     -0.02400265       7.31762629 
     -0.02390468       7.41191201 
     -0.02380671        7.5070511 
     -0.02370874        7.6029561 
     -0.02361077       7.69979761 
      -0.0235128       7.79748192 
     -0.02341483       7.89588875 
     -0.02331686       7.99525132 
     -0.02321889       8.09544255 
     -0.02312092       8.19630768 
     -0.02302295       8.29814585 
     -0.02292498       8.40079474 
     -0.02282701       8.50406369 
     -0.02272904       8.60832069 
     -0.02263107       8.71336655 
      -0.0225331       8.81897342 
     -0.02243513       8.92558075 
     -0.02233716       9.03295096 
     -0.02223919       9.14081807 
     -0.02214122       9.24969504 
     -0.02204325       9.35930474 
     -0.02194528       9.46934225 
     -0.02184731       9.58039572 
     -0.02174934       9.69214744 
     -0.02165137       9.80425321 
      -0.0215534       9.91737731 
     -0.02145543       10.0311608 
     -0.02135746       10.1452202 
     -0.02125949       10.2602962 
     -0.02116152       10.3759885 
     -0.02106355       10.4918744 
     -0.02096558       10.6087708 
     -0.02086761       10.7262359 
     -0.02076964        10.843809 
     -0.02067167       10.9623814 
      -0.0205737       11.0814708 
     -0.02047573       11.2005794 
     -0.02037776       11.3206713 
     -0.02027979       11.4412242 
     -0.02018182       11.5617051 
     -0.02008385       11.6831475 
     -0.01998588       11.8049912 
     -0.01988791       11.9266699 
     -0.01978994       12.0492827 
     -0.01969197       12.1722333 
       -0.019594        12.294925 
     -0.01949603       12.4185172 
     -0.01939806       12.5423803 
     -0.01930009       12.6658903 
     -0.01920212       12.7902611 
     -0.01910415       12.9148329 
     -0.01900618       13.0396056 
     -0.01890821       13.1638978 
     -0.01881024       13.2889661 
     -0.01871227       13.4141627 
      -0.0186143       13.5387872 
     -0.01851633       13.6641325 
     -0.01841836       13.7895315 
     -0.01832039       13.9142695 
     -0.01822242       14.0396669 
     -0.01812445       14.1650415 
     -0.01802648       14.2896698 
     -0.01792851         14.41489 
     -0.01783054       14.5400099 
     -0.01773257       14.6643027 
      -0.0176346       14.7891141 
     -0.01753663       14.9137469 
     -0.01743866       15.0374776 
     -0.01734069       15.1616476 
     -0.01724272       15.2855611 
     -0.01714475       15.4085043 
     -0.01704678       15.5318016 
     -0.01694881       15.6547652 
     -0.01685084       15.7767006 
     -0.01675287        15.898897 
      -0.0166549        16.020684 
     -0.01655693       16.1414021 
     -0.01645896       16.2622749 
     -0.01636099       16.3826654 
     -0.01626302       16.5019801 
     -0.01616505       16.6213159 
     -0.01606708       16.7401007 
     -0.01596911       16.8578749 
     -0.01587114       16.9754766 
     -0.01577317       17.0924676 
      -0.0156752       17.2086632 
     -0.01557723       17.3243683 
     -0.01547926       17.4394246 
     -0.01538129        17.554238 
     -0.01528332       17.6679694 
     -0.01518535       17.7810755 
     -0.01508738       17.8942681 
     -0.01498941       18.0061409 
     -0.01489144       18.1174004 
     -0.01479347        18.231459 
      -0.0146955       18.3410594 
     -0.01459753       18.4488717 
     -0.01449956        18.546696 
     -0.01440159       18.6519985 
     -0.01430362        18.756076 
     -0.01420565       18.8589286 
     -0.01410768       18.9605561 
     -0.01400971       19.0609586 
     -0.01391174        19.151865 
     -0.01381377       19.2505144 
      -0.0137158       19.3483532 
     -0.01361783       19.4453813 
     -0.01351986       19.5415987 
     -0.01342189       19.6370055 
     -0.01332392       19.7352156 
     -0.01322595       19.8286323 
     -0.01312798         19.92111 
     -0.01303001       20.0126488 
     -0.01293204       20.1032488 
     -0.01283407       20.1929098 
      -0.0127361       20.2892572 
     -0.01263813       20.3768488 
     -0.01254016       20.4635129 
     -0.01244219       20.5492498 
     -0.01234422       20.6340592 
     -0.01224625       20.7179413 
     -0.01214828       20.8096499 
     -0.01205031       20.8924591 
     -0.01195234       20.9735399 
     -0.01185437       21.0528922 
      -0.0117564       21.1305159 
     -0.01165843       21.2064112 
     -0.01156046       21.2805779 
     -0.01146249       21.3443633 
     -0.01136452       21.4160165 
     -0.01126655       21.4863085 
     -0.01116858       21.5552394 
     -0.01107061       21.6228092 
     -0.01097264       21.6890179 
     -0.01087467       21.7538655 
      -0.0107767       21.8173519 
     -0.01067873       21.8794773 
     -0.01058076       21.9402416 
     -0.01048279       21.9996447 
     -0.01038482       22.0274723 
     -0.01028685        22.085385 
     -0.01018888       22.1424466 
     -0.01009091       22.1986572 
     -0.00999294       22.2540167 
     -0.00989497       22.3085252 
       -0.009797       22.3621826 
     -0.00969903        22.414989 
     -0.00960106       22.4669442 
     -0.00950309       22.5180485 
     -0.00940512       22.5683017 
     -0.00930715       22.6177038 
     -0.00920918       22.6748906 
     -0.00911121       22.7223516 
     -0.00901324       22.7689064 
     -0.00891527       22.8145549 
      -0.0088173       22.8592973 
     -0.00871933       22.9031335 
     -0.00862136       22.9460635 
     -0.00852339       22.9880873 
     -0.00842542        23.029205 
     -0.00832745       23.0694164 
     -0.00822948       23.1087217 
     -0.00813151       23.1471208 
     -0.00803354       23.1891646 
     -0.00793557         23.22578 
      -0.0078376        23.261602 
     -0.00773963       23.2966306 
     -0.00764166       23.3308659 
     -0.00754369       23.3643077 
     -0.00744572       23.3969562 
     -0.00734775       23.4288113 
     -0.00724978        23.459873 
     -0.00715181       23.4901413 
     -0.00705384       23.5196162 
     -0.00695587       23.5482978 
      -0.0068579        23.576346 
     -0.00675993       23.6036371 
     -0.00666196       23.6302787 
     -0.00656399       23.6562708 
     -0.00646602       23.6816134 
     -0.00636805       23.7063065 
     -0.00627008         23.73035 
     -0.00617211        23.753744 
     -0.00607414       23.7764886 
     -0.00597617       23.7985836 
      -0.0058782        23.820029 
     -0.00578023        23.840825 
     -0.00568226        23.859868 
     -0.00558429       23.8795602 
     -0.00548632       23.8987327 
     -0.00538835       23.9173853 
     -0.00529038       23.9355181 
     -0.00519241        23.953131 
     -0.00509444       23.9702241 
     -0.00499647       23.9867974 
      -0.0048985       24.0028509 
     -0.00480053       24.0183845 
     -0.00470256       24.0333983 
     -0.00460459       24.0469298 
     -0.00450662       24.0609877 
     -0.00440865       24.0746372 
     -0.00431068       24.0878784 
     -0.00421271       24.1007112 
     -0.00411474       24.1131357 
     -0.00401677       24.1251519 
      -0.0039188       24.1367597 
     -0.00382083       24.1479592 
     -0.00372286       24.1587504 
     -0.00362489       24.1691332 
     -0.00352692       24.1791077 
     -0.00342895       24.1880842 
     -0.00333098       24.1973291 
     -0.00323301       24.2062521 
     -0.00313504       24.2148534 
     -0.00303707       24.2231329 
      -0.0029391       24.2310905 
     -0.00284113       24.2387263 
     -0.00274316       24.2460404 
     -0.00264519       24.2530326 
     -0.00254722        24.259703 
     -0.00244925       24.2660516 
     -0.00235128       24.2720784 
     -0.00225331       24.2760104 
     -0.00215534       24.2814049 
     -0.00205737       24.2865596 
      -0.0019594       24.2914745 
     -0.00186143       24.2961496 
     -0.00176346       24.3005851 
     -0.00166549       24.3047807 
     -0.00156752       24.3087367 
     -0.00146955       24.3124528 
     -0.00137158       24.3159292 
     -0.00127361       24.3191659 
     -0.00117564       24.3221628 
     -0.00107767       24.3271168 
      -0.0009797       24.3295697 
     -0.00088173        24.331789 
     -0.00078376       24.3337747 
     -0.00068579       24.3355268 
     -0.00058782       24.3370453 
     -0.00048985       24.3383301 
     -0.00039188       24.3393814 
     -0.00029391        24.340199 
     -0.00019594       24.3407831 
      -9.797e-05       24.3411335 
               0       24.3406624 
       9.797e-05       24.3405457 
      0.00019594       24.3401956 
      0.00029391        24.339612 
      0.00039188       24.3387951 
      0.00048985       24.3377447 
      0.00058782       24.3364609 
      0.00068579       24.3349437 
      0.00078376        24.333193 
      0.00088173        24.331209 
       0.0009797       24.3289915 
      0.00107767       24.3265406 
      0.00117564       24.3215883 
      0.00127361       24.3185937 
      0.00137158       24.3153595 
      0.00146955       24.3118858 
      0.00156752       24.3081724 
      0.00166549       24.3042196 
      0.00176346       24.3000271 
      0.00186143       24.2955951 
       0.0019594       24.2909235 
      0.00205737       24.2860124 
      0.00215534       24.2808617 
      0.00225331       24.2754714 
      0.00235128       24.2715466 
      0.00244925       24.2655242 
      0.00254722       24.2591802 
      0.00264519       24.2525144 
      0.00274316        24.245527 
      0.00284113       24.2382179 
       0.0029391       24.2305872 
      0.00303707       24.2226347 
      0.00313504       24.2143606 
      0.00323301       24.2057648 
      0.00333098       24.1968474 
      0.00342895       24.1876082 
      0.00352692       24.1786382 
      0.00362489       24.1686696 
      0.00372286       24.1582928 
      0.00382083       24.1475078 
       0.0039188       24.1363145 
      0.00401677       24.1247129 
      0.00411474        24.112703 
      0.00421271       24.1002849 
      0.00431068       24.0874586 
      0.00440865       24.0742239 
      0.00450662        24.060581 
      0.00460459       24.0465299 
      0.00470256       24.0330058 
      0.00480053       24.0179987 
       0.0048985       24.0024719 
      0.00499647       23.9864251 
      0.00509444       23.9698586 
      0.00519241       23.9527722 
      0.00529038        23.935166 
      0.00538835         23.91704 
      0.00548632       23.8983941 
      0.00558429       23.8792284 
      0.00568226       23.8595429 
      0.00578023       23.8405076 
       0.0058782       23.8197183 
      0.00597617       23.7982794 
      0.00607414        23.776191 
      0.00617211       23.7534529 
      0.00627008       23.7300652 
      0.00636805       23.7060279 
      0.00646602        23.681341 
      0.00656399       23.6560045 
      0.00666196       23.6300184 
      0.00675993       23.6033827 
       0.0068579       23.5760974 
      0.00695587       23.5480558 
      0.00705384       23.5193798 
      0.00715181       23.4899103 
      0.00724978       23.4596472 
      0.00734775       23.4285905 
      0.00744572       23.3967403 
      0.00754369       23.3640965 
      0.00764166       23.3306591 
      0.00773963       23.2964282 
       0.0078376       23.2614037 
      0.00793557       23.2255856 
      0.00803354        23.188974 
      0.00813151       23.1469328 
      0.00822948        23.108537 
      0.00832745       23.0692348 
      0.00842542       23.0290261 
      0.00852339       22.9879109 
      0.00862136       22.9458893 
      0.00871933       22.9029612 
       0.0088173       22.8591267 
      0.00891527       22.8143857 
      0.00901324       22.7687382 
      0.00911121       22.7221843 
      0.00920918       22.6747239 
      0.00930715        22.617538 
      0.00940512       22.5681358 
      0.00950309       22.5178822 
      0.00960106       22.4667773 
      0.00969903       22.4148209 
        0.009797       22.3620132 
      0.00989497       22.3083541 
      0.00999294       22.2538436 
      0.01009091       22.1984817 
      0.01018888       22.1422684 
      0.01028685       22.0852038 
      0.01038482       22.0272877 
      0.01048279       21.9994606 
      0.01058076       21.9400535 
      0.01067873       21.8792848 
       0.0107767       21.8171545 
      0.01087467       21.7536627 
      0.01097264       21.6888094 
      0.01107061       21.6225946 
      0.01116858       21.5550181 
      0.01126655       21.4860802 
      0.01136452       21.4157807 
      0.01146249       21.3441197 
      0.01156046       21.2803287 
      0.01165843        21.206153 
       0.0117564       21.1302484 
      0.01185437       21.0526147 
      0.01195234        20.973252 
      0.01205031       20.8921602 
      0.01214828       20.8093394 
      0.01224625       20.7176176 
      0.01234422       20.6337232 
      0.01244219       20.5489011 
      0.01254016       20.4631511 
      0.01263813       20.3764734 
       0.0127361       20.2888679 
      0.01283407       20.1925008 
      0.01293204       20.1028249 
      0.01303001       20.0122095 
      0.01312798       19.9206547 
      0.01322595       19.8281604 
      0.01332392       19.7347267 
      0.01342189       19.6364507 
      0.01351986       19.5410256 
      0.01361783       19.4447893 
       0.0137158       19.3477418 
      0.01381377        19.249883 
      0.01391174        19.151213 
      0.01400971       19.0604439 
      0.01410768       18.9600236 
      0.01420565        18.858371 
      0.01430362        18.755486 
      0.01440159       18.6513687 
      0.01449956       18.5460191 
      0.01459753       18.4479276 
       0.0146955       18.3401312 
      0.01479347       18.2305676 
      0.01489144       18.1165178 
      0.01498941       18.0052405 
      0.01508738       17.8933469 
      0.01518535       17.7801526 
      0.01528332       17.6670201 
      0.01538129       17.5532588 
      0.01547926       17.4384516 
      0.01557723       17.3233671 
       0.0156752       17.2076347 
      0.01577317       17.0914436 
      0.01587114       16.9744203 
      0.01596911       16.8567903 
      0.01606708       16.7385535 
      0.01616505       16.6201906 
      0.01626302       16.5008236 
      0.01636099       16.3809118 
      0.01645896       16.2610649 
      0.01655693       16.1401568 
       0.0166549       16.0187742 
      0.01675287       15.8975851 
      0.01685084       15.7753479 
      0.01694881       15.6527108 
      0.01704678       15.5303676 
      0.01714475        15.407022 
      0.01724272       15.2833534 
      0.01734069       15.1600651 
      0.01743866        15.035837 
      0.01753663       14.9113638 
       0.0176346       14.7873455 
      0.01773257       14.6624631 
      0.01783054       14.5374142 
      0.01792851       14.4128681 
      0.01802648       14.2875611 
      0.01812445       14.1621662 
      0.01822242       14.0372251 
      0.01832039        13.911725 
      0.01841836       13.7862163 
      0.01851633        13.660759 
       0.0186143       13.5353032 
      0.01871227       13.4099263 
      0.01881024       13.2829454 
      0.01890821       13.1577438 
      0.01900618        13.032806 
      0.01910415       12.9032471 
      0.01920212       12.7786551 
      0.01930009       12.6544743 
      0.01939806       12.5307047 
      0.01949603       12.4091937 
        0.019594       12.2858107 
      0.01969197       12.1626414 
      0.01978994        12.038526 
      0.01988791       11.9154702 
      0.01998588       11.7928844 
      0.02008385       11.6707687 
      0.02018182       11.5491231 
      0.02027979       11.4279476 
      0.02037776       11.3130835 
      0.02047573       11.1930012 
       0.0205737       11.0734079 
      0.02067167       10.9543037 
      0.02076964       10.8356885 
      0.02086761       10.7175623 
      0.02096558       10.6012079 
      0.02106355        10.484166 
      0.02116152       10.3677677 
      0.02125949        10.252013 
      0.02135746       10.1369021 
      0.02145543       10.0224348 
       0.0215534       9.89628499 
      0.02165137       9.78306247 
      0.02174934       9.67071814 
      0.02184731       9.55925198 
      0.02194528         9.448664 
      0.02204325       9.33895421 
      0.02214122       9.23458467 
      0.02223919       9.12648502 
      0.02233716        9.0191297 
      0.02243513       8.91251872 
       0.0225331       8.80665208 
      0.02263107       8.70152979 
      0.02272904       8.59555227 
      0.02282701       8.49147336 
      0.02292498       8.38821674 
      0.02302295       8.28578241 
      0.02312092       8.18417037 
      0.02321889       8.08338061 
      0.02331686       7.98341314 
      0.02341483       7.88426796 
       0.0235128       7.78594507 
      0.02361077       7.68844447 
      0.02370874       7.59176615 
      0.02380671       7.49591012 
      0.02390468       7.40906972 
      0.02400265       7.31501155 
      0.02410062       7.22178887 
      0.02419859       7.12940167 
      0.02429656       7.03784995 
      0.02439453       6.94713372 
       0.0244925       6.85725297 
      0.02459047       6.76820771 
      0.02468844       6.67999793 
      0.02478641       6.59262363 
      0.02488438       6.50608482 
      0.02498235       6.42038149 
      0.02508032       6.34196266 
      0.02517829       6.25803643 
      0.02527626       6.17496029 
      0.02537423       6.09273422 
       0.0254722       6.01135825 
      0.02557017       5.93083236 
      0.02566814       5.85115656 
      0.02576611       5.77233084 
      0.02586408        5.6943552 
      0.02596205       5.61722966 
      0.02606002        5.5409542 
      0.02615799       5.46713829 
      0.02625596       5.39254865 
      0.02635393       5.31877269 
       0.0264519       5.24581039 
      0.02654987       5.17366176 
      0.02664784        5.1023268 
      0.02674581       5.03180551 
      0.02684378       4.96209789 
      0.02694175       4.89320395 
      0.02703972       4.82512367 
      0.02713769       4.75785706 
      0.02723566       4.69140412 
      0.02733363       4.62650107 
       0.0274316       4.56161534 
      0.02752957        4.4974845 
      0.02762754       4.43410855 
      0.02772551        4.3714875 
      0.02782348       4.30962134 
      0.02792145       4.24851008 
      0.02801942       4.18815371 
      0.02811739       4.12855223 
      0.02821536       4.06970564 
      0.02831333       4.01161395 
       0.0284113       3.95427716 
      0.02850927       3.89831829 
      0.02860724       3.84239131 
      0.02870521       3.78714888 
      0.02880318         3.732591 
      0.02890115       3.67871767 
      0.02899912       3.62552889 
      0.02909709       3.57302466 
      0.02919506       3.52120498 
      0.02929303       3.47006985 
        0.029391       3.41961927 
      0.02948897       3.36985324 
      0.02958694       3.32140773 
      0.02968491       3.27295175 
      0.02978288       3.22510536 
      0.02988085       3.17786856 
      0.02997882       3.13124135 
      0.03007679       3.08522372 
      0.03017476       3.03981568 
      0.03027273       2.99501723 
       0.0303707       2.95082836 
      0.03046867       2.90724909 
      0.03056664        2.8642794 
      0.03066461       2.82191929 
      0.03076258        2.7807611 
      0.03086055       2.73953498 
      0.03095852       2.69884387 
      0.03105649       2.65868779 
      0.03115446       2.61906673 
      0.03125243        2.5799807 
       0.0313504       2.54142969 
      0.03144837       2.50341369 
      0.03154634       2.46593273 
      0.03164431       2.42898678 
      0.03174228       2.39257586 
      0.03184025       2.35669995 
      0.03193822       2.32188385 
      0.03203619       2.28697229 
      0.03213416       2.25252486 
      0.03223213       2.21854158 
       0.0323301       2.18502243 
      0.03242807       2.15196743 
      0.03252604       2.11937656 
      0.03262401       2.08724983 
      0.03272198       2.05558725 
      0.03281995        2.0243888 
      0.03291792       1.99365449 
      0.03301589       1.96388378 
      0.03311386       1.93402315 
      0.03321183       1.90456135 
       0.0333098       1.87549838 
      0.03340777       1.84683426 
      0.03350574       1.81856897 
      0.03360371       1.79070251 
      0.03370168       1.76323489 
      0.03379965       1.73616611 
      0.03389762       1.70949616 
      0.03399559       1.68322505 
      0.03409356       1.65735277 
      0.03419153       1.63231052 
       0.0342895       1.60716658 
      0.03438747       1.58236264 
      0.03448544       1.55789869 
      0.03458341       1.53377475 
      0.03468138       1.50999081 
      0.03477935       1.48654686 
      0.03487732       1.46344292 
      0.03497529       1.44067897 
      0.03507326       1.41825503 
      0.03517123       1.39617108 
       0.0352692       1.37442714 
      0.03536717       1.35338448 
      0.03546514        1.3322413 
      0.03556311       1.31138594 
      0.03566108       1.29081842 
      0.03575905       1.27053873 
      0.03585702       1.25054687 
      0.03595499       1.23084284 
      0.03605296       1.21142664 
      0.03615093       1.19229828 
       0.0362489       1.17345775 
      0.03634687       1.15490505 
      0.03644484       1.13697362 
      0.03654281       1.11895735 
      0.03664078       1.10118318 
      0.03673875        1.0836511 
      0.03683672       1.06636112 
      0.03693469       1.04931323 
      0.03703266       1.03250744 
      0.03713063       1.01594375 
       0.0372286      0.999622161 
      0.03732657      0.983542665 
      0.03742454      0.967705267 
      0.03752251      0.952109965 
      0.03762048      0.937036982 
      0.03771845      0.921878297 
      0.03781642      0.906921915 
      0.03791439      0.892167838 
      0.03801236      0.877616064 
      0.03811033      0.863266595 
       0.0382083      0.849119429 
      0.03830627      0.835174567 
      0.03840424       0.82143201 
      0.03850221      0.807891756 
      0.03860018      0.794553806 
      0.03869815       0.78141816 
      0.03879612      0.768715615 
      0.03889409       0.75593175 
      0.03899206      0.743315713 
      0.03909003      0.730867503 
        0.039188      0.718587121 
      0.03928597      0.706474565 
      0.03938394      0.694529837 
      0.03948191      0.682752937 
      0.03957988      0.671143864 
      0.03967785      0.659702618 
      0.03977582        0.6484292 
      0.03987379      0.637535828 
      0.03997176      0.626572174 
      0.04006973       0.61574651 
       0.0401677      0.605058835 
      0.04026567       0.59450915 
      0.04036364      0.584097454 
      0.04046161      0.573823747 
      0.04055958       0.56368803 
      0.04065755      0.553690303 
      0.04075552      0.543830565 
      0.04085349      0.534108816 
      0.04095146      0.524525057 
      0.04104943      0.515257595 
       0.0411474       0.50591871 
      0.04124537       0.49669193 
      0.04134334      0.487577256 
      0.04144131      0.478574687 
      0.04153928      0.469684224 
      0.04163725      0.460905866 
      0.04173522      0.452239613 
      0.04183319      0.443685466 
      0.04193116      0.435243424 
      0.04202913      0.426913487 
       0.0421271      0.418695656 
      0.04222507      0.410737837 
      0.04232304      0.402709554 
      0.04242101      0.394770773 
      0.04251898      0.386921493 
      0.04261695      0.379161715 
      0.04271492      0.371491439 
      0.04281289      0.363910665 
      0.04291086      0.356419392 
      0.04300883      0.349017622 
       0.0431068      0.341705353 
      0.04320477      0.334482586 
      0.04330274      0.327483914 
      0.04340071      0.320422964 
      0.04349868      0.313431492 
      0.04359665      0.306509498 
      0.04369462      0.299656982 
      0.04379259      0.292873943 
      0.04389056      0.286160383 
      0.04398853        0.2795163 
       0.0440865      0.272941696 
      0.04418447      0.266436569 
      0.04428244       0.26000092 
      0.04438041      0.253634748 
      0.04447838       0.24744295 
      0.04457635      0.241194482 
      0.04467432      0.234997404 
      0.04477229      0.228851717 
      0.04487026      0.222757421 
      0.04496823      0.216714515 
       0.0450662         0.210723 
      0.04516417      0.204782875 
      0.04526214       0.19889414 
      0.04536011      0.193056797 
      0.04545808      0.187270843 
      0.04555605      0.181536281 
      0.04565402      0.181670368 
      0.04575199      0.176327122 
      0.04584996      0.170983876 
      0.04594793      0.165640629 
       0.0460459      0.160297383 
      0.04614387      0.154954137 
      0.04624184      0.149610891 
      0.04633981      0.144267645 
      0.04643778      0.138924399 
      0.04653575      0.133581153 
      0.04663372      0.128237907 
      0.04673169      0.119174527 
      0.04682966      0.113993025 
      0.04692763      0.108811524 
       0.0470256      0.103630023 
      0.04712357     0.0984485219 
      0.04722154     0.0932670207 
      0.04731951     0.0880855196 
      0.04741748     0.0829040184 
      0.04751545     0.0777225173 
      0.04761342     0.0725410161 
      0.04771139      0.067359515 
      0.04780936     0.0621780138 
      0.04790733     0.0555299116 
       0.0480053     0.0504817379 
      0.04810327     0.0454335641 
      0.04820124     0.0403853903 
      0.04829921     0.0353372165 
      0.04839718     0.0302890427 
      0.04849515     0.0252408689 
      0.04859312     0.0201926951 
      0.04869109     0.0151445214 
      0.04878906     0.0100963476 
      0.04888703    0.00504817379 
        0.048985   2.10522849e-14 
