         -0.0511                0 
      -0.0509978    0.00426425247 
      -0.0508956    0.00852850493 
      -0.0507934     0.0128556698 
      -0.0506912     0.0171408931 
       -0.050589     0.0214261163 
      -0.0504868      0.025796984 
      -0.0503846     0.0300964813 
      -0.0502824     0.0343959786 
      -0.0501802     0.0386564195 
       -0.050078     0.0429813679 
      -0.0499758     0.0473183085 
      -0.0498736     0.0517100638 
      -0.0497714     0.0560735125 
      -0.0496692     0.0604518045 
       -0.049567     0.0648778012 
      -0.0494648     0.0692891308 
      -0.0493626     0.0737185362 
      -0.0492604     0.0781963696 
      -0.0491582     0.0826657065 
       -0.049056     0.0871564646 
      -0.0489538     0.0916989831 
      -0.0488516     0.0962367896 
      -0.0487494      0.100799436 
      -0.0486472      0.105417942 
       -0.048545      0.110034916 
      -0.0484428      0.114680214 
      -0.0483406      0.119385741 
      -0.0482384      0.124092791 
      -0.0481362      0.128862655 
       -0.048034      0.133635412 
      -0.0479318      0.138443659 
      -0.0478296      0.143319019 
      -0.0477274      0.148200631 
      -0.0476252      0.153121426 
       -0.047523      0.158113808 
      -0.0474208      0.163115796 
      -0.0473186      0.168160739 
      -0.0472164      0.173281936 
      -0.0471142      0.178416086 
       -0.047012      0.183597057 
      -0.0469098      0.188859151 
      -0.0468076      0.194137548 
      -0.0467054      0.199466726 
      -0.0466032      0.204882118 
       -0.046501      0.210317165 
      -0.0463988      0.215807059 
      -0.0462966      0.221388494 
      -0.0461944      0.226992944 
      -0.0460922      0.232656423 
        -0.04599      0.238417017 
      -0.0458878      0.244203999 
      -0.0457856      0.250054315 
      -0.0456834      0.256007588 
      -0.0455812      0.261990638 
       -0.045479      0.268041459 
      -0.0453768       0.27420136 
      -0.0452746      0.280394449 
      -0.0451724      0.286700336 
      -0.0450702      0.293040825 
       -0.044968      0.299458387 
      -0.0448658      0.305994899 
      -0.0447636      0.312569906 
      -0.0446614      0.319226873 
      -0.0445592      0.326009237 
       -0.044457      0.332834051 
      -0.0443548       0.33974588 
      -0.0442526      0.346789868 
      -0.0441504      0.353880326 
      -0.0440482      0.361063032 
       -0.043946      0.368384992 
      -0.0438438      0.375757512 
      -0.0437416        0.3832277 
      -0.0436394      0.390844589 
      -0.0435372      0.398516202 
       -0.043435      0.406291103 
      -0.0433328      0.414220522 
      -0.0432306      0.422208906 
      -0.0431284      0.430306408 
      -0.0430262      0.438566637 
       -0.042924      0.446890154 
      -0.0428218      0.455328837 
      -0.0427196      0.463938869 
      -0.0426174      0.472616598 
      -0.0425152       0.48141577 
       -0.042413      0.490395351 
      -0.0423108      0.499447122 
      -0.0422086      0.508684816 
      -0.0421064      0.517996518 
      -0.0420042      0.527442955 
       -0.041902      0.537084445 
      -0.0417998      0.546805226 
      -0.0416976      0.556667777 
      -0.0415954       0.56673496 
      -0.0414932      0.576886859 
       -0.041391       0.58718784 
      -0.0412888      0.597703497 
      -0.0411866      0.608309446 
      -0.0410844      0.619072076 
      -0.0409822      0.630059919 
        -0.04088      0.641143782 
      -0.0407778      0.652392222 
      -0.0406756      0.663876929 
      -0.0405734       0.67546354 
      -0.0404712      0.687222936 
       -0.040369      0.699230191 
      -0.0402668      0.711345394 
      -0.0401646      0.723641914 
      -0.0400624       0.73619845 
      -0.0399602       0.74886914 
       -0.039858      0.761730015 
      -0.0397558      0.774863652 
      -0.0396536      0.788117816 
      -0.0395514      0.801571379 
      -0.0394492      0.815311066 
       -0.039347      0.829177821 
      -0.0392448      0.843338687 
      -0.0391426      0.857629403 
      -0.0390404      0.872139038 
      -0.0389382      0.886956173 
       -0.038836      0.901910938 
      -0.0387338      0.917094949 
      -0.0386316      0.932600456 
      -0.0385294       0.94825162 
      -0.0384272      0.964142755 
       -0.038325      0.980370008 
      -0.0382228      0.996751198 
      -0.0381206       1.01338349 
      -0.0380184       1.03036717 
      -0.0379162       1.04751332 
       -0.037814       1.06492212 
      -0.0377118       1.08269825 
      -0.0376096       1.10064566 
      -0.0375074       1.11886768 
      -0.0374052       1.13747366 
       -0.037303       1.15625998 
      -0.0372008       1.17533332 
      -0.0370986       1.19480796 
      -0.0369964       1.21447227 
      -0.0368942       1.23443646 
       -0.036792       1.25481999 
      -0.0366898        1.2754028 
      -0.0365876        1.2962988 
      -0.0364854       1.31763294 
      -0.0363832       1.33917622 
       -0.036281       1.36116836 
      -0.0361788       1.38337439 
      -0.0360766        1.4059216 
      -0.0359744       1.42893618 
      -0.0358722       1.45217639 
        -0.03577        1.4757725 
      -0.0356678       1.49985513 
      -0.0355656       1.52417551 
      -0.0354634       1.54886696 
      -0.0353612       1.57406477 
       -0.035259       1.59951283 
      -0.0351568       1.62534759 
      -0.0350546       1.65170919 
      -0.0349524       1.67833393 
      -0.0348502       1.70536148 
       -0.034748       1.73293701 
      -0.0346458       1.76078892 
      -0.0345436       1.78906023 
      -0.0344414       1.81790127 
      -0.0343392       1.84703234 
       -0.034237       1.87659983 
      -0.0341348       1.90675943 
      -0.0340326       1.93722309 
      -0.0339304       1.96814064 
      -0.0338282       1.99967325 
       -0.033726       2.03152433 
      -0.0336238        2.0638472 
      -0.0335216       2.09680862 
      -0.0334194        2.1301033 
      -0.0333172       2.16404846 
       -0.033215        2.1983354 
      -0.0331128       2.23313116 
      -0.0330106       2.26859958 
      -0.0329084        2.3044272 
      -0.0328062        2.3407827 
       -0.032704       2.37783336 
      -0.0326018        2.4152611 
      -0.0324996       2.45323609 
      -0.0323974       2.49192898 
      -0.0322952       2.53101729 
       -0.032193       2.57067252 
      -0.0320908       2.61106851 
      -0.0319886       2.65187872 
      -0.0318864       2.69327577 
      -0.0317842       2.73543648 
       -0.031682       2.77803064 
      -0.0315798       2.82123175 
      -0.0314776       2.86521933 
      -0.0313754       2.90966004 
      -0.0312732       2.95472792 
       -0.031171       3.00060488 
      -0.0310688       3.04695506 
      -0.0309666       3.09395269 
      -0.0308644       3.14178166 
      -0.0307622       3.19010432 
        -0.03066       3.23909471 
      -0.0305578       3.28893814 
      -0.0304556       3.33929613 
      -0.0303534        3.3905141 
      -0.0302512       3.44226191 
       -0.030149       3.49471761 
      -0.0300468       3.54805134 
      -0.0299446       3.60193878 
      -0.0298424       3.65655376 
      -0.0297402       3.71206379 
       -0.029638       3.76815167 
      -0.0295358       3.82498636 
      -0.0294336       3.88273181 
      -0.0293314       3.94107954 
      -0.0292292       4.00019279 
       -0.029127       4.06023099 
      -0.0290248        4.1208961 
      -0.0289226       4.18234475 
      -0.0288204       4.24473077 
      -0.0287182       4.30776845 
       -0.028616       4.37160687 
      -0.0285138       4.43639299 
      -0.0284116       4.50185561 
      -0.0283094       4.56813518 
      -0.0282072       4.63537038 
       -0.028105       4.70330693 
      -0.0280028       4.77207549 
      -0.0279006       4.84180487 
      -0.0277984       4.91226038 
      -0.0276962        4.9835616 
       -0.027594       5.05582578 
      -0.0274918       5.12884072 
      -0.0273896       5.20280671 
      -0.0272874         5.277548 
      -0.0271852       5.35315762 
       -0.027083       5.42971313 
      -0.0269808       5.50706995 
      -0.0268786        5.5853036 
      -0.0267764       5.66447429 
      -0.0266742       5.74447154 
       -0.026572       5.82535196 
      -0.0264698       5.90715653 
      -0.0263676       5.98981202 
      -0.0262654       6.07335463 
      -0.0261632       6.15780409 
       -0.026061       6.24312776 
      -0.0259588       6.32933988 
      -0.0258566       6.41643683 
      -0.0257544       6.50443001 
      -0.0256522       6.59331014 
        -0.02555       6.68304801 
      -0.0254478       6.77370267 
      -0.0253456       6.86523972 
      -0.0252434       6.95760199 
      -0.0251412           7.0509 
       -0.025039       7.14507254 
      -0.0249368       7.24003206 
      -0.0248346       7.33594444 
      -0.0247324       7.43271999 
      -0.0246302       7.53023827 
       -0.024528        7.6287245 
      -0.0244258       7.72790709 
      -0.0243236       7.82808535 
      -0.0242214        7.9290927 
      -0.0241192       8.03074395 
       -0.024017       8.13340086 
      -0.0239148       8.23686379 
      -0.0238126       8.34091252 
      -0.0237104       8.44597343 
      -0.0236082       8.55181307 
       -0.023506        8.6581747 
      -0.0234038       8.76555131 
      -0.0233016       8.87367501 
      -0.0231994       8.98225118 
      -0.0230972       9.09184115 
       -0.022995       9.20214215 
      -0.0228928       9.31282047 
      -0.0227906       9.42450719 
      -0.0226884       9.53686438 
      -0.0225862       9.64951825 
       -0.022484        9.7631707 
      -0.0223818       9.87744856 
      -0.0222796       9.99193722 
      -0.0221774         10.10741 
      -0.0220752       10.2234587 
       -0.021973       10.3396273 
      -0.0218708       10.4567608 
      -0.0217686       10.5744163 
      -0.0216664       10.6920964 
      -0.0215642       10.8107172 
       -0.021462       10.9292923 
      -0.0213598       11.0488118 
      -0.0212576       11.1687331 
      -0.0211554        11.288515 
      -0.0210532       11.4092017 
       -0.020951       11.5302241 
      -0.0208488       11.6510116 
      -0.0207466       11.7726579 
      -0.0206444       11.8945706 
      -0.0205422       12.0161512 
        -0.02044       12.1385388 
      -0.0203378       12.2611202 
      -0.0202356       12.3832718 
      -0.0201334       12.5061727 
      -0.0200312       12.6291922 
       -0.019929       12.7516842 
      -0.0198268       12.8748623 
      -0.0197246       12.9980814 
      -0.0196224       13.1206767 
      -0.0195202       13.2438892 
       -0.019418       13.3670635 
      -0.0193158       13.4895196 
      -0.0192136       13.6125189 
      -0.0191114       13.7353999 
      -0.0190092       13.8574712 
       -0.018907       13.9800072 
      -0.0188048       14.1023439 
      -0.0187026        14.223784 
      -0.0186004       14.3456056 
      -0.0184982       14.4664938 
       -0.018396       14.5877111 
      -0.0182938       14.7085685 
      -0.0181916       14.8284287 
      -0.0180894       14.9485144 
      -0.0179872       15.0681619 
       -0.017885       15.1867637 
      -0.0177828        15.305476 
      -0.0176806       15.4236745 
      -0.0175784       15.5408104 
      -0.0174762       15.6579169 
       -0.017374       15.7744389 
      -0.0172718       15.8899484 
      -0.0171696        16.005234 
      -0.0170674       16.1198733 
      -0.0169652       16.2336913 
       -0.016863       16.3469774 
      -0.0167608       16.4595775 
      -0.0166586       16.5718644 
      -0.0165564       16.6830663 
      -0.0164542       16.7936056 
       -0.016352       16.9041395 
      -0.0162498        17.013372 
      -0.0161476       17.1219535 
      -0.0160454       17.2330757 
      -0.0159432       17.3395676 
       -0.015841        17.444206 
      -0.0157388       17.5395954 
      -0.0156366       17.6418224 
      -0.0155344        17.742774 
      -0.0154322       17.8424502 
        -0.01533       17.9408511 
      -0.0152278        18.030118 
      -0.0151256       18.1265089 
      -0.0150234       18.2220449 
      -0.0149212       18.3167262 
       -0.014819       18.4105526 
      -0.0147168       18.5035243 
      -0.0146146       18.5990562 
      -0.0145124        18.689968 
      -0.0144102       18.7798949 
       -0.014308       18.8688369 
      -0.0142058        18.956794 
      -0.0141036       19.0437661 
      -0.0140014       19.1369282 
      -0.0138992       19.2217461 
       -0.013797       19.3055921 
      -0.0136948       19.3884663 
      -0.0135926       19.4703687 
      -0.0134904       19.5512992 
      -0.0133882       19.6400215 
       -0.013286       19.7194317 
      -0.0131838       19.7970486 
      -0.0130816       19.8728722 
      -0.0129794       19.9469027 
      -0.0128772       20.0191399 
       -0.012775       20.0807011 
      -0.0126728       20.1501299 
      -0.0125706       20.2181541 
      -0.0124684       20.2847738 
      -0.0123662       20.3499889 
       -0.012264       20.4137995 
      -0.0121618       20.4762055 
      -0.0120596       20.5372069 
      -0.0119574       20.5968038 
      -0.0118552       20.6549961 
       -0.011753       20.7117839 
      -0.0116508       20.7388542 
      -0.0115486       20.7940618 
      -0.0114464       20.8483823 
      -0.0113442       20.9018156 
       -0.011242       20.9543618 
      -0.0111398       21.0060208 
      -0.0110376       21.0567927 
      -0.0109354       21.1066774 
      -0.0108332        21.155675 
       -0.010731       21.2037854 
      -0.0106288       21.2510087 
      -0.0105266       21.2973448 
      -0.0104244        21.350653 
      -0.0103222       21.3949725 
        -0.01022       21.4383572 
      -0.0101178       21.4808072 
      -0.0100156       21.5223224 
      -0.0099134       21.5629028 
      -0.0098112       21.6025484 
       -0.009709       21.6412593 
      -0.0096068       21.6790354 
      -0.0095046       21.7158768 
      -0.0094024       21.7517833 
      -0.0093002       21.7910108 
       -0.009198       21.8250687 
      -0.0090958       21.8583178 
      -0.0089936       21.8907583 
      -0.0088914       21.9223901 
      -0.0087892       21.9532132 
       -0.008687       21.9832277 
      -0.0085848       22.0124334 
      -0.0084826       22.0408305 
      -0.0083804       22.0684189 
      -0.0082782       22.0951986 
       -0.008176       22.1211697 
      -0.0080738       22.1463808 
      -0.0079716       22.1709734 
      -0.0078694       22.1949154 
      -0.0077672       22.2182067 
       -0.007665       22.2408474 
      -0.0075628       22.2628375 
      -0.0074606       22.2841769 
      -0.0073584       22.3048657 
      -0.0072562       22.3249039 
       -0.007154       22.3442915 
      -0.0070518       22.3630284 
      -0.0069496       22.3798915 
      -0.0068474       22.3974769 
      -0.0067452       22.4145568 
       -0.006643       22.4311311 
      -0.0065408       22.4471999 
      -0.0064386       22.4627631 
      -0.0063364       22.4778207 
      -0.0062342       22.4923728 
       -0.006132       22.5064194 
      -0.0060298       22.5199604 
      -0.0059276       22.5329959 
      -0.0058254       22.5444686 
      -0.0057232       22.5565754 
       -0.005621       22.5683052 
      -0.0055188       22.5796581 
      -0.0054166       22.5906341 
      -0.0053144       22.6012331 
      -0.0052122       22.6114551 
        -0.00511       22.6213002 
      -0.0050078       22.6307683 
      -0.0049056       22.6398595 
      -0.0048034       22.6485737 
      -0.0047012        22.656911 
       -0.004599       22.6640542 
      -0.0044968       22.6717701 
      -0.0043946       22.6792148 
      -0.0042924       22.6863884 
      -0.0041902       22.6932908 
       -0.004088        22.699922 
      -0.0039858       22.7062821 
      -0.0038836       22.7123711 
      -0.0037814       22.7181888 
      -0.0036792       22.7237354 
       -0.003577       22.7290109 
      -0.0034748       22.7334607 
      -0.0033726       22.7382644 
      -0.0032704        22.742877 
      -0.0031682       22.7472983 
       -0.003066       22.7515285 
      -0.0029638       22.7555675 
      -0.0028616       22.7594153 
      -0.0027594       22.7630719 
      -0.0026572       22.7665373 
       -0.002555       22.7698115 
      -0.0024528       22.7728946 
      -0.0023506       22.7757864 
      -0.0022484        22.776453 
      -0.0021462       22.7789908 
       -0.002044       22.7814107 
      -0.0019418       22.7837125 
      -0.0018396       22.7858962 
      -0.0017374       22.7879619 
      -0.0016352       22.7899096 
       -0.001533       22.7917392 
      -0.0014308       22.7934508 
      -0.0013286       22.7950444 
      -0.0012264       22.7965199 
      -0.0011242       22.7994503 
       -0.001022       22.8006034 
      -0.0009198       22.8016467 
      -0.0008176       22.8025801 
      -0.0007154       22.8034038 
      -0.0006132       22.8041176 
       -0.000511       22.8047216 
      -0.0004088       22.8052157 
      -0.0003066       22.8056001 
      -0.0002044       22.8058746 
      -0.0001022       22.8060394 
               0       22.8060943 
       0.0001022       22.8060394 
       0.0002044       22.8058746 
       0.0003066       22.8056001 
       0.0004088       22.8052157 
        0.000511       22.8047216 
       0.0006132       22.8041176 
       0.0007154       22.8034038 
       0.0008176       22.8025801 
       0.0009198       22.8016467 
        0.001022       22.8006034 
       0.0011242       22.7994503 
       0.0012264       22.7965199 
       0.0013286       22.7950444 
       0.0014308       22.7934508 
        0.001533       22.7917392 
       0.0016352       22.7899096 
       0.0017374       22.7879619 
       0.0018396       22.7858962 
       0.0019418       22.7837125 
        0.002044       22.7814107 
       0.0021462       22.7789908 
       0.0022484        22.776453 
       0.0023506       22.7757864 
       0.0024528       22.7728946 
        0.002555       22.7698115 
       0.0026572       22.7665373 
       0.0027594       22.7630719 
       0.0028616       22.7594153 
       0.0029638       22.7555675 
        0.003066       22.7515285 
       0.0031682       22.7472983 
       0.0032704        22.742877 
       0.0033726       22.7382644 
       0.0034748       22.7334607 
        0.003577       22.7290109 
       0.0036792       22.7237354 
       0.0037814       22.7181888 
       0.0038836       22.7123711 
       0.0039858       22.7062821 
        0.004088        22.699922 
       0.0041902       22.6932908 
       0.0042924       22.6863884 
       0.0043946       22.6792148 
       0.0044968       22.6717701 
        0.004599       22.6640542 
       0.0047012        22.656911 
       0.0048034       22.6485737 
       0.0049056       22.6398595 
       0.0050078       22.6307683 
         0.00511       22.6213002 
       0.0052122       22.6114551 
       0.0053144       22.6012331 
       0.0054166       22.5906341 
       0.0055188       22.5796581 
        0.005621       22.5683052 
       0.0057232       22.5565754 
       0.0058254       22.5444686 
       0.0059276       22.5329959 
       0.0060298       22.5199604 
        0.006132       22.5064194 
       0.0062342       22.4923728 
       0.0063364       22.4778207 
       0.0064386       22.4627631 
       0.0065408       22.4471999 
        0.006643       22.4311311 
       0.0067452       22.4145568 
       0.0068474       22.3974769 
       0.0069496       22.3798915 
       0.0070518       22.3630284 
        0.007154       22.3442915 
       0.0072562       22.3249039 
       0.0073584       22.3048657 
       0.0074606       22.2841769 
       0.0075628       22.2628375 
        0.007665       22.2408474 
       0.0077672       22.2182067 
       0.0078694       22.1949154 
       0.0079716       22.1709734 
       0.0080738       22.1463808 
        0.008176       22.1211697 
       0.0082782       22.0951986 
       0.0083804       22.0684189 
       0.0084826       22.0408305 
       0.0085848       22.0124334 
        0.008687       21.9832277 
       0.0087892       21.9532132 
       0.0088914       21.9223901 
       0.0089936       21.8907583 
       0.0090958       21.8583178 
        0.009198       21.8250687 
       0.0093002       21.7910108 
       0.0094024       21.7517833 
       0.0095046       21.7158768 
       0.0096068       21.6790354 
        0.009709       21.6412593 
       0.0098112       21.6025484 
       0.0099134       21.5629028 
       0.0100156       21.5223224 
       0.0101178       21.4808072 
         0.01022       21.4383572 
       0.0103222       21.3949725 
       0.0104244        21.350653 
       0.0105266       21.2973448 
       0.0106288       21.2510087 
        0.010731       21.2037854 
       0.0108332        21.155675 
       0.0109354       21.1066774 
       0.0110376       21.0567927 
       0.0111398       21.0060208 
        0.011242       20.9543618 
       0.0113442       20.9018156 
       0.0114464       20.8483823 
       0.0115486       20.7940618 
       0.0116508       20.7388542 
        0.011753       20.7117839 
       0.0118552       20.6549961 
       0.0119574       20.5968038 
       0.0120596       20.5372069 
       0.0121618       20.4762055 
        0.012264       20.4137995 
       0.0123662       20.3499889 
       0.0124684       20.2847738 
       0.0125706       20.2181541 
       0.0126728       20.1501299 
        0.012775       20.0807011 
       0.0128772       20.0191399 
       0.0129794       19.9469027 
       0.0130816       19.8728722 
       0.0131838       19.7970486 
        0.013286       19.7194317 
       0.0133882       19.6400215 
       0.0134904       19.5512992 
       0.0135926       19.4703687 
       0.0136948       19.3884663 
        0.013797       19.3055921 
       0.0138992       19.2217461 
       0.0140014       19.1369282 
       0.0141036       19.0437661 
       0.0142058        18.956794 
        0.014308       18.8688369 
       0.0144102       18.7798949 
       0.0145124        18.689968 
       0.0146146       18.5990562 
       0.0147168       18.5035243 
        0.014819       18.4105526 
       0.0149212       18.3167262 
       0.0150234       18.2220449 
       0.0151256       18.1265089 
       0.0152278        18.030118 
         0.01533       17.9408511 
       0.0154322       17.8424502 
       0.0155344        17.742774 
       0.0156366       17.6418224 
       0.0157388       17.5395954 
        0.015841        17.444206 
       0.0159432       17.3395676 
       0.0160454       17.2330757 
       0.0161476       17.1219535 
       0.0162498        17.013372 
        0.016352       16.9041395 
       0.0164542       16.7936056 
       0.0165564       16.6830663 
       0.0166586       16.5718644 
       0.0167608       16.4595775 
        0.016863       16.3469774 
       0.0169652       16.2336913 
       0.0170674       16.1198733 
       0.0171696        16.005234 
       0.0172718       15.8899484 
        0.017374       15.7744389 
       0.0174762       15.6579169 
       0.0175784       15.5408104 
       0.0176806       15.4236745 
       0.0177828        15.305476 
        0.017885       15.1867637 
       0.0179872       15.0681619 
       0.0180894       14.9485144 
       0.0181916       14.8284287 
       0.0182938       14.7085685 
        0.018396       14.5877111 
       0.0184982       14.4664938 
       0.0186004       14.3456056 
       0.0187026        14.223784 
       0.0188048       14.1023439 
        0.018907       13.9800072 
       0.0190092       13.8574712 
       0.0191114       13.7353999 
       0.0192136       13.6125189 
       0.0193158       13.4895196 
        0.019418       13.3670635 
       0.0195202       13.2438892 
       0.0196224       13.1206767 
       0.0197246       12.9980814 
       0.0198268       12.8748623 
        0.019929       12.7516842 
       0.0200312       12.6291922 
       0.0201334       12.5061727 
       0.0202356       12.3832718 
       0.0203378       12.2611202 
         0.02044       12.1385388 
       0.0205422       12.0161512 
       0.0206444       11.8945706 
       0.0207466       11.7726579 
       0.0208488       11.6510116 
        0.020951       11.5302241 
       0.0210532       11.4092017 
       0.0211554        11.288515 
       0.0212576       11.1687331 
       0.0213598       11.0488118 
        0.021462       10.9292923 
       0.0215642       10.8107172 
       0.0216664       10.6920964 
       0.0217686       10.5744163 
       0.0218708       10.4567608 
        0.021973       10.3396273 
       0.0220752       10.2234587 
       0.0221774         10.10741 
       0.0222796       9.99193722 
       0.0223818       9.87744856 
        0.022484        9.7631707 
       0.0225862       9.64951825 
       0.0226884       9.53686438 
       0.0227906       9.42450719 
       0.0228928       9.31282047 
        0.022995       9.20214215 
       0.0230972       9.09184115 
       0.0231994       8.98225118 
       0.0233016       8.87367501 
       0.0234038       8.76555131 
        0.023506        8.6581747 
       0.0236082       8.55181307 
       0.0237104       8.44597343 
       0.0238126       8.34091252 
       0.0239148       8.23686379 
        0.024017       8.13340086 
       0.0241192       8.03074395 
       0.0242214        7.9290927 
       0.0243236       7.82808535 
       0.0244258       7.72790709 
        0.024528        7.6287245 
       0.0246302       7.53023827 
       0.0247324       7.43271999 
       0.0248346       7.33594444 
       0.0249368       7.24003206 
        0.025039       7.14507254 
       0.0251412           7.0509 
       0.0252434       6.95760199 
       0.0253456       6.86523972 
       0.0254478       6.77370267 
         0.02555       6.68304801 
       0.0256522       6.59331014 
       0.0257544       6.50443001 
       0.0258566       6.41643683 
       0.0259588       6.32933988 
        0.026061       6.24312776 
       0.0261632       6.15780409 
       0.0262654       6.07335463 
       0.0263676       5.98981202 
       0.0264698       5.90715653 
        0.026572       5.82535196 
       0.0266742       5.74447154 
       0.0267764       5.66447429 
       0.0268786        5.5853036 
       0.0269808       5.50706995 
        0.027083       5.42971313 
       0.0271852       5.35315762 
       0.0272874         5.277548 
       0.0273896       5.20280671 
       0.0274918       5.12884072 
        0.027594       5.05582578 
       0.0276962        4.9835616 
       0.0277984       4.91226038 
       0.0279006       4.84180487 
       0.0280028       4.77207549 
        0.028105       4.70330693 
       0.0282072       4.63537038 
       0.0283094       4.56813518 
       0.0284116       4.50185561 
       0.0285138       4.43639299 
        0.028616       4.37160687 
       0.0287182       4.30776845 
       0.0288204       4.24473077 
       0.0289226       4.18234475 
       0.0290248        4.1208961 
        0.029127       4.06023099 
       0.0292292       4.00019279 
       0.0293314       3.94107954 
       0.0294336       3.88273181 
       0.0295358       3.82498636 
        0.029638       3.76815167 
       0.0297402       3.71206379 
       0.0298424       3.65655376 
       0.0299446       3.60193878 
       0.0300468       3.54805134 
        0.030149       3.49471761 
       0.0302512       3.44226191 
       0.0303534        3.3905141 
       0.0304556       3.33929613 
       0.0305578       3.28893814 
         0.03066       3.23909471 
       0.0307622       3.19010432 
       0.0308644       3.14178166 
       0.0309666       3.09395269 
       0.0310688       3.04695506 
        0.031171       3.00060488 
       0.0312732       2.95472792 
       0.0313754       2.90966004 
       0.0314776       2.86521933 
       0.0315798       2.82123175 
        0.031682       2.77803064 
       0.0317842       2.73543648 
       0.0318864       2.69327577 
       0.0319886       2.65187872 
       0.0320908       2.61106851 
        0.032193       2.57067252 
       0.0322952       2.53101729 
       0.0323974       2.49192898 
       0.0324996       2.45323609 
       0.0326018        2.4152611 
        0.032704       2.37783336 
       0.0328062        2.3407827 
       0.0329084        2.3044272 
       0.0330106       2.26859958 
       0.0331128       2.23313116 
        0.033215        2.1983354 
       0.0333172       2.16404846 
       0.0334194        2.1301033 
       0.0335216       2.09680862 
       0.0336238        2.0638472 
        0.033726       2.03152433 
       0.0338282       1.99967325 
       0.0339304       1.96814064 
       0.0340326       1.93722309 
       0.0341348       1.90675943 
        0.034237       1.87659983 
       0.0343392       1.84703234 
       0.0344414       1.81790127 
       0.0345436       1.78906023 
       0.0346458       1.76078892 
        0.034748       1.73293701 
       0.0348502       1.70536148 
       0.0349524       1.67833393 
       0.0350546       1.65170919 
       0.0351568       1.62534759 
        0.035259       1.59951283 
       0.0353612       1.57406477 
       0.0354634       1.54886696 
       0.0355656       1.52417551 
       0.0356678       1.49985513 
         0.03577        1.4757725 
       0.0358722       1.45217639 
       0.0359744       1.42893618 
       0.0360766        1.4059216 
       0.0361788       1.38337439 
        0.036281       1.36116836 
       0.0363832       1.33917622 
       0.0364854       1.31763294 
       0.0365876        1.2962988 
       0.0366898        1.2754028 
        0.036792       1.25481999 
       0.0368942       1.23443646 
       0.0369964       1.21447227 
       0.0370986       1.19480796 
       0.0372008       1.17533332 
        0.037303       1.15625998 
       0.0374052       1.13747366 
       0.0375074       1.11886768 
       0.0376096       1.10064566 
       0.0377118       1.08269825 
        0.037814       1.06492212 
       0.0379162       1.04751332 
       0.0380184       1.03036717 
       0.0381206       1.01338349 
       0.0382228      0.996751198 
        0.038325      0.980370008 
       0.0384272      0.964142755 
       0.0385294       0.94825162 
       0.0386316      0.932600456 
       0.0387338      0.917094949 
        0.038836      0.901910938 
       0.0389382      0.886956173 
       0.0390404      0.872139038 
       0.0391426      0.857629403 
       0.0392448      0.843338687 
        0.039347      0.829177821 
       0.0394492      0.815311066 
       0.0395514      0.801571379 
       0.0396536      0.788117816 
       0.0397558      0.774863652 
        0.039858      0.761730015 
       0.0399602       0.74886914 
       0.0400624       0.73619845 
       0.0401646      0.723641914 
       0.0402668      0.711345394 
        0.040369      0.699230191 
       0.0404712      0.687222936 
       0.0405734       0.67546354 
       0.0406756      0.663876929 
       0.0407778      0.652392222 
         0.04088      0.641143782 
       0.0409822      0.630059919 
       0.0410844      0.619072076 
       0.0411866      0.608309446 
       0.0412888      0.597703497 
        0.041391       0.58718784 
       0.0414932      0.576886859 
       0.0415954       0.56673496 
       0.0416976      0.556667777 
       0.0417998      0.546805226 
        0.041902      0.537084445 
       0.0420042      0.527442955 
       0.0421064      0.517996518 
       0.0422086      0.508684816 
       0.0423108      0.499447122 
        0.042413      0.490395351 
       0.0425152       0.48141577 
       0.0426174      0.472616598 
       0.0427196      0.463938869 
       0.0428218      0.455328837 
        0.042924      0.446890154 
       0.0430262      0.438566637 
       0.0431284      0.430306408 
       0.0432306      0.422208906 
       0.0433328      0.414220522 
        0.043435      0.406291103 
       0.0435372      0.398516202 
       0.0436394      0.390844589 
       0.0437416        0.3832277 
       0.0438438      0.375757512 
        0.043946      0.368384992 
       0.0440482      0.361063032 
       0.0441504      0.353880326 
       0.0442526      0.346789868 
       0.0443548       0.33974588 
        0.044457      0.332834051 
       0.0445592      0.326009237 
       0.0446614      0.319226873 
       0.0447636      0.312569906 
       0.0448658      0.305994899 
        0.044968      0.299458387 
       0.0450702      0.293040825 
       0.0451724      0.286700336 
       0.0452746      0.280394449 
       0.0453768       0.27420136 
        0.045479      0.268041459 
       0.0455812      0.261990638 
       0.0456834      0.256007588 
       0.0457856      0.250054315 
       0.0458878      0.244203999 
         0.04599      0.238417017 
       0.0460922      0.232656423 
       0.0461944      0.226992944 
       0.0462966      0.221388494 
       0.0463988      0.215807059 
        0.046501      0.210317165 
       0.0466032      0.204882118 
       0.0467054      0.199466726 
       0.0468076      0.194137548 
       0.0469098      0.188859151 
        0.047012      0.183597057 
       0.0471142      0.178416086 
       0.0472164      0.173281936 
       0.0473186      0.168160739 
       0.0474208      0.163115796 
        0.047523      0.158113808 
       0.0476252      0.153121426 
       0.0477274      0.148200631 
       0.0478296      0.143319019 
       0.0479318      0.138443659 
        0.048034      0.133635412 
       0.0481362      0.128862655 
       0.0482384      0.124092791 
       0.0483406      0.119385741 
       0.0484428      0.114680214 
        0.048545      0.110034916 
       0.0486472      0.105417942 
       0.0487494      0.100799436 
       0.0488516     0.0962367896 
       0.0489538     0.0916989831 
        0.049056     0.0871564646 
       0.0491582     0.0826657065 
       0.0492604     0.0781963696 
       0.0493626     0.0737185362 
       0.0494648     0.0692891308 
        0.049567     0.0648778012 
       0.0496692     0.0604518045 
       0.0497714     0.0560735125 
       0.0498736     0.0517100638 
       0.0499758     0.0473183085 
        0.050078     0.0429813679 
       0.0501802     0.0386564195 
       0.0502824     0.0343959786 
       0.0503846     0.0300964813 
       0.0504868      0.025796984 
        0.050589     0.0214261163 
       0.0506912     0.0171408931 
       0.0507934     0.0128556698 
       0.0508956    0.00852850493 
       0.0509978    0.00426425247 
          0.0511                0 
