       -0.050053                0 
    -0.049952894    0.00457907215 
    -0.049852788     0.0091581443 
    -0.049752682     0.0138051413 
    -0.049652576     0.0184068551 
     -0.04955247     0.0230085689 
    -0.049452364     0.0277028819 
    -0.049352258     0.0323200289 
    -0.049252152     0.0369371759 
    -0.049152046     0.0415058697 
     -0.04905194     0.0461475391 
    -0.048951834     0.0508018751 
    -0.048851728     0.0555157391 
    -0.048751622     0.0601971563 
    -0.048651516      0.064894256 
     -0.04855141     0.0696426909 
    -0.048451304     0.0743733957 
    -0.048351198     0.0791232006 
    -0.048251092     0.0839248089 
    -0.048150986      0.088715192 
     -0.04805088     0.0935282119 
    -0.047950774     0.0983963143 
    -0.047850668      0.103257125 
    -0.047750562      0.108144187 
    -0.047650456      0.113090392 
     -0.04755035      0.118032623 
    -0.047450244      0.123004789 
    -0.047350138      0.128040401 
    -0.047250032      0.133075257 
    -0.047149926        0.1381438 
     -0.04704982       0.14328023 
    -0.046949714      0.148419128 
    -0.046849608      0.153595539 
    -0.046749502       0.15884441 
    -0.046649396      0.164098995 
     -0.04654929      0.169394997 
    -0.046449184       0.17476818 
    -0.046349078      0.180150344 
    -0.046248972      0.185577916 
    -0.046148866      0.191087555 
     -0.04604876      0.196609461 
    -0.045948654      0.202180863 
    -0.045848548      0.207839391 
    -0.045748442      0.213513503 
    -0.045648336      0.219241299 
     -0.04554823       0.22506147 
    -0.045448124      0.230900573 
    -0.045348018      0.236797664 
    -0.045247912      0.242792574 
    -0.045147806      0.248809807 
      -0.0450477      0.254889451 
    -0.044947594      0.261072571 
    -0.044847488      0.267281449 
    -0.044747382      0.273557295 
    -0.044647276      0.279942493 
     -0.04454717      0.286356943 
    -0.044447064      0.292843055 
    -0.044346958      0.299444627 
    -0.044246852       0.30607901 
    -0.044146746        0.3127899 
     -0.04404664      0.319622601 
    -0.043946534      0.326491744 
    -0.043846428      0.333442396 
    -0.043746322      0.340521469 
    -0.043646216      0.347640693 
     -0.04354611      0.354846601 
    -0.043446004      0.362187803 
    -0.043345898      0.369572958 
    -0.043245792      0.377050148 
    -0.043145686      0.384669789 
     -0.04304558      0.392337279 
    -0.042945474      0.400102344 
    -0.042845368      0.408017312 
    -0.042745262      0.415984131 
    -0.042645156      0.424054266 
     -0.04254505       0.43228206 
    -0.042444944      0.440565824 
    -0.042344838      0.448958853 
    -0.042244732       0.45751762 
    -0.042144626      0.466136597 
     -0.04204452      0.474871011 
    -0.041944414      0.483779574 
    -0.041844308      0.492752721 
    -0.041744202      0.501847708 
    -0.041644096      0.511125605 
     -0.04154399        0.5204726 
    -0.041443884      0.529948082 
    -0.041343778      0.539615597 
    -0.041243672      0.549356875 
    -0.041143566      0.559233543 
     -0.04104346      0.569311743 
    -0.040943354      0.579468533 
    -0.040843248       0.58976788 
    -0.040743142      0.600278651 
    -0.040643036      0.610873009 
     -0.04054293      0.621617371 
    -0.040442824      0.632583452 
    -0.040342718      0.643638299 
    -0.040242612      0.654850889 
    -0.040142506      0.666295913 
      -0.0400424      0.677835073 
    -0.039942294      0.689540014 
    -0.039842188      0.701488541 
    -0.039742082      0.713536777 
    -0.039641976       0.72575915 
     -0.03954187      0.738236706 
    -0.039441764      0.750819758 
    -0.039341658      0.763585627 
    -0.039241552      0.776618742 
    -0.039141446      0.789763364 
     -0.03904134      0.803099825 
    -0.038941234      0.816716068 
    -0.038841128      0.830450068 
    -0.038741022      0.844385279 
    -0.038640916      0.858613297 
     -0.03854081      0.872965573 
    -0.038440704      0.887528794 
    -0.038340598      0.902398351 
    -0.038240492      0.917398926 
    -0.038140386      0.932620557 
     -0.03804028      0.948162564 
    -0.037940174      0.963842627 
    -0.037840068      0.979754244 
    -0.037739962      0.996000801 
    -0.037639856       1.01239274 
     -0.03753975       1.02912788 
    -0.037439644       1.04601155 
    -0.037339538       1.06314899 
    -0.037239432       1.08064471 
    -0.037139326       1.09829705 
     -0.03703922       1.11621487 
    -0.036939114       1.13450659 
    -0.036839008       1.15296334 
    -0.036738902       1.17169774 
    -0.036638796       1.19082216 
     -0.03653869       1.21012042 
    -0.036438584        1.2297089 
    -0.036338478       1.24970408 
    -0.036238372       1.26988225 
    -0.036138266        1.2903637 
     -0.03603816       1.31126902 
    -0.035938054       1.33236691 
    -0.035837948       1.35378157 
    -0.035737842       1.37563781 
    -0.035637736        1.3976966 
     -0.03553763       1.42008614 
    -0.035437524       1.44293546 
    -0.035337418       1.46599776 
    -0.035237312       1.48940522 
    -0.035137206        1.5132912 
      -0.0350371       1.53740102 
    -0.034936994        1.5618709 
    -0.034836888       1.58683852 
    -0.034736782       1.61204132 
    -0.034636676       1.63761953 
     -0.03453657        1.6637152 
    -0.034436464       1.69005786 
    -0.034336358       1.71679176 
    -0.034236252       1.74406327 
    -0.034136146       1.77159409 
     -0.03403604       1.79953245 
    -0.033935934         1.828029 
    -0.033835828        1.8567977 
    -0.033735722       1.88599069 
    -0.033635616       1.91576285 
     -0.03353551       1.94582054 
    -0.033435404       1.97631971 
    -0.033335298       2.00741938 
    -0.033235192       2.03881852 
    -0.033135086       2.07067677 
     -0.03303498       2.10315714 
    -0.032934874        2.1359515 
    -0.032834768       2.16922301 
    -0.032734662       2.20313852 
    -0.032634556       2.23738312 
     -0.03253445       2.27212331 
    -0.032434344       2.30752957 
    -0.032334238        2.3432806 
    -0.032234132       2.37954604 
    -0.032134026       2.41649973 
     -0.03203392       2.45381451 
    -0.031933814       2.49166283 
    -0.031833708       2.53022162 
    -0.031733602       2.56915843 
    -0.031633496       2.60864823 
     -0.03153339       2.64887065 
    -0.031433284       2.68948866 
    -0.031333178       2.73067936 
    -0.031233072       2.77262465 
    -0.031132966       2.81498376 
     -0.03103286       2.85793546 
    -0.030932754       2.90166345 
    -0.030832648       2.94582413 
    -0.030732542       2.99059743 
    -0.030632436       3.03616833 
     -0.03053233       3.08219141 
    -0.030432224       3.12884726 
    -0.030332118       3.17632143 
    -0.030232012       3.22426794 
    -0.030131906       3.27286735 
      -0.0300318       3.32230511 
    -0.029931694       3.37223601 
    -0.029831588       3.42283988 
    -0.029731482       3.47430122 
    -0.029631376       3.52627713 
     -0.02953127        3.5789459 
    -0.029431164       3.63249022 
    -0.029331058       3.68657113 
    -0.029230952       3.74136454 
    -0.029130846       3.79705029 
     -0.02903074       3.85329526 
    -0.028930634       3.91027197 
    -0.028830528       3.96815633 
    -0.028730422       4.02662309 
    -0.028630316       4.08584032 
     -0.02853021       4.14597881 
    -0.028430104       4.20672338 
    -0.028329998       4.26823652 
    -0.028229892       4.33068258 
    -0.028129786       4.39375886 
     -0.02802968       4.45762102 
    -0.027929574       4.52242554 
    -0.027829468       4.58788483 
    -0.027729362       4.65414637 
    -0.027629256       4.72135722 
     -0.02752915       4.78924773 
    -0.027429044       4.85795574 
    -0.027328938       4.92761727 
    -0.027228832       4.99798358 
    -0.027128726       5.06918137 
     -0.02702862       5.14133383 
    -0.026928514       5.21421633 
    -0.026828408       5.28794281 
    -0.026728302       5.36262178 
    -0.026628196       5.43805609 
     -0.02652809       5.51434519 
    -0.026427984       5.59158097 
    -0.026327878        5.6695973 
    -0.026227772       5.74847733 
    -0.026127666       5.82829431 
     -0.02602756       5.90891679 
    -0.025927454       5.99040979 
    -0.025827348       6.07282579 
    -0.025727242       6.15607181 
    -0.025627136       6.24019287 
     -0.02552703       6.32521847 
    -0.025426924       6.41109802 
    -0.025326818       6.49785456 
    -0.025226712       6.58549242 
    -0.025126606       6.67400736 
      -0.0250265       6.76337161 
    -0.024926394       6.85364263 
    -0.024826288       6.94478597 
    -0.024726182       7.03674694 
    -0.024626076       7.12963692 
     -0.02452597       7.22339215 
    -0.024425864       7.31792822 
    -0.024325758        7.4134139 
    -0.024225652       7.50975432 
    -0.024125546       7.60683351 
     -0.02402544       7.70488097 
    -0.023925334       7.80376899 
    -0.023825228       7.90334839 
    -0.023725122       8.00391241 
    -0.023625016       8.10529897 
     -0.02352491       8.20732413 
    -0.023424804       8.31034764 
    -0.023324698       8.41417163 
    -0.023224592       8.51857606 
    -0.023124486       8.62398956 
     -0.02302438       8.73017731 
    -0.022924274       8.83688205 
    -0.022824168        8.9446032 
    -0.022724062       9.05306808 
    -0.022623956       9.16198132 
     -0.02252385       9.27191456 
    -0.022423744        9.3825566 
    -0.022323638       9.49357346 
    -0.022223532       9.60560974 
    -0.022123426       9.71831546 
     -0.02202332       9.83131778 
    -0.021923214       9.94533445 
    -0.021823108       10.0599767 
    -0.021723002       10.1748331 
    -0.021622896       10.2906938 
     -0.02152279       10.4071319 
    -0.021422684       10.5236977 
    -0.021322578       10.6412528 
    -0.021222472       10.7593325 
    -0.021122366       10.8774503 
     -0.02102226       10.9965366 
    -0.020922154       11.1160906 
    -0.020822048       11.2355905 
    -0.020721942       11.3560322 
    -0.020621836       11.4768808 
     -0.02052173       11.5975808 
    -0.020421624       11.7191901 
    -0.020321518       11.8411415 
    -0.020221412       11.9628486 
    -0.020121306        12.085426 
      -0.0200212       12.2082774 
    -0.019921094       12.3307884 
    -0.019820988       12.4541244 
    -0.019720882        12.577663 
    -0.019620776       12.7007654 
     -0.01952067       12.8246411 
    -0.019420564       12.9486454 
    -0.019320458       13.0721188 
    -0.019220352       13.1963075 
    -0.019120246       13.3205484 
     -0.01902014        13.444166 
    -0.018920034       13.5684346 
    -0.018819928       13.6926774 
    -0.018719822       13.8162076 
    -0.018619716       13.9403182 
     -0.01851961       14.0643238 
    -0.018419504       14.1875316 
    -0.018319398       14.3112435 
    -0.018219292       14.4347706 
    -0.018119186         14.55742 
     -0.01801908       14.6804914 
    -0.017918974       14.8032983 
    -0.017818868       14.9251544 
    -0.017718762       15.0473444 
    -0.017618656       15.1691911 
     -0.01751855       15.2900236 
    -0.017418444       15.4110947 
    -0.017318338        15.531745 
    -0.017218232       15.6513345 
    -0.017118126       15.7710546 
     -0.01701802       15.8902792 
    -0.016917914       16.0084294 
    -0.016817808        16.126576 
    -0.016717702        16.244157 
    -0.016617596       16.3607195 
     -0.01651749       16.4770872 
    -0.016417384       16.5928281 
    -0.016317278       16.7077524 
    -0.016217172       16.8221724 
    -0.016117066       16.9359261 
     -0.01601696        17.049394 
    -0.015916854         17.16179 
    -0.015816748       17.2735424 
    -0.015716642       17.3853335 
    -0.015616536       17.4958177 
     -0.01551643       17.6056705 
    -0.015416324       17.7181916 
    -0.015316218       17.8260882 
    -0.015216112       17.9321707 
    -0.015116006       18.0287699 
      -0.0150159       18.1324416 
    -0.014915794       18.2348641 
    -0.014815688       18.3360373 
    -0.014715582       18.4359612 
    -0.014615476       18.5346359 
     -0.01451537       18.6242961 
    -0.014415264       18.7213358 
    -0.014315158       18.8175463 
    -0.014215052       18.9129276 
    -0.014114946       19.0074796 
     -0.01401484       19.1012025 
    -0.013914734         19.19751 
    -0.013814628        19.289145 
    -0.013714522       19.3798253 
    -0.013614416       19.4695511 
     -0.01351431       19.5583222 
    -0.013414204       19.6461387 
    -0.013314098       19.7406162 
    -0.013213992       19.8263532 
    -0.013113886       19.9111594 
     -0.01301378       19.9950348 
    -0.012913674       20.0779795 
    -0.012813568       20.1599935 
    -0.012713462       20.2516425 
    -0.012613356       20.3319371 
     -0.01251325       20.4104323 
    -0.012413144       20.4871282 
    -0.012313038       20.5620247 
    -0.012212932       20.6351217 
    -0.012112826       20.6952008 
     -0.01201272        20.765433 
    -0.011912614       20.8343014 
    -0.011812508       20.9018058 
    -0.011712402       20.9679463 
    -0.011612296       21.0327228 
     -0.01151219       21.0961354 
    -0.011412084       21.1581841 
    -0.011311978       21.2188689 
    -0.011211872       21.2781897 
    -0.011111766       21.3361466 
     -0.01101166       21.3927395 
    -0.010911554       21.4171589 
    -0.010811448        21.472526 
    -0.010711342       21.5270385 
    -0.010611236       21.5806962 
     -0.01051113       21.6334993 
    -0.010411024       21.6854478 
    -0.010310918       21.7365415 
    -0.010210812       21.7867805 
    -0.010110706       21.8361649 
      -0.0100106       21.8846946 
    -0.009910494       21.9323696 
    -0.009810388       21.9791899 
    -0.009710282       22.0341588 
    -0.009610176       22.0790308 
     -0.00951007       22.1229981 
    -0.009409964       22.1660606 
    -0.009309858       22.2082184 
    -0.009209752       22.2494713 
    -0.009109646       22.2898195 
     -0.00900954       22.3292629 
    -0.008909434       22.3678015 
    -0.008809328       22.4054354 
    -0.008709222       22.4421645 
    -0.008609116       22.4779888 
     -0.00850901       22.5169414 
    -0.008408904        22.550972 
    -0.008308798       22.5842284 
    -0.008208692       22.6167105 
    -0.008108586       22.6484184 
     -0.00800848       22.6793519 
    -0.007908374       22.7095113 
    -0.007808268       22.7388963 
    -0.007708162       22.7675071 
    -0.007608056       22.7953436 
     -0.00750795       22.8224059 
    -0.007407844       22.8486939 
    -0.007307738       22.8740102 
    -0.007207632       22.8988629 
    -0.007107526       22.9230995 
     -0.00700742       22.9467199 
    -0.006907314       22.9697241 
    -0.006807208       22.9921122 
    -0.006707102       23.0138842 
    -0.006606996       23.0350399 
     -0.00650689       23.0555795 
    -0.006406784        23.075503 
    -0.006306678       23.0948103 
    -0.006206572       23.1135014 
    -0.006106466       23.1315764 
     -0.00600636       23.1475873 
    -0.005906254       23.1646366 
    -0.005806148       23.1812104 
    -0.005706042       23.1973089 
    -0.005605936        23.212932 
     -0.00550583       23.2280797 
    -0.005405724       23.2427521 
    -0.005305618       23.2569491 
    -0.005205512       23.2706707 
    -0.005105406       23.2839169 
      -0.0050053       23.2966878 
    -0.004905194       23.3089833 
    -0.004805088       23.3196105 
    -0.004704982       23.3311132 
    -0.004604876       23.3422604 
     -0.00450477       23.3530519 
    -0.004404664       23.3634878 
    -0.004304558       23.3735681 
    -0.004204452       23.3832927 
    -0.004104346       23.3926617 
     -0.00400424       23.4016751 
    -0.003904134       23.4103329 
    -0.003804028        23.418635 
    -0.003703922       23.4265816 
    -0.003603816       23.4333777 
     -0.00350371       23.4407223 
    -0.003403604       23.4478034 
    -0.003303498        23.454621 
    -0.003203392       23.4611752 
    -0.003103286       23.4674659 
     -0.00300318       23.4734931 
    -0.002903074       23.4792569 
    -0.002802968       23.4847572 
    -0.002702862        23.489994 
    -0.002602756       23.4949673 
     -0.00250265       23.4996772 
    -0.002402544       23.5016433 
    -0.002302438       23.5058154 
    -0.002202332         23.50981 
    -0.002102226       23.5136271 
     -0.00200212       23.5172666 
    -0.001902014       23.5207286 
    -0.001801908       23.5240131 
    -0.001701802         23.52712 
    -0.001601696       23.5300494 
     -0.00150159       23.5328012 
    -0.001401484       23.5353755 
    -0.001301378       23.5377723 
    -0.001201272       23.5422506 
    -0.001101166       23.5441991 
     -0.00100106       23.5459781 
    -0.000900954       23.5475878 
    -0.000800848        23.549028 
    -0.000700742       23.5502987 
    -0.000600636       23.5514001 
     -0.00050053        23.552332 
    -0.000400424       23.5530944 
    -0.000300318       23.5536874 
    -0.000200212        23.554111 
    -0.000100106       23.5543652 
               0       23.5544499 
     0.000100106       23.5543652 
     0.000200212        23.554111 
     0.000300318       23.5536874 
     0.000400424       23.5530944 
      0.00050053        23.552332 
     0.000600636       23.5514001 
     0.000700742       23.5502987 
     0.000800848        23.549028 
     0.000900954       23.5475878 
      0.00100106       23.5459781 
     0.001101166       23.5441991 
     0.001201272       23.5422506 
     0.001301378       23.5377723 
     0.001401484       23.5353755 
      0.00150159       23.5328012 
     0.001601696       23.5300494 
     0.001701802         23.52712 
     0.001801908       23.5240131 
     0.001902014       23.5207286 
      0.00200212       23.5172666 
     0.002102226       23.5136271 
     0.002202332         23.50981 
     0.002302438       23.5058154 
     0.002402544       23.5016433 
      0.00250265       23.4996772 
     0.002602756       23.4949673 
     0.002702862        23.489994 
     0.002802968       23.4847572 
     0.002903074       23.4792569 
      0.00300318       23.4734931 
     0.003103286       23.4674659 
     0.003203392       23.4611752 
     0.003303498        23.454621 
     0.003403604       23.4478034 
      0.00350371       23.4407223 
     0.003603816       23.4333777 
     0.003703922       23.4265816 
     0.003804028        23.418635 
     0.003904134       23.4103329 
      0.00400424       23.4016751 
     0.004104346       23.3926617 
     0.004204452       23.3832927 
     0.004304558       23.3735681 
     0.004404664       23.3634878 
      0.00450477       23.3530519 
     0.004604876       23.3422604 
     0.004704982       23.3311132 
     0.004805088       23.3196105 
     0.004905194       23.3089833 
       0.0050053       23.2966878 
     0.005105406       23.2839169 
     0.005205512       23.2706707 
     0.005305618       23.2569491 
     0.005405724       23.2427521 
      0.00550583       23.2280797 
     0.005605936        23.212932 
     0.005706042       23.1973089 
     0.005806148       23.1812104 
     0.005906254       23.1646366 
      0.00600636       23.1475873 
     0.006106466       23.1315764 
     0.006206572       23.1135014 
     0.006306678       23.0948103 
     0.006406784        23.075503 
      0.00650689       23.0555795 
     0.006606996       23.0350399 
     0.006707102       23.0138842 
     0.006807208       22.9921122 
     0.006907314       22.9697241 
      0.00700742       22.9467199 
     0.007107526       22.9230995 
     0.007207632       22.8988629 
     0.007307738       22.8740102 
     0.007407844       22.8486939 
      0.00750795       22.8224059 
     0.007608056       22.7953436 
     0.007708162       22.7675071 
     0.007808268       22.7388963 
     0.007908374       22.7095113 
      0.00800848       22.6793519 
     0.008108586       22.6484184 
     0.008208692       22.6167105 
     0.008308798       22.5842284 
     0.008408904        22.550972 
      0.00850901       22.5169414 
     0.008609116       22.4779888 
     0.008709222       22.4421645 
     0.008809328       22.4054354 
     0.008909434       22.3678015 
      0.00900954       22.3292629 
     0.009109646       22.2898195 
     0.009209752       22.2494713 
     0.009309858       22.2082184 
     0.009409964       22.1660606 
      0.00951007       22.1229981 
     0.009610176       22.0790308 
     0.009710282       22.0341588 
     0.009810388       21.9791899 
     0.009910494       21.9323696 
       0.0100106       21.8846946 
     0.010110706       21.8361649 
     0.010210812       21.7867805 
     0.010310918       21.7365415 
     0.010411024       21.6854478 
      0.01051113       21.6334993 
     0.010611236       21.5806962 
     0.010711342       21.5270385 
     0.010811448        21.472526 
     0.010911554       21.4171589 
      0.01101166       21.3927395 
     0.011111766       21.3361466 
     0.011211872       21.2781897 
     0.011311978       21.2188689 
     0.011412084       21.1581841 
      0.01151219       21.0961354 
     0.011612296       21.0327228 
     0.011712402       20.9679463 
     0.011812508       20.9018058 
     0.011912614       20.8343014 
      0.01201272        20.765433 
     0.012112826       20.6952008 
     0.012212932       20.6351217 
     0.012313038       20.5620247 
     0.012413144       20.4871282 
      0.01251325       20.4104323 
     0.012613356       20.3319371 
     0.012713462       20.2516425 
     0.012813568       20.1599935 
     0.012913674       20.0779795 
      0.01301378       19.9950348 
     0.013113886       19.9111594 
     0.013213992       19.8263532 
     0.013314098       19.7406162 
     0.013414204       19.6461387 
      0.01351431       19.5583222 
     0.013614416       19.4695511 
     0.013714522       19.3798253 
     0.013814628        19.289145 
     0.013914734         19.19751 
      0.01401484       19.1012025 
     0.014114946       19.0074796 
     0.014215052       18.9129276 
     0.014315158       18.8175463 
     0.014415264       18.7213358 
      0.01451537       18.6242961 
     0.014615476       18.5346359 
     0.014715582       18.4359612 
     0.014815688       18.3360373 
     0.014915794       18.2348641 
       0.0150159       18.1324416 
     0.015116006       18.0287699 
     0.015216112       17.9321707 
     0.015316218       17.8260882 
     0.015416324       17.7181916 
      0.01551643       17.6056705 
     0.015616536       17.4958177 
     0.015716642       17.3853335 
     0.015816748       17.2735424 
     0.015916854         17.16179 
      0.01601696        17.049394 
     0.016117066       16.9359261 
     0.016217172       16.8221724 
     0.016317278       16.7077524 
     0.016417384       16.5928281 
      0.01651749       16.4770872 
     0.016617596       16.3607195 
     0.016717702        16.244157 
     0.016817808        16.126576 
     0.016917914       16.0084294 
      0.01701802       15.8902792 
     0.017118126       15.7710546 
     0.017218232       15.6513345 
     0.017318338        15.531745 
     0.017418444       15.4110947 
      0.01751855       15.2900236 
     0.017618656       15.1691911 
     0.017718762       15.0473444 
     0.017818868       14.9251544 
     0.017918974       14.8032983 
      0.01801908       14.6804914 
     0.018119186         14.55742 
     0.018219292       14.4347706 
     0.018319398       14.3112435 
     0.018419504       14.1875316 
      0.01851961       14.0643238 
     0.018619716       13.9403182 
     0.018719822       13.8162076 
     0.018819928       13.6926774 
     0.018920034       13.5684346 
      0.01902014        13.444166 
     0.019120246       13.3205484 
     0.019220352       13.1963075 
     0.019320458       13.0721188 
     0.019420564       12.9486454 
      0.01952067       12.8246411 
     0.019620776       12.7007654 
     0.019720882        12.577663 
     0.019820988       12.4541244 
     0.019921094       12.3307884 
       0.0200212       12.2082774 
     0.020121306        12.085426 
     0.020221412       11.9628486 
     0.020321518       11.8411415 
     0.020421624       11.7191901 
      0.02052173       11.5975808 
     0.020621836       11.4768808 
     0.020721942       11.3560322 
     0.020822048       11.2355905 
     0.020922154       11.1160906 
      0.02102226       10.9965366 
     0.021122366       10.8774503 
     0.021222472       10.7593325 
     0.021322578       10.6412528 
     0.021422684       10.5236977 
      0.02152279       10.4071319 
     0.021622896       10.2906938 
     0.021723002       10.1748331 
     0.021823108       10.0599767 
     0.021923214       9.94533445 
      0.02202332       9.83131778 
     0.022123426       9.71831546 
     0.022223532       9.60560974 
     0.022323638       9.49357346 
     0.022423744        9.3825566 
      0.02252385       9.27191456 
     0.022623956       9.16198132 
     0.022724062       9.05306808 
     0.022824168        8.9446032 
     0.022924274       8.83688205 
      0.02302438       8.73017731 
     0.023124486       8.62398956 
     0.023224592       8.51857606 
     0.023324698       8.41417163 
     0.023424804       8.31034764 
      0.02352491       8.20732413 
     0.023625016       8.10529897 
     0.023725122       8.00391241 
     0.023825228       7.90334839 
     0.023925334       7.80376899 
      0.02402544       7.70488097 
     0.024125546       7.60683351 
     0.024225652       7.50975432 
     0.024325758        7.4134139 
     0.024425864       7.31792822 
      0.02452597       7.22339215 
     0.024626076       7.12963692 
     0.024726182       7.03674694 
     0.024826288       6.94478597 
     0.024926394       6.85364263 
       0.0250265       6.76337161 
     0.025126606       6.67400736 
     0.025226712       6.58549242 
     0.025326818       6.49785456 
     0.025426924       6.41109802 
      0.02552703       6.32521847 
     0.025627136       6.24019287 
     0.025727242       6.15607181 
     0.025827348       6.07282579 
     0.025927454       5.99040979 
      0.02602756       5.90891679 
     0.026127666       5.82829431 
     0.026227772       5.74847733 
     0.026327878        5.6695973 
     0.026427984       5.59158097 
      0.02652809       5.51434519 
     0.026628196       5.43805609 
     0.026728302       5.36262178 
     0.026828408       5.28794281 
     0.026928514       5.21421633 
      0.02702862       5.14133383 
     0.027128726       5.06918137 
     0.027228832       4.99798358 
     0.027328938       4.92761727 
     0.027429044       4.85795574 
      0.02752915       4.78924773 
     0.027629256       4.72135722 
     0.027729362       4.65414637 
     0.027829468       4.58788483 
     0.027929574       4.52242554 
      0.02802968       4.45762102 
     0.028129786       4.39375886 
     0.028229892       4.33068258 
     0.028329998       4.26823652 
     0.028430104       4.20672338 
      0.02853021       4.14597881 
     0.028630316       4.08584032 
     0.028730422       4.02662309 
     0.028830528       3.96815633 
     0.028930634       3.91027197 
      0.02903074       3.85329526 
     0.029130846       3.79705029 
     0.029230952       3.74136454 
     0.029331058       3.68657113 
     0.029431164       3.63249022 
      0.02953127        3.5789459 
     0.029631376       3.52627713 
     0.029731482       3.47430122 
     0.029831588       3.42283988 
     0.029931694       3.37223601 
       0.0300318       3.32230511 
     0.030131906       3.27286735 
     0.030232012       3.22426794 
     0.030332118       3.17632143 
     0.030432224       3.12884726 
      0.03053233       3.08219141 
     0.030632436       3.03616833 
     0.030732542       2.99059743 
     0.030832648       2.94582413 
     0.030932754       2.90166345 
      0.03103286       2.85793546 
     0.031132966       2.81498376 
     0.031233072       2.77262465 
     0.031333178       2.73067936 
     0.031433284       2.68948866 
      0.03153339       2.64887065 
     0.031633496       2.60864823 
     0.031733602       2.56915843 
     0.031833708       2.53022162 
     0.031933814       2.49166283 
      0.03203392       2.45381451 
     0.032134026       2.41649973 
     0.032234132       2.37954604 
     0.032334238        2.3432806 
     0.032434344       2.30752957 
      0.03253445       2.27212331 
     0.032634556       2.23738312 
     0.032734662       2.20313852 
     0.032834768       2.16922301 
     0.032934874        2.1359515 
      0.03303498       2.10315714 
     0.033135086       2.07067677 
     0.033235192       2.03881852 
     0.033335298       2.00741938 
     0.033435404       1.97631971 
      0.03353551       1.94582054 
     0.033635616       1.91576285 
     0.033735722       1.88599069 
     0.033835828        1.8567977 
     0.033935934         1.828029 
      0.03403604       1.79953245 
     0.034136146       1.77159409 
     0.034236252       1.74406327 
     0.034336358       1.71679176 
     0.034436464       1.69005786 
      0.03453657        1.6637152 
     0.034636676       1.63761953 
     0.034736782       1.61204132 
     0.034836888       1.58683852 
     0.034936994        1.5618709 
       0.0350371       1.53740102 
     0.035137206        1.5132912 
     0.035237312       1.48940522 
     0.035337418       1.46599776 
     0.035437524       1.44293546 
      0.03553763       1.42008614 
     0.035637736        1.3976966 
     0.035737842       1.37563781 
     0.035837948       1.35378157 
     0.035938054       1.33236691 
      0.03603816       1.31126902 
     0.036138266        1.2903637 
     0.036238372       1.26988225 
     0.036338478       1.24970408 
     0.036438584        1.2297089 
      0.03653869       1.21012042 
     0.036638796       1.19082216 
     0.036738902       1.17169774 
     0.036839008       1.15296334 
     0.036939114       1.13450659 
      0.03703922       1.11621487 
     0.037139326       1.09829705 
     0.037239432       1.08064471 
     0.037339538       1.06314899 
     0.037439644       1.04601155 
      0.03753975       1.02912788 
     0.037639856       1.01239274 
     0.037739962      0.996000801 
     0.037840068      0.979754244 
     0.037940174      0.963842627 
      0.03804028      0.948162564 
     0.038140386      0.932620557 
     0.038240492      0.917398926 
     0.038340598      0.902398351 
     0.038440704      0.887528794 
      0.03854081      0.872965573 
     0.038640916      0.858613297 
     0.038741022      0.844385279 
     0.038841128      0.830450068 
     0.038941234      0.816716068 
      0.03904134      0.803099825 
     0.039141446      0.789763364 
     0.039241552      0.776618742 
     0.039341658      0.763585627 
     0.039441764      0.750819758 
      0.03954187      0.738236706 
     0.039641976       0.72575915 
     0.039742082      0.713536777 
     0.039842188      0.701488541 
     0.039942294      0.689540014 
       0.0400424      0.677835073 
     0.040142506      0.666295913 
     0.040242612      0.654850889 
     0.040342718      0.643638299 
     0.040442824      0.632583452 
      0.04054293      0.621617371 
     0.040643036      0.610873009 
     0.040743142      0.600278651 
     0.040843248       0.58976788 
     0.040943354      0.579468533 
      0.04104346      0.569311743 
     0.041143566      0.559233543 
     0.041243672      0.549356875 
     0.041343778      0.539615597 
     0.041443884      0.529948082 
      0.04154399        0.5204726 
     0.041644096      0.511125605 
     0.041744202      0.501847708 
     0.041844308      0.492752721 
     0.041944414      0.483779574 
      0.04204452      0.474871011 
     0.042144626      0.466136597 
     0.042244732       0.45751762 
     0.042344838      0.448958853 
     0.042444944      0.440565824 
      0.04254505       0.43228206 
     0.042645156      0.424054266 
     0.042745262      0.415984131 
     0.042845368      0.408017312 
     0.042945474      0.400102344 
      0.04304558      0.392337279 
     0.043145686      0.384669789 
     0.043245792      0.377050148 
     0.043345898      0.369572958 
     0.043446004      0.362187803 
      0.04354611      0.354846601 
     0.043646216      0.347640693 
     0.043746322      0.340521469 
     0.043846428      0.333442396 
     0.043946534      0.326491744 
      0.04404664      0.319622601 
     0.044146746        0.3127899 
     0.044246852       0.30607901 
     0.044346958      0.299444627 
     0.044447064      0.292843055 
      0.04454717      0.286356943 
     0.044647276      0.279942493 
     0.044747382      0.273557295 
     0.044847488      0.267281449 
     0.044947594      0.261072571 
       0.0450477      0.254889451 
     0.045147806      0.248809807 
     0.045247912      0.242792574 
     0.045348018      0.236797664 
     0.045448124      0.230900573 
      0.04554823       0.22506147 
     0.045648336      0.219241299 
     0.045748442      0.213513503 
     0.045848548      0.207839391 
     0.045948654      0.202180863 
      0.04604876      0.196609461 
     0.046148866      0.191087555 
     0.046248972      0.185577916 
     0.046349078      0.180150344 
     0.046449184       0.17476818 
      0.04654929      0.169394997 
     0.046649396      0.164098995 
     0.046749502       0.15884441 
     0.046849608      0.153595539 
     0.046949714      0.148419128 
      0.04704982       0.14328023 
     0.047149926        0.1381438 
     0.047250032      0.133075257 
     0.047350138      0.128040401 
     0.047450244      0.123004789 
      0.04755035      0.118032623 
     0.047650456      0.113090392 
     0.047750562      0.108144187 
     0.047850668      0.103257125 
     0.047950774     0.0983963143 
      0.04805088     0.0935282119 
     0.048150986      0.088715192 
     0.048251092     0.0839248089 
     0.048351198     0.0791232006 
     0.048451304     0.0743733957 
      0.04855141     0.0696426909 
     0.048651516      0.064894256 
     0.048751622     0.0601971563 
     0.048851728     0.0555157391 
     0.048951834     0.0508018751 
      0.04905194     0.0461475391 
     0.049152046     0.0415058697 
     0.049252152     0.0369371759 
     0.049352258     0.0323200289 
     0.049452364     0.0277028819 
      0.04955247     0.0230085689 
     0.049652576     0.0184068551 
     0.049752682     0.0138051413 
     0.049852788     0.0091581443 
     0.049952894    0.00457907215 
        0.050053                0 
