       -0.049254                0 
    -0.049155492    0.00484055148 
    -0.049056984    0.00968110296 
    -0.048958476     0.0145216544 
    -0.048859968     0.0194578681 
     -0.04876146     0.0243223351 
    -0.048662952     0.0291868022 
    -0.048564444       0.03416534 
    -0.048465936     0.0390461028 
    -0.048367428     0.0439268657 
     -0.04826892     0.0487770991 
    -0.048170412     0.0536949413 
    -0.048071904     0.0586259454 
    -0.047973396     0.0636216522 
    -0.047874888     0.0685833443 
     -0.04777638      0.073561331 
    -0.047677872     0.0785953456 
    -0.047579364     0.0836109751 
    -0.047480856     0.0886464495 
    -0.047382348     0.0937382723 
     -0.04728384     0.0988185568 
    -0.047185332       0.10392236 
    -0.047086824      0.109085845 
    -0.046988316      0.114241835 
    -0.046889808      0.119425099 
      -0.0467913      0.124672214 
    -0.046692792      0.129915198 
    -0.046594284      0.135189282 
    -0.046495776      0.140531642 
    -0.046397268      0.145873123 
     -0.04629876        0.1512496 
    -0.046200252      0.156698918 
    -0.046101744      0.162150613 
    -0.046003236      0.167641277 
    -0.045904728      0.173209482 
     -0.04580622      0.178783338 
    -0.045707712      0.184400219 
    -0.045609204      0.190099493 
    -0.045510696      0.195807713 
    -0.045412188      0.201563101 
     -0.04531368        0.2074059 
    -0.045215172      0.213260959 
    -0.045116664       0.21916743 
    -0.045018156      0.225166508 
    -0.044919648      0.231181186 
     -0.04482114      0.237251624 
    -0.044722632      0.243420058 
    -0.044624124      0.249607459 
    -0.044525616      0.255855089 
    -0.044427108      0.262206301 
      -0.0443286      0.268579888 
    -0.044230092      0.275018294 
    -0.044131584      0.281566085 
    -0.044033076        0.2881397 
    -0.043934568      0.294782861 
     -0.04383606      0.301541429 
    -0.043737552      0.308329325 
    -0.043639044      0.315191639 
    -0.043540536      0.322175617 
    -0.043442028      0.329192485 
     -0.04334352      0.336288797 
    -0.043245012      0.343513273 
    -0.043146504      0.350774271 
    -0.043047996      0.358119902 
    -0.042949488      0.365600455 
     -0.04285098      0.373121238 
    -0.042752472      0.380732016 
    -0.042653964      0.388484742 
    -0.042555456      0.396281488 
    -0.042456948      0.404173778 
     -0.04235844      0.412215321 
    -0.042259932      0.420304765 
    -0.042161424      0.428495498 
    -0.042062916      0.436843081 
    -0.041964408      0.445242547 
      -0.0418659       0.45374925 
    -0.041767392      0.462420706 
    -0.041668884      0.471148136 
    -0.041570376      0.479988967 
    -0.041471868      0.489002771 
     -0.04137336      0.498076757 
    -0.041274852      0.507270537 
    -0.041176344      0.516645839 
    -0.041077836      0.526085656 
    -0.040979328      0.535651898 
     -0.04088082      0.545408557 
    -0.040782312      0.555234198 
    -0.040683804      0.565193145 
    -0.040585296      0.575351759 
    -0.040486788      0.585583966 
     -0.04038828      0.595956624 
    -0.040289772      0.606538567 
    -0.040191264      0.617198868 
    -0.040092756      0.628007037 
    -0.039994248      0.639034493 
     -0.03989574      0.650145236 
    -0.039797232      0.661411549 
    -0.039698724      0.672907546 
    -0.039600216      0.684491932 
    -0.039501708      0.696239888 
      -0.0394032      0.708228335 
    -0.039304692      0.720310456 
    -0.039206184      0.732564456 
    -0.039107676      0.745070177 
    -0.039009168      0.757675049 
     -0.03891066      0.770460434 
    -0.038812152      0.783509201 
    -0.038713644      0.796662805 
    -0.038615136      0.810005887 
    -0.038516628      0.823624461 
     -0.03841812      0.837353773 
    -0.038319612      0.851281875 
    -0.038221104      0.865498035 
    -0.038122596      0.879831064 
    -0.038024088      0.894372554 
     -0.03792558      0.909215138 
    -0.037827072      0.924180963 
    -0.037728564      0.939365289 
    -0.037630056      0.954864224 
    -0.037531548      0.970493025 
     -0.03743304       0.98635075 
    -0.037334532       1.00253709 
    -0.037236024       1.01886018 
    -0.037137516       1.03542302 
    -0.037039008       1.05232897 
      -0.0369405       1.06937885 
    -0.036841992       1.08667969 
    -0.036743484       1.10433865 
    -0.036644976       1.12214901 
    -0.036546468       1.14022196 
     -0.03644796       1.15866854 
    -0.036349452        1.1772743 
    -0.036250944       1.19615472 
    -0.036152436       1.21542478 
    -0.036053928       1.23486213 
     -0.03595542       1.25458663 
    -0.035856912       1.27459827 
    -0.035758404       1.29502373 
    -0.035659896       1.31563022 
    -0.035561388        1.3365368 
     -0.03546288       1.35787422 
    -0.035364372       1.37940195 
    -0.035265864       1.40124315 
    -0.035167356       1.42353271 
    -0.035068848       1.44602226 
     -0.03497034        1.4688391 
    -0.034871832       1.49212232 
    -0.034773324        1.5156156 
    -0.034674816       1.53945047 
    -0.034576308       1.56377021 
      -0.0344778       1.58831051 
    -0.034379292       1.61320718 
    -0.034280784       1.63860764 
    -0.034182276       1.66423963 
    -0.034083768        1.6902432 
     -0.03398526       1.71676995 
    -0.033886752       1.74353965 
    -0.033788244       1.77069662 
    -0.033689736       1.79839657 
    -0.033591228       1.82635137 
     -0.03349272       1.85470958 
    -0.033394212       1.88363096 
    -0.033295704        1.9128196 
    -0.033197196       1.94242824 
    -0.033098688       1.97262059 
     -0.03300018       2.00309313 
    -0.032901672        2.0340027 
    -0.032803164       2.06551683 
    -0.032704656       2.09732461 
    -0.032606148       2.12958689 
     -0.03250764       2.16247484 
    -0.032409132       2.19567047 
    -0.032310624       2.22933845 
    -0.032212116       2.26365344 
    -0.032113608       2.29829069 
      -0.0320151       2.33341857 
    -0.031916592       2.36921491 
    -0.031818084        2.4053487 
    -0.031719576       2.44199175 
    -0.031621068       2.47932478 
     -0.03152256       2.51701107 
    -0.031424052       2.55522556 
    -0.031325544       2.59415156 
    -0.031227036       2.63344723 
    -0.031128528       2.67329036 
     -0.03103002       2.71386641 
    -0.030931512       2.75482918 
    -0.030833004       2.79635892 
    -0.030734496       2.83864278 
    -0.030635988       2.88133108 
     -0.03053748       2.92460604 
    -0.030438972       2.96865601 
    -0.030340464       3.01312878 
    -0.030241956       3.05820805 
    -0.030143448       3.10408278 
     -0.03004494       3.15039934 
    -0.029946432       3.19734233 
    -0.029847924       3.24510063 
    -0.029749416       3.29332045 
    -0.029650908       3.34218664 
      -0.0295524       3.39188725 
    -0.029453892       3.44206976 
    -0.029355384        3.4929185 
    -0.029256876       3.54461987 
    -0.029158368       3.59682418 
     -0.02905986       3.64971441 
    -0.028961352       3.70347441 
    -0.028862844       3.75775904 
    -0.028764336       3.81274903 
    -0.028665828       3.86862463 
     -0.02856732       3.92504723 
    -0.028468812       3.98219422 
    -0.028370304       4.04024122 
    -0.028271796       4.09885817 
    -0.028173288       4.15821808 
     -0.02807478       4.21849067 
    -0.027976272        4.2793568 
    -0.027877764        4.3409838 
    -0.027779256       4.40353424 
    -0.027680748       4.46670236 
     -0.02758224       4.53064848 
    -0.027483732       4.59552665 
    -0.027385224       4.66104713 
    -0.027286716       4.72736183 
    -0.027188208       4.79461476 
      -0.0270897       4.86253512 
    -0.026991192       4.93126479 
    -0.026892684        5.0009362 
    -0.026794176       5.07130053 
    -0.026695668       5.14248801 
     -0.02659716       5.21461779 
    -0.026498652       5.28746629 
    -0.026400144       5.36115031 
    -0.026301636       5.43577397 
    -0.026203128       5.51114236 
     -0.02610462         5.587357 
    -0.026006112       5.66450512 
    -0.025907604       5.74242407 
    -0.025809096       5.82119811 
    -0.025710588       5.90089574 
     -0.02561208       5.98139025 
    -0.025513572       6.06274664 
    -0.025415064       6.14501267 
    -0.025316556       6.22810145 
    -0.025218048       6.31205659 
     -0.02511954       6.39690316 
    -0.025021032       6.48259798 
    -0.024922524       6.56916112 
    -0.024824016       6.65659297 
    -0.024725508       6.74489799 
       -0.024627       6.83407056 
    -0.024528492       6.92408437 
    -0.024429984       7.01499549 
    -0.024331476       7.10677043 
    -0.024232968       7.19935421 
     -0.02413446       7.29285844 
    -0.024035952       7.38721954 
    -0.023937444       7.48235198 
    -0.023838936       7.57842673 
    -0.023740428       7.67534801 
     -0.02364192       7.77299792 
    -0.023543412        7.8716104 
    -0.023444904       7.97105548 
    -0.023346396       8.07118117 
    -0.023247888       8.17228783 
     -0.02314938       8.27420933 
    -0.023050872       8.37675811 
    -0.022952364       8.48030402 
    -0.022853856       8.58464307 
    -0.022755348       8.68977526 
     -0.02265684       8.79546916 
    -0.022558332       8.90215488 
    -0.022459824       9.00960789 
    -0.022361316       9.11755726 
    -0.022262808       9.22650637 
      -0.0221643        9.3361927 
    -0.022065792       9.44630507 
    -0.021967284        9.5574216 
    -0.021868776       9.66924092 
    -0.021770268       9.78141128 
     -0.02167176       9.89458631 
    -0.021573252       10.0084253 
    -0.021474744        10.122536 
    -0.021376236       10.2376475 
    -0.021277728       10.3533799 
     -0.02117922       10.4693005 
    -0.021080712       10.5862136 
    -0.020982204       10.7036999 
    -0.020883696       10.8212877 
    -0.020785188       10.9398545 
     -0.02068668       11.0589426 
    -0.020588172       11.1780424 
    -0.020489664       11.2981025 
    -0.020391156       11.4186278 
    -0.020292648       11.5390726 
     -0.02019414       11.6604535 
    -0.020095632       11.7822395 
    -0.019997124       11.9038512 
    -0.019898616       12.0263688 
    -0.019800108       12.1492277 
      -0.0197016       12.2718176 
    -0.019603092        12.395277 
    -0.019504584       12.5190106 
    -0.019406076       12.6423804 
    -0.019307568       12.7665771 
     -0.01920906       12.8909776 
    -0.019110552       13.0149204 
    -0.019012044       13.1396412 
    -0.018913536       13.2644927 
    -0.018815028       13.3887941 
     -0.01871652       13.5138183 
    -0.018618012        13.638898 
    -0.018519504       13.7633375 
    -0.018420996       13.8884385 
    -0.018322488        14.013518 
     -0.01822398       14.1378708 
    -0.018125472       14.2628175 
    -0.018026964       14.3876645 
    -0.017928456       14.5117027 
    -0.017829948       14.6362612 
     -0.01773144       14.7606414 
    -0.017632932        14.884136 
    -0.017534424       15.0080715 
    -0.017435916       15.1317501 
    -0.017337408       15.2544735 
      -0.0172389       15.3775521 
    -0.017140392       15.5002961 
    -0.017041884       15.6220251 
    -0.016943376        15.744016 
    -0.016844868        15.865596 
     -0.01674636       15.9861182 
    -0.016647852       16.1067958 
    -0.016549344       16.2269889 
    -0.016450836       16.3461149 
    -0.016352328       16.4652625 
     -0.01625382       16.5838563 
    -0.016155312       16.7014449 
    -0.016056804       16.8188614 
    -0.015958296       16.9356636 
    -0.015859788       17.0516712 
     -0.01576128       17.1671876 
    -0.015662772       17.2820511 
    -0.015564264       17.3966664 
    -0.015465756       17.5101921 
    -0.015367248       17.6230876 
     -0.01526874       17.7360524 
    -0.015170232       17.8477028 
    -0.015071724       17.9587351 
    -0.014973216       18.0724853 
    -0.014874708       18.1820474 
      -0.0147762       18.2898173 
    -0.014677692       18.3875814 
    -0.014579184       18.4927454 
    -0.014480676       18.5966777 
    -0.014382168       18.6993783 
     -0.01428366       18.8008472 
    -0.014185152       18.9010844 
    -0.014086644       18.9918164 
    -0.013988136       19.0902356 
    -0.013889628       19.1878396 
     -0.01379112       19.2846283 
    -0.013692612       19.3806019 
    -0.013594104       19.4757602 
    -0.013495596       19.5737444 
    -0.013397088        19.666917 
     -0.01329858       19.7591468 
    -0.013200072        19.850434 
    -0.013101564       19.9407784 
    -0.013003056       20.0301801 
    -0.012904548       20.1263075 
     -0.01280604       20.2136326 
    -0.012707532       20.3000296 
    -0.012609024       20.3854986 
    -0.012510516       20.4700394 
    -0.012412008       20.5536522 
      -0.0123135       20.6453419 
    -0.012214992       20.7279148 
    -0.012116484       20.8087415 
    -0.012017976       20.8878218 
    -0.011919468       20.9651558 
     -0.01182096       21.0407435 
    -0.011722452        21.114585 
    -0.011623944       21.1774035 
    -0.011525436       21.2486585 
    -0.011426928       21.3185517 
     -0.01132842       21.3870831 
    -0.011229912       21.4542527 
    -0.011131404       21.5200606 
    -0.011032896       21.5845068 
    -0.010934388       21.6475911 
     -0.01083588       21.7093137 
    -0.010737372       21.7696745 
    -0.010638864       21.8286736 
    -0.010540356       21.8556882 
    -0.010441848       21.9131483 
     -0.01034334       21.9697566 
    -0.010244832       22.0255131 
    -0.010146324       22.0804179 
    -0.010047816       22.1344709 
    -0.009949308       22.1876722 
      -0.0098508       22.2400218 
    -0.009752292       22.2915196 
    -0.009653784       22.3421656 
    -0.009555276         22.39196 
    -0.009456768       22.4409025 
     -0.00935826       22.4977722 
    -0.009259752       22.5447844 
    -0.009161244       22.5908909 
    -0.009062736       22.6360918 
    -0.008964228        22.680387 
     -0.00886572       22.7237765 
    -0.008767212       22.7662604 
    -0.008668704       22.8078386 
    -0.008570196       22.8485112 
    -0.008471688       22.8882781 
     -0.00837318       22.9271393 
    -0.008274672       22.9650949 
    -0.008176164       23.0065817 
    -0.008077656       23.0427251 
    -0.007979148       23.0780802 
     -0.00788064       23.1126468 
    -0.007782132       23.1464251 
    -0.007683624        23.179415 
    -0.007585116       23.2116166 
    -0.007486608       23.2430298 
      -0.0073881       23.2736546 
    -0.007289592        23.303491 
    -0.007191084       23.3325391 
    -0.007092576       23.3607988 
    -0.006994068       23.3883185 
     -0.00689556       23.4151442 
    -0.006797052       23.4413291 
    -0.006698544       23.4668732 
    -0.006600036       23.4917764 
    -0.006501528       23.5160387 
     -0.00640302       23.5396601 
    -0.006304512       23.5626407 
    -0.006206004       23.5849804 
    -0.006107496       23.6066793 
    -0.006008988       23.6277373 
     -0.00591048       23.6481544 
    -0.005811972       23.6666939 
    -0.005713464        23.685963 
    -0.005614956       23.7047239 
    -0.005516448       23.7229765 
     -0.00541794       23.7407208 
    -0.005319432       23.7579568 
    -0.005220924       23.7746845 
    -0.005122416        23.790904 
    -0.005023908       23.8066151 
      -0.0049254       23.8218179 
    -0.004826892       23.8365124 
    -0.004728384       23.8506986 
    -0.004629876       23.8633684 
    -0.004531368        23.876669 
     -0.00443286       23.8895751 
    -0.004334352       23.9020865 
    -0.004235844       23.9142033 
    -0.004137336       23.9259254 
    -0.004038828       23.9372529 
     -0.00394032       23.9481858 
    -0.003841812       23.9587241 
    -0.003743304       23.9688677 
    -0.003644796       23.9786167 
    -0.003546288        23.987971 
     -0.00344778       23.9963049 
    -0.003349272       24.0049853 
    -0.003250764       24.0133589 
    -0.003152256        24.021426 
    -0.003053748       24.0291865 
     -0.00295524       24.0366404 
    -0.002856732       24.0437877 
    -0.002758224       24.0506284 
    -0.002659716       24.0571625 
    -0.002561208         24.06339 
      -0.0024627       24.0693108 
    -0.002364192       24.0749251 
    -0.002265684       24.0782764 
    -0.002167176       24.0833046 
    -0.002068668       24.0881094 
     -0.00197016       24.0926907 
    -0.001871652       24.0970485 
    -0.001773144       24.1011828 
    -0.001674636       24.1050937 
    -0.001576128        24.108781 
     -0.00147762       24.1122449 
    -0.001379112       24.1154853 
    -0.001280604       24.1185023 
    -0.001182096       24.1212957 
    -0.001083588       24.1260597 
     -0.00098508       24.1283365 
    -0.000886572       24.1303965 
    -0.000788064       24.1322397 
    -0.000689556        24.133866 
    -0.000591048       24.1352755 
     -0.00049254       24.1364681 
    -0.000394032       24.1374439 
    -0.000295524       24.1382029 
    -0.000197016        24.138745 
     -9.8508e-05       24.1390702 
               0       24.1391787 
      9.8508e-05       24.1390702 
     0.000197016        24.138745 
     0.000295524       24.1382029 
     0.000394032       24.1374439 
      0.00049254       24.1364681 
     0.000591048       24.1352755 
     0.000689556        24.133866 
     0.000788064       24.1322397 
     0.000886572       24.1303965 
      0.00098508       24.1283365 
     0.001083588       24.1260597 
     0.001182096       24.1212957 
     0.001280604       24.1185023 
     0.001379112       24.1154853 
      0.00147762       24.1122449 
     0.001576128        24.108781 
     0.001674636       24.1050937 
     0.001773144       24.1011828 
     0.001871652       24.0970485 
      0.00197016       24.0926907 
     0.002068668       24.0881094 
     0.002167176       24.0833046 
     0.002265684       24.0782764 
     0.002364192       24.0749251 
       0.0024627       24.0693108 
     0.002561208         24.06339 
     0.002659716       24.0571625 
     0.002758224       24.0506284 
     0.002856732       24.0437877 
      0.00295524       24.0366404 
     0.003053748       24.0291865 
     0.003152256        24.021426 
     0.003250764       24.0133589 
     0.003349272       24.0049853 
      0.00344778       23.9963049 
     0.003546288        23.987971 
     0.003644796       23.9786167 
     0.003743304       23.9688677 
     0.003841812       23.9587241 
      0.00394032       23.9481858 
     0.004038828       23.9372529 
     0.004137336       23.9259254 
     0.004235844       23.9142033 
     0.004334352       23.9020865 
      0.00443286       23.8895751 
     0.004531368        23.876669 
     0.004629876       23.8633684 
     0.004728384       23.8506986 
     0.004826892       23.8365124 
       0.0049254       23.8218179 
     0.005023908       23.8066151 
     0.005122416        23.790904 
     0.005220924       23.7746845 
     0.005319432       23.7579568 
      0.00541794       23.7407208 
     0.005516448       23.7229765 
     0.005614956       23.7047239 
     0.005713464        23.685963 
     0.005811972       23.6666939 
      0.00591048       23.6481544 
     0.006008988       23.6277373 
     0.006107496       23.6066793 
     0.006206004       23.5849804 
     0.006304512       23.5626407 
      0.00640302       23.5396601 
     0.006501528       23.5160387 
     0.006600036       23.4917764 
     0.006698544       23.4668732 
     0.006797052       23.4413291 
      0.00689556       23.4151442 
     0.006994068       23.3883185 
     0.007092576       23.3607988 
     0.007191084       23.3325391 
     0.007289592        23.303491 
       0.0073881       23.2736546 
     0.007486608       23.2430298 
     0.007585116       23.2116166 
     0.007683624        23.179415 
     0.007782132       23.1464251 
      0.00788064       23.1126468 
     0.007979148       23.0780802 
     0.008077656       23.0427251 
     0.008176164       23.0065817 
     0.008274672       22.9650949 
      0.00837318       22.9271393 
     0.008471688       22.8882781 
     0.008570196       22.8485112 
     0.008668704       22.8078386 
     0.008767212       22.7662604 
      0.00886572       22.7237765 
     0.008964228        22.680387 
     0.009062736       22.6360918 
     0.009161244       22.5908909 
     0.009259752       22.5447844 
      0.00935826       22.4977722 
     0.009456768       22.4409025 
     0.009555276         22.39196 
     0.009653784       22.3421656 
     0.009752292       22.2915196 
       0.0098508       22.2400218 
     0.009949308       22.1876722 
     0.010047816       22.1344709 
     0.010146324       22.0804179 
     0.010244832       22.0255131 
      0.01034334       21.9697566 
     0.010441848       21.9131483 
     0.010540356       21.8556882 
     0.010638864       21.8286736 
     0.010737372       21.7696745 
      0.01083588       21.7093137 
     0.010934388       21.6475911 
     0.011032896       21.5845068 
     0.011131404       21.5200606 
     0.011229912       21.4542527 
      0.01132842       21.3870831 
     0.011426928       21.3185517 
     0.011525436       21.2486585 
     0.011623944       21.1774035 
     0.011722452        21.114585 
      0.01182096       21.0407435 
     0.011919468       20.9651558 
     0.012017976       20.8878218 
     0.012116484       20.8087415 
     0.012214992       20.7279148 
       0.0123135       20.6453419 
     0.012412008       20.5536522 
     0.012510516       20.4700394 
     0.012609024       20.3854986 
     0.012707532       20.3000296 
      0.01280604       20.2136326 
     0.012904548       20.1263075 
     0.013003056       20.0301801 
     0.013101564       19.9407784 
     0.013200072        19.850434 
      0.01329858       19.7591468 
     0.013397088        19.666917 
     0.013495596       19.5737444 
     0.013594104       19.4757602 
     0.013692612       19.3806019 
      0.01379112       19.2846283 
     0.013889628       19.1878396 
     0.013988136       19.0902356 
     0.014086644       18.9918164 
     0.014185152       18.9010844 
      0.01428366       18.8008472 
     0.014382168       18.6993783 
     0.014480676       18.5966777 
     0.014579184       18.4927454 
     0.014677692       18.3875814 
       0.0147762       18.2898173 
     0.014874708       18.1820474 
     0.014973216       18.0724853 
     0.015071724       17.9587351 
     0.015170232       17.8477028 
      0.01526874       17.7360524 
     0.015367248       17.6230876 
     0.015465756       17.5101921 
     0.015564264       17.3966664 
     0.015662772       17.2820511 
      0.01576128       17.1671876 
     0.015859788       17.0516712 
     0.015958296       16.9356636 
     0.016056804       16.8188614 
     0.016155312       16.7014449 
      0.01625382       16.5838563 
     0.016352328       16.4652625 
     0.016450836       16.3461149 
     0.016549344       16.2269889 
     0.016647852       16.1067958 
      0.01674636       15.9861182 
     0.016844868        15.865596 
     0.016943376        15.744016 
     0.017041884       15.6220251 
     0.017140392       15.5002961 
       0.0172389       15.3775521 
     0.017337408       15.2544735 
     0.017435916       15.1317501 
     0.017534424       15.0080715 
     0.017632932        14.884136 
      0.01773144       14.7606414 
     0.017829948       14.6362612 
     0.017928456       14.5117027 
     0.018026964       14.3876645 
     0.018125472       14.2628175 
      0.01822398       14.1378708 
     0.018322488        14.013518 
     0.018420996       13.8884385 
     0.018519504       13.7633375 
     0.018618012        13.638898 
      0.01871652       13.5138183 
     0.018815028       13.3887941 
     0.018913536       13.2644927 
     0.019012044       13.1396412 
     0.019110552       13.0149204 
      0.01920906       12.8909776 
     0.019307568       12.7665771 
     0.019406076       12.6423804 
     0.019504584       12.5190106 
     0.019603092        12.395277 
       0.0197016       12.2718176 
     0.019800108       12.1492277 
     0.019898616       12.0263688 
     0.019997124       11.9038512 
     0.020095632       11.7822395 
      0.02019414       11.6604535 
     0.020292648       11.5390726 
     0.020391156       11.4186278 
     0.020489664       11.2981025 
     0.020588172       11.1780424 
      0.02068668       11.0589426 
     0.020785188       10.9398545 
     0.020883696       10.8212877 
     0.020982204       10.7036999 
     0.021080712       10.5862136 
      0.02117922       10.4693005 
     0.021277728       10.3533799 
     0.021376236       10.2376475 
     0.021474744        10.122536 
     0.021573252       10.0084253 
      0.02167176       9.89458631 
     0.021770268       9.78141128 
     0.021868776       9.66924092 
     0.021967284        9.5574216 
     0.022065792       9.44630507 
       0.0221643        9.3361927 
     0.022262808       9.22650637 
     0.022361316       9.11755726 
     0.022459824       9.00960789 
     0.022558332       8.90215488 
      0.02265684       8.79546916 
     0.022755348       8.68977526 
     0.022853856       8.58464307 
     0.022952364       8.48030402 
     0.023050872       8.37675811 
      0.02314938       8.27420933 
     0.023247888       8.17228783 
     0.023346396       8.07118117 
     0.023444904       7.97105548 
     0.023543412        7.8716104 
      0.02364192       7.77299792 
     0.023740428       7.67534801 
     0.023838936       7.57842673 
     0.023937444       7.48235198 
     0.024035952       7.38721954 
      0.02413446       7.29285844 
     0.024232968       7.19935421 
     0.024331476       7.10677043 
     0.024429984       7.01499549 
     0.024528492       6.92408437 
        0.024627       6.83407056 
     0.024725508       6.74489799 
     0.024824016       6.65659297 
     0.024922524       6.56916112 
     0.025021032       6.48259798 
      0.02511954       6.39690316 
     0.025218048       6.31205659 
     0.025316556       6.22810145 
     0.025415064       6.14501267 
     0.025513572       6.06274664 
      0.02561208       5.98139025 
     0.025710588       5.90089574 
     0.025809096       5.82119811 
     0.025907604       5.74242407 
     0.026006112       5.66450512 
      0.02610462         5.587357 
     0.026203128       5.51114236 
     0.026301636       5.43577397 
     0.026400144       5.36115031 
     0.026498652       5.28746629 
      0.02659716       5.21461779 
     0.026695668       5.14248801 
     0.026794176       5.07130053 
     0.026892684        5.0009362 
     0.026991192       4.93126479 
       0.0270897       4.86253512 
     0.027188208       4.79461476 
     0.027286716       4.72736183 
     0.027385224       4.66104713 
     0.027483732       4.59552665 
      0.02758224       4.53064848 
     0.027680748       4.46670236 
     0.027779256       4.40353424 
     0.027877764        4.3409838 
     0.027976272        4.2793568 
      0.02807478       4.21849067 
     0.028173288       4.15821808 
     0.028271796       4.09885817 
     0.028370304       4.04024122 
     0.028468812       3.98219422 
      0.02856732       3.92504723 
     0.028665828       3.86862463 
     0.028764336       3.81274903 
     0.028862844       3.75775904 
     0.028961352       3.70347441 
      0.02905986       3.64971441 
     0.029158368       3.59682418 
     0.029256876       3.54461987 
     0.029355384        3.4929185 
     0.029453892       3.44206976 
       0.0295524       3.39188725 
     0.029650908       3.34218664 
     0.029749416       3.29332045 
     0.029847924       3.24510063 
     0.029946432       3.19734233 
      0.03004494       3.15039934 
     0.030143448       3.10408278 
     0.030241956       3.05820805 
     0.030340464       3.01312878 
     0.030438972       2.96865601 
      0.03053748       2.92460604 
     0.030635988       2.88133108 
     0.030734496       2.83864278 
     0.030833004       2.79635892 
     0.030931512       2.75482918 
      0.03103002       2.71386641 
     0.031128528       2.67329036 
     0.031227036       2.63344723 
     0.031325544       2.59415156 
     0.031424052       2.55522556 
      0.03152256       2.51701107 
     0.031621068       2.47932478 
     0.031719576       2.44199175 
     0.031818084        2.4053487 
     0.031916592       2.36921491 
       0.0320151       2.33341857 
     0.032113608       2.29829069 
     0.032212116       2.26365344 
     0.032310624       2.22933845 
     0.032409132       2.19567047 
      0.03250764       2.16247484 
     0.032606148       2.12958689 
     0.032704656       2.09732461 
     0.032803164       2.06551683 
     0.032901672        2.0340027 
      0.03300018       2.00309313 
     0.033098688       1.97262059 
     0.033197196       1.94242824 
     0.033295704        1.9128196 
     0.033394212       1.88363096 
      0.03349272       1.85470958 
     0.033591228       1.82635137 
     0.033689736       1.79839657 
     0.033788244       1.77069662 
     0.033886752       1.74353965 
      0.03398526       1.71676995 
     0.034083768        1.6902432 
     0.034182276       1.66423963 
     0.034280784       1.63860764 
     0.034379292       1.61320718 
       0.0344778       1.58831051 
     0.034576308       1.56377021 
     0.034674816       1.53945047 
     0.034773324        1.5156156 
     0.034871832       1.49212232 
      0.03497034        1.4688391 
     0.035068848       1.44602226 
     0.035167356       1.42353271 
     0.035265864       1.40124315 
     0.035364372       1.37940195 
      0.03546288       1.35787422 
     0.035561388        1.3365368 
     0.035659896       1.31563022 
     0.035758404       1.29502373 
     0.035856912       1.27459827 
      0.03595542       1.25458663 
     0.036053928       1.23486213 
     0.036152436       1.21542478 
     0.036250944       1.19615472 
     0.036349452        1.1772743 
      0.03644796       1.15866854 
     0.036546468       1.14022196 
     0.036644976       1.12214901 
     0.036743484       1.10433865 
     0.036841992       1.08667969 
       0.0369405       1.06937885 
     0.037039008       1.05232897 
     0.037137516       1.03542302 
     0.037236024       1.01886018 
     0.037334532       1.00253709 
      0.03743304       0.98635075 
     0.037531548      0.970493025 
     0.037630056      0.954864224 
     0.037728564      0.939365289 
     0.037827072      0.924180963 
      0.03792558      0.909215138 
     0.038024088      0.894372554 
     0.038122596      0.879831064 
     0.038221104      0.865498035 
     0.038319612      0.851281875 
      0.03841812      0.837353773 
     0.038516628      0.823624461 
     0.038615136      0.810005887 
     0.038713644      0.796662805 
     0.038812152      0.783509201 
      0.03891066      0.770460434 
     0.039009168      0.757675049 
     0.039107676      0.745070177 
     0.039206184      0.732564456 
     0.039304692      0.720310456 
       0.0394032      0.708228335 
     0.039501708      0.696239888 
     0.039600216      0.684491932 
     0.039698724      0.672907546 
     0.039797232      0.661411549 
      0.03989574      0.650145236 
     0.039994248      0.639034493 
     0.040092756      0.628007037 
     0.040191264      0.617198868 
     0.040289772      0.606538567 
      0.04038828      0.595956624 
     0.040486788      0.585583966 
     0.040585296      0.575351759 
     0.040683804      0.565193145 
     0.040782312      0.555234198 
      0.04088082      0.545408557 
     0.040979328      0.535651898 
     0.041077836      0.526085656 
     0.041176344      0.516645839 
     0.041274852      0.507270537 
      0.04137336      0.498076757 
     0.041471868      0.489002771 
     0.041570376      0.479988967 
     0.041668884      0.471148136 
     0.041767392      0.462420706 
       0.0418659       0.45374925 
     0.041964408      0.445242547 
     0.042062916      0.436843081 
     0.042161424      0.428495498 
     0.042259932      0.420304765 
      0.04235844      0.412215321 
     0.042456948      0.404173778 
     0.042555456      0.396281488 
     0.042653964      0.388484742 
     0.042752472      0.380732016 
      0.04285098      0.373121238 
     0.042949488      0.365600455 
     0.043047996      0.358119902 
     0.043146504      0.350774271 
     0.043245012      0.343513273 
      0.04334352      0.336288797 
     0.043442028      0.329192485 
     0.043540536      0.322175617 
     0.043639044      0.315191639 
     0.043737552      0.308329325 
      0.04383606      0.301541429 
     0.043934568      0.294782861 
     0.044033076        0.2881397 
     0.044131584      0.281566085 
     0.044230092      0.275018294 
       0.0443286      0.268579888 
     0.044427108      0.262206301 
     0.044525616      0.255855089 
     0.044624124      0.249607459 
     0.044722632      0.243420058 
      0.04482114      0.237251624 
     0.044919648      0.231181186 
     0.045018156      0.225166508 
     0.045116664       0.21916743 
     0.045215172      0.213260959 
      0.04531368        0.2074059 
     0.045412188      0.201563101 
     0.045510696      0.195807713 
     0.045609204      0.190099493 
     0.045707712      0.184400219 
      0.04580622      0.178783338 
     0.045904728      0.173209482 
     0.046003236      0.167641277 
     0.046101744      0.162150613 
     0.046200252      0.156698918 
      0.04629876        0.1512496 
     0.046397268      0.145873123 
     0.046495776      0.140531642 
     0.046594284      0.135189282 
     0.046692792      0.129915198 
       0.0467913      0.124672214 
     0.046889808      0.119425099 
     0.046988316      0.114241835 
     0.047086824      0.109085845 
     0.047185332       0.10392236 
      0.04728384     0.0988185568 
     0.047382348     0.0937382723 
     0.047480856     0.0886464495 
     0.047579364     0.0836109751 
     0.047677872     0.0785953456 
      0.04777638      0.073561331 
     0.047874888     0.0685833443 
     0.047973396     0.0636216522 
     0.048071904     0.0586259454 
     0.048170412     0.0536949413 
      0.04826892     0.0487770991 
     0.048367428     0.0439268657 
     0.048465936     0.0390461028 
     0.048564444       0.03416534 
     0.048662952     0.0291868022 
      0.04876146     0.0243223351 
     0.048859968     0.0194578681 
     0.048958476     0.0145216544 
     0.049056984    0.00968110296 
     0.049155492    0.00484055148 
        0.049254                0 
