      -0.0508405    1.7815788e-14 
    -0.050738819    0.00433957073 
    -0.050637138    0.00867914146 
    -0.050535457     0.0130831162 
    -0.050433776      0.017444155 
    -0.050332095     0.0218051937 
    -0.050230414     0.0262540544 
    -0.050128733     0.0306297301 
    -0.050027052     0.0350054059 
    -0.049925371     0.0393382501 
     -0.04982369     0.0437389535 
    -0.049722009     0.0481518595 
    -0.049620328     0.0526208054 
    -0.049518647     0.0570603271 
    -0.049416966     0.0615149577 
    -0.049315285     0.0660181858 
    -0.049213604     0.0705059344 
    -0.049111923      0.075012085 
    -0.049010242      0.079567461 
    -0.048908561     0.0841136287 
     -0.04880688     0.0886816061 
    -0.048705199     0.0933020851 
    -0.048603518     0.0979172074 
    -0.048501837      0.102557623 
    -0.048400156      0.107254569 
    -0.048298475       0.11194942 
    -0.048196794      0.116673113 
    -0.048095113      0.121457618 
    -0.047993432      0.126243182 
    -0.047891751      0.131061204 
     -0.04779007      0.135944472 
    -0.047688389      0.140831947 
    -0.047586708      0.145755566 
    -0.047485027      0.150749018 
    -0.047383346      0.155749831 
    -0.047281665      0.160790552 
    -0.047179984      0.165905859 
    -0.047078303      0.171031688 
    -0.046976622      0.176201272 
    -0.046874941      0.181450381 
     -0.04677326      0.186713179 
    -0.046671579      0.192023672 
    -0.046569898      0.197418828 
    -0.046468217       0.20283085 
    -0.046366536      0.208330433 
    -0.046264855       0.21384838 
    -0.046163174       0.21942221 
    -0.046061493      0.225088805 
    -0.045959812      0.230777233 
    -0.045858131      0.236525812 
     -0.04575645      0.242372579 
    -0.045654769      0.248244688 
    -0.045553088       0.25418134 
    -0.045451407      0.260221835 
    -0.045349726      0.266291228 
    -0.045248045      0.272429694 
    -0.045146364        0.2786779 
    -0.045044683      0.284958614 
    -0.044943002      0.291313074 
    -0.044841321      0.297783432 
     -0.04473964      0.304289968 
    -0.044637959      0.310875076 
    -0.044536278      0.317582513 
    -0.044434597      0.324329863 
    -0.044332916      0.331160779 
    -0.044231235      0.338120738 
    -0.044129554      0.345124423 
    -0.044027873      0.352216838 
    -0.043926192      0.359445315 
    -0.043824511      0.366721408 
     -0.04372283      0.374091581 
    -0.043621149      0.381605152 
    -0.043519468      0.389170318 
    -0.043417787      0.396835105 
    -0.043316106      0.404650962 
    -0.043214425      0.412522486 
    -0.043112744      0.420499378 
    -0.043011063      0.428635362 
    -0.042909382      0.436831185 
    -0.042807701      0.445138336 
     -0.04270602      0.453612973 
    -0.042604339      0.462151725 
    -0.042502658      0.470807992 
    -0.042400977      0.479640525 
    -0.042299296      0.488541563 
    -0.042197615      0.497624137 
    -0.042095934      0.506776967 
    -0.041994253      0.516060407 
    -0.041892572      0.525534355 
    -0.041790891      0.535083571 
     -0.04168921      0.544770328 
    -0.041587529      0.554656966 
    -0.041485848      0.564624045 
    -0.041384167      0.574735869 
    -0.041282486      0.585057365 
    -0.041180805      0.595464648 
    -0.041079124      0.606024161 
    -0.040977443      0.616803573 
    -0.040875762      0.627674299 
    -0.040774081      0.638705035 
      -0.0406724      0.649966352 
    -0.040570719      0.661324698 
    -0.040469038       0.67285114 
    -0.040367357       0.68461932 
    -0.040265676      0.696490438 
    -0.040163995       0.70853806 
    -0.040062314      0.720839068 
    -0.039960633      0.733249128 
    -0.039858952      0.745844433 
    -0.039757271       0.75870528 
     -0.03965559      0.771681509 
    -0.039553909      0.784852066 
    -0.039452228      0.798300853 
    -0.039350547      0.811871574 
    -0.039248866       0.82564606 
    -0.039147185      0.839712014 
    -0.039045504      0.853906682 
    -0.038943823      0.868314924 
    -0.038842142      0.883028437 
    -0.038740461      0.897877683 
     -0.03863878      0.912950692 
    -0.038537099       0.92834336 
    -0.038435418      0.943879027 
    -0.038333737       0.95964904 
    -0.038232056        0.9757537 
    -0.038130375      0.992008883 
    -0.038028694        1.0085094 
    -0.037927013       1.02536016 
    -0.037825332       1.04236924 
    -0.037723651       1.05973724 
     -0.03762197       1.07726736 
    -0.037520289       1.09506604 
    -0.037418608       1.11323938 
    -0.037316927       1.13158389 
    -0.037215246       1.15020922 
    -0.037113565       1.16922555 
    -0.037011884       1.18842246 
    -0.036910203       1.20791289 
    -0.036808522       1.22781125 
    -0.036706841       1.24789995 
     -0.03660516       1.26829533 
    -0.036503479       1.28911619 
    -0.036401798       1.31013751 
    -0.036300117       1.33147914 
    -0.036198436        1.3532644 
    -0.036096755       1.37526063 
    -0.035995074       1.39759127 
    -0.035893393       1.42038428 
    -0.035791712       1.44339919 
    -0.035690031       1.46676306 
     -0.03558835       1.49060867 
    -0.035486669        1.5146875 
    -0.035384988       1.53913031 
    -0.035283307       1.56407483 
    -0.035181626        1.5892643 
    -0.035079945       1.61483327 
    -0.034978264        1.6409245 
    -0.034876583       1.66727284 
    -0.034774902       1.69401665 
    -0.034673221       1.72130386 
     -0.03457154       1.74886078 
    -0.034469859       1.77682961 
    -0.034368178       1.80536352 
    -0.034266497       1.83418018 
    -0.034164816       1.86342566 
    -0.034063135       1.89325842 
    -0.033961454       1.92338744 
    -0.033859773       1.95396264 
    -0.033758092        1.9851478 
    -0.033656411       2.01664318 
     -0.03355473       2.04876011 
    -0.033453049       2.08119501 
    -0.033351368       2.11411213 
    -0.033249687       2.14767271 
    -0.033148006       2.18156738 
    -0.033046325       2.21596288 
    -0.032944644       2.25102405 
    -0.032842963       2.28643599 
    -0.032741282       2.32236775 
    -0.032639601        2.3589876 
     -0.03253792       2.39597545 
    -0.032436239       2.43350245 
    -0.032334558       2.47174009 
    -0.032232877       2.51036353 
    -0.032131196       2.54954576 
    -0.032029515       2.58946123 
    -0.031927834       2.62978087 
    -0.031826153       2.67067919 
    -0.031724472        2.7123333 
    -0.031622791        2.7544105 
     -0.03152111       2.79708649 
    -0.031419429       2.84054064 
    -0.031317748       2.88443737 
    -0.031216067       2.92895312 
    -0.031114386       2.97426912 
    -0.031012705       3.02004774 
    -0.030911024       3.06646571 
    -0.030809343       3.11370556 
    -0.030707662        3.1614286 
    -0.030605981       3.20981133 
      -0.0305043       3.25903698 
    -0.030402619        3.3087669 
    -0.030300938       3.35917677 
    -0.030199257        3.4104498 
    -0.030097576       3.46224871 
    -0.029995895       3.51474766 
    -0.029894214       3.56812903 
    -0.029792533       3.62205836 
    -0.029690852       3.67670754 
    -0.029589171        3.7322572 
     -0.02948749       3.78837737 
    -0.029385809       3.84523681 
    -0.029284128       3.90301336 
    -0.029182447       3.96138337 
    -0.029080766       4.02067121 
    -0.028979085       4.08057181 
    -0.028877404       4.14124886 
    -0.028775723       4.20285577 
    -0.028674042       4.26510086 
    -0.028572361       4.32813988 
     -0.02847068       4.39211872 
    -0.028368999       4.45676142 
    -0.028267318       4.52221455 
    -0.028165637       4.58861516 
    -0.028063956       4.65570543 
    -0.027962275       4.72362152 
    -0.027860594       4.79249014 
    -0.027758913       4.86207429 
    -0.027657232       4.93249834 
    -0.027555551       5.00387704 
     -0.02745387       5.07599708 
    -0.027352189        5.1489696 
    -0.027250508       5.22289568 
    -0.027148827       5.29758873 
    -0.027047146       5.37314514 
    -0.026945465       5.44965047 
    -0.026843784       5.52694808 
    -0.026742103       5.60511803 
    -0.026640422       5.68422838 
    -0.026538741       5.76415587 
     -0.02643706       5.84496253 
    -0.026335379       5.92669687 
    -0.026233698       6.00927259 
    -0.026132017       6.09273196 
    -0.026030336       6.17710177 
    -0.025928655       6.26233638 
    -0.025826974       6.34845655 
    -0.025725293       6.43546504 
    -0.025623612       6.52336079 
    -0.025521931       6.61214118 
     -0.02542025       6.70178264 
    -0.025318569       6.79233259 
    -0.025216888       6.88376323 
    -0.025115207       6.97602222 
    -0.025013526       7.06920955 
    -0.024911845       7.16318651 
    -0.024810164       7.25812103 
    -0.024708483       7.35391826 
    -0.024606802       7.45046367 
    -0.024505121       7.54798373 
     -0.02440344       7.64635208 
    -0.024301759       7.74542169 
    -0.024200078       7.84548043 
    -0.024098397       7.94636912 
    -0.023996716       8.04790659 
    -0.023895035       8.15044474 
    -0.023793354       8.25379042 
    -0.023691673       8.35772679 
    -0.023589992       8.46267212 
    -0.023488311       8.56839832 
     -0.02338663       8.67465153 
    -0.023284949       8.78191838 
    -0.023183268       8.88993509 
    -0.023081587       8.99840957 
    -0.022979906       9.10789847 
    -0.022878225       9.21810176 
    -0.022776544        9.3286882 
    -0.022674863        9.4402856 
    -0.022573182       9.55255741 
    -0.022471501       9.66513257 
     -0.02236982        9.7787107 
    -0.022268139       9.89291874 
    -0.022166458       10.0073455 
    -0.022064777       10.1227623 
    -0.021963096       10.2387601 
    -0.021861415       10.3548874 
    -0.021759734        10.471987 
    -0.021658053       10.5896141 
    -0.021556372       10.7072776 
    -0.021454691       10.8258901 
     -0.02135301       10.9449723 
    -0.021251329       11.0639944 
    -0.021149648       11.1839368 
    -0.021047967       11.3042872 
    -0.020946286       11.4244781 
    -0.020844605       11.5455548 
    -0.020742924       11.6669739 
    -0.020641243       11.7881321 
    -0.020539562        11.910136 
    -0.020437881       12.0318141 
      -0.0203362       12.1543266 
    -0.020234519       12.2770398 
    -0.020132838       12.3993316 
    -0.020031157       12.5224014 
    -0.019929476       12.6455967 
    -0.019827795       12.7682759 
    -0.019726114       12.8916702 
    -0.019624433       13.0151128 
    -0.019522752       13.1379459 
    -0.019421071       13.2614252 
     -0.01931939       13.3848737 
    -0.019217709        13.507622 
    -0.019116028       13.6309418 
    -0.019014347       13.7541504 
    -0.018912666       13.8765717 
    -0.018810985       13.9994842 
    -0.018709304       14.1222046 
    -0.018607623       14.2440552 
    -0.018505942       14.3663116 
    -0.018404261        14.488295 
     -0.01830258       14.6093324 
    -0.018200899       14.7306847 
    -0.018099218       14.8516839 
    -0.017997537       14.9716702 
    -0.017895856       15.0918737 
    -0.017794175       15.2116456 
    -0.017692494       15.3303537 
    -0.017590813       15.4491696 
    -0.017489132       15.5674781 
    -0.017387451        15.684704 
     -0.01728577       15.8019034 
    -0.017184089       15.9185244 
    -0.017082408       16.0341118 
    -0.016980727       16.1494844 
    -0.016879046       16.2642162 
    -0.016777365       16.3781071 
    -0.016675684       16.4914821 
    -0.016574003        16.604176 
    -0.016472322       16.7165465 
    -0.016370641       16.8278579 
     -0.01626896       16.9391618 
    -0.016167279       17.0491653 
    -0.016065598       17.1585216 
    -0.015963917       17.2702454 
    -0.015862236        17.378418 
    -0.015760555       17.4847509 
    -0.015658874       17.5812497 
    -0.015557193        17.684761 
    -0.015455512       17.7870008 
    -0.015353831       17.8879692 
     -0.01525215       17.9876663 
    -0.015150469       18.0860919 
    -0.015048788       18.1753539 
    -0.014947107       18.2718652 
    -0.014845426       18.3675265 
    -0.014743745       18.4623378 
    -0.014642064       18.5562991 
    -0.014540383       18.6494104 
    -0.014438702       18.7450576 
    -0.014337021       18.8360958 
     -0.01423534       18.9261533 
    -0.014133659       19.0152302 
    -0.014031978       19.1033264 
    -0.013930297       19.1904419 
    -0.013828616       19.2837033 
    -0.013726935       19.3686729 
    -0.013625254       19.4526723 
    -0.013523573       19.5357013 
    -0.013421892       19.6177601 
    -0.013320211       19.6988487 
     -0.01321853         19.78757 
    -0.013116849       19.8670525 
    -0.013015168        19.944759 
    -0.012913487       20.0206896 
    -0.012811806       20.0948443 
    -0.012710125       20.1672232 
    -0.012608444       20.2295117 
    -0.012506763       20.2991827 
    -0.012405082        20.367451 
    -0.012303401       20.4343164 
     -0.01220172       20.4997789 
    -0.012100039       20.5638387 
    -0.011998358       20.6264956 
    -0.011896677       20.6877497 
    -0.011794996        20.747601 
    -0.011693315       20.8060495 
    -0.011591634       20.8630951 
    -0.011489953       20.8908445 
    -0.011388272       20.9463955 
    -0.011286591       21.0010611 
     -0.01118491       21.0548413 
    -0.011083229        21.107736 
    -0.010981548       21.1597454 
    -0.010879867       21.2108693 
    -0.010778186       21.2611079 
    -0.010676505        21.310461 
    -0.010574824       21.3589287 
    -0.010473143        21.406511 
    -0.010371462       21.4532078 
    -0.010269781       21.5067407 
      -0.0101681       21.5514107 
    -0.010066419       21.5951467 
    -0.009964738       21.6379487 
    -0.009863057       21.6798166 
    -0.009761376       21.7207506 
    -0.009659695       21.7607505 
    -0.009558014       21.7998164 
    -0.009456333       21.8379482 
    -0.009354652        21.875146 
    -0.009252971       21.9114098 
     -0.00915129       21.9510891 
    -0.009049609       21.9855419 
    -0.008947928       22.0191828 
    -0.008846247       22.0520118 
    -0.008744566       22.0840289 
    -0.008642885        22.115234 
    -0.008541204       22.1456272 
    -0.008439523       22.1752084 
    -0.008337842       22.2039778 
    -0.008236161       22.2319351 
     -0.00813448       22.2590806 
    -0.008032799       22.2854599 
    -0.007931118       22.3111245 
    -0.007829437       22.3361321 
    -0.007727756       22.3604825 
    -0.007626075       22.3841759 
    -0.007524394       22.4072122 
    -0.007422713       22.4295913 
    -0.007321032       22.4513134 
    -0.007219351       22.4723784 
     -0.00711767       22.4927864 
    -0.007015989       22.5125372 
    -0.006914308       22.5316309 
    -0.006812627       22.5489726 
    -0.006710946         22.56697 
    -0.006609265       22.5844529 
    -0.006507584       22.6014213 
    -0.006405903       22.6178751 
    -0.006304222       22.6338144 
    -0.006202541       22.6492392 
     -0.00610086       22.6641495 
    -0.005999179       22.6785453 
    -0.005897498       22.6924265 
    -0.005795817       22.7057933 
    -0.005694136       22.7176786 
    -0.005592455       22.7301711 
    -0.005490774       22.7422757 
    -0.005389093       22.7539926 
    -0.005287412       22.7653217 
    -0.005185731        22.776263 
     -0.00508405       22.7868166 
    -0.004982369       22.7969823 
    -0.004880688       22.8067603 
    -0.004779007       22.8161506 
    -0.004677326        22.825153 
    -0.004575645       22.8329744 
    -0.004473964        22.841297 
    -0.004372283       22.8493365 
    -0.004270602       22.8570926 
    -0.004168921       22.8645655 
     -0.00406724       22.8717552 
    -0.003965559       22.8786616 
    -0.003863878       22.8852848 
    -0.003762197       22.8916247 
    -0.003660516       22.8976814 
    -0.003558835       22.9034548 
    -0.003457154        22.908945 
    -0.003355473       22.9136792 
    -0.003253792       22.9187319 
    -0.003152111       22.9235806 
     -0.00305043       22.9282252 
    -0.002948749       22.9326656 
    -0.002847068       22.9369021 
    -0.002745387       22.9409344 
    -0.002643706       22.9447626 
    -0.002542025       22.9483868 
    -0.002440344       22.9518069 
    -0.002338663       22.9550229 
    -0.002236982       22.9561315 
    -0.002135301       22.9589562 
     -0.00203362       22.9616495 
    -0.001931939       22.9642114 
    -0.001830258       22.9666419 
    -0.001728577        22.968941 
    -0.001626896       22.9711088 
    -0.001525215       22.9731452 
    -0.001423534       22.9750502 
    -0.001321853       22.9768238 
    -0.001220172        22.978466 
    -0.001118491        22.981567 
     -0.00101681       22.9828642 
    -0.000915129       22.9840379 
    -0.000813448       22.9850881 
    -0.000711767       22.9860146 
    -0.000610086       22.9868177 
    -0.000508405       22.9874972 
    -0.000406724       22.9880531 
    -0.000305043       22.9884856 
    -0.000203362       22.9887944 
    -0.000101681       22.9889797 
               0       22.9890415 
     0.000101681       22.9889797 
     0.000203362       22.9887944 
     0.000305043       22.9884856 
     0.000406724       22.9880531 
     0.000508405       22.9874972 
     0.000610086       22.9868177 
     0.000711767       22.9860146 
     0.000813448       22.9850881 
     0.000915129       22.9840379 
      0.00101681       22.9828642 
     0.001118491        22.981567 
     0.001220172        22.978466 
     0.001321853       22.9768238 
     0.001423534       22.9750502 
     0.001525215       22.9731452 
     0.001626896       22.9711088 
     0.001728577        22.968941 
     0.001830258       22.9666419 
     0.001931939       22.9642114 
      0.00203362       22.9616495 
     0.002135301       22.9589562 
     0.002236982       22.9561315 
     0.002338663       22.9550229 
     0.002440344       22.9518069 
     0.002542025       22.9483868 
     0.002643706       22.9447626 
     0.002745387       22.9409344 
     0.002847068       22.9369021 
     0.002948749       22.9326656 
      0.00305043       22.9282252 
     0.003152111       22.9235806 
     0.003253792       22.9187319 
     0.003355473       22.9136792 
     0.003457154        22.908945 
     0.003558835       22.9034548 
     0.003660516       22.8976814 
     0.003762197       22.8916247 
     0.003863878       22.8852848 
     0.003965559       22.8786616 
      0.00406724       22.8717552 
     0.004168921       22.8645655 
     0.004270602       22.8570926 
     0.004372283       22.8493365 
     0.004473964        22.841297 
     0.004575645       22.8329744 
     0.004677326        22.825153 
     0.004779007       22.8161506 
     0.004880688       22.8067603 
     0.004982369       22.7969823 
      0.00508405       22.7868166 
     0.005185731        22.776263 
     0.005287412       22.7653217 
     0.005389093       22.7539926 
     0.005490774       22.7422757 
     0.005592455       22.7301711 
     0.005694136       22.7176786 
     0.005795817       22.7057933 
     0.005897498       22.6924265 
     0.005999179       22.6785453 
      0.00610086       22.6641495 
     0.006202541       22.6492392 
     0.006304222       22.6338144 
     0.006405903       22.6178751 
     0.006507584       22.6014213 
     0.006609265       22.5844529 
     0.006710946         22.56697 
     0.006812627       22.5489726 
     0.006914308       22.5316309 
     0.007015989       22.5125372 
      0.00711767       22.4927864 
     0.007219351       22.4723784 
     0.007321032       22.4513134 
     0.007422713       22.4295913 
     0.007524394       22.4072122 
     0.007626075       22.3841759 
     0.007727756       22.3604825 
     0.007829437       22.3361321 
     0.007931118       22.3111245 
     0.008032799       22.2854599 
      0.00813448       22.2590806 
     0.008236161       22.2319351 
     0.008337842       22.2039778 
     0.008439523       22.1752084 
     0.008541204       22.1456272 
     0.008642885        22.115234 
     0.008744566       22.0840289 
     0.008846247       22.0520118 
     0.008947928       22.0191828 
     0.009049609       21.9855419 
      0.00915129       21.9510891 
     0.009252971       21.9114098 
     0.009354652        21.875146 
     0.009456333       21.8379482 
     0.009558014       21.7998164 
     0.009659695       21.7607505 
     0.009761376       21.7207506 
     0.009863057       21.6798166 
     0.009964738       21.6379487 
     0.010066419       21.5951467 
       0.0101681       21.5514107 
     0.010269781       21.5067407 
     0.010371462       21.4532078 
     0.010473143        21.406511 
     0.010574824       21.3589287 
     0.010676505        21.310461 
     0.010778186       21.2611079 
     0.010879867       21.2108693 
     0.010981548       21.1597454 
     0.011083229        21.107736 
      0.01118491       21.0548413 
     0.011286591       21.0010611 
     0.011388272       20.9463955 
     0.011489953       20.8908445 
     0.011591634       20.8630951 
     0.011693315       20.8060495 
     0.011794996        20.747601 
     0.011896677       20.6877497 
     0.011998358       20.6264956 
     0.012100039       20.5638387 
      0.01220172       20.4997789 
     0.012303401       20.4343164 
     0.012405082        20.367451 
     0.012506763       20.2991827 
     0.012608444       20.2295117 
     0.012710125       20.1672232 
     0.012811806       20.0948443 
     0.012913487       20.0206896 
     0.013015168        19.944759 
     0.013116849       19.8670525 
      0.01321853         19.78757 
     0.013320211       19.6988487 
     0.013421892       19.6177601 
     0.013523573       19.5357013 
     0.013625254       19.4526723 
     0.013726935       19.3686729 
     0.013828616       19.2837033 
     0.013930297       19.1904419 
     0.014031978       19.1033264 
     0.014133659       19.0152302 
      0.01423534       18.9261533 
     0.014337021       18.8360958 
     0.014438702       18.7450576 
     0.014540383       18.6494104 
     0.014642064       18.5562991 
     0.014743745       18.4623378 
     0.014845426       18.3675265 
     0.014947107       18.2718652 
     0.015048788       18.1753539 
     0.015150469       18.0860919 
      0.01525215       17.9876663 
     0.015353831       17.8879692 
     0.015455512       17.7870008 
     0.015557193        17.684761 
     0.015658874       17.5812497 
     0.015760555       17.4847509 
     0.015862236        17.378418 
     0.015963917       17.2702454 
     0.016065598       17.1585216 
     0.016167279       17.0491653 
      0.01626896       16.9391618 
     0.016370641       16.8278579 
     0.016472322       16.7165465 
     0.016574003        16.604176 
     0.016675684       16.4914821 
     0.016777365       16.3781071 
     0.016879046       16.2642162 
     0.016980727       16.1494844 
     0.017082408       16.0341118 
     0.017184089       15.9185244 
      0.01728577       15.8019034 
     0.017387451        15.684704 
     0.017489132       15.5674781 
     0.017590813       15.4491696 
     0.017692494       15.3303537 
     0.017794175       15.2116456 
     0.017895856       15.0918737 
     0.017997537       14.9716702 
     0.018099218       14.8516839 
     0.018200899       14.7306847 
      0.01830258       14.6093324 
     0.018404261        14.488295 
     0.018505942       14.3663116 
     0.018607623       14.2440552 
     0.018709304       14.1222046 
     0.018810985       13.9994842 
     0.018912666       13.8765717 
     0.019014347       13.7541504 
     0.019116028       13.6309418 
     0.019217709        13.507622 
      0.01931939       13.3848737 
     0.019421071       13.2614252 
     0.019522752       13.1379459 
     0.019624433       13.0151128 
     0.019726114       12.8916702 
     0.019827795       12.7682759 
     0.019929476       12.6455967 
     0.020031157       12.5224014 
     0.020132838       12.3993316 
     0.020234519       12.2770398 
       0.0203362       12.1543266 
     0.020437881       12.0318141 
     0.020539562        11.910136 
     0.020641243       11.7881321 
     0.020742924       11.6669739 
     0.020844605       11.5455548 
     0.020946286       11.4244781 
     0.021047967       11.3042872 
     0.021149648       11.1839368 
     0.021251329       11.0639944 
      0.02135301       10.9449723 
     0.021454691       10.8258901 
     0.021556372       10.7072776 
     0.021658053       10.5896141 
     0.021759734        10.471987 
     0.021861415       10.3548874 
     0.021963096       10.2387601 
     0.022064777       10.1227623 
     0.022166458       10.0073455 
     0.022268139       9.89291874 
      0.02236982        9.7787107 
     0.022471501       9.66513257 
     0.022573182       9.55255741 
     0.022674863        9.4402856 
     0.022776544        9.3286882 
     0.022878225       9.21810176 
     0.022979906       9.10789847 
     0.023081587       8.99840957 
     0.023183268       8.88993509 
     0.023284949       8.78191838 
      0.02338663       8.67465153 
     0.023488311       8.56839832 
     0.023589992       8.46267212 
     0.023691673       8.35772679 
     0.023793354       8.25379042 
     0.023895035       8.15044474 
     0.023996716       8.04790659 
     0.024098397       7.94636912 
     0.024200078       7.84548043 
     0.024301759       7.74542169 
      0.02440344       7.64635208 
     0.024505121       7.54798373 
     0.024606802       7.45046367 
     0.024708483       7.35391826 
     0.024810164       7.25812103 
     0.024911845       7.16318651 
     0.025013526       7.06920955 
     0.025115207       6.97602222 
     0.025216888       6.88376323 
     0.025318569       6.79233259 
      0.02542025       6.70178264 
     0.025521931       6.61214118 
     0.025623612       6.52336079 
     0.025725293       6.43546504 
     0.025826974       6.34845655 
     0.025928655       6.26233638 
     0.026030336       6.17710177 
     0.026132017       6.09273196 
     0.026233698       6.00927259 
     0.026335379       5.92669687 
      0.02643706       5.84496253 
     0.026538741       5.76415587 
     0.026640422       5.68422838 
     0.026742103       5.60511803 
     0.026843784       5.52694808 
     0.026945465       5.44965047 
     0.027047146       5.37314514 
     0.027148827       5.29758873 
     0.027250508       5.22289568 
     0.027352189        5.1489696 
      0.02745387       5.07599708 
     0.027555551       5.00387704 
     0.027657232       4.93249834 
     0.027758913       4.86207429 
     0.027860594       4.79249014 
     0.027962275       4.72362152 
     0.028063956       4.65570543 
     0.028165637       4.58861516 
     0.028267318       4.52221455 
     0.028368999       4.45676142 
      0.02847068       4.39211872 
     0.028572361       4.32813988 
     0.028674042       4.26510086 
     0.028775723       4.20285577 
     0.028877404       4.14124886 
     0.028979085       4.08057181 
     0.029080766       4.02067121 
     0.029182447       3.96138337 
     0.029284128       3.90301336 
     0.029385809       3.84523681 
      0.02948749       3.78837737 
     0.029589171        3.7322572 
     0.029690852       3.67670754 
     0.029792533       3.62205836 
     0.029894214       3.56812903 
     0.029995895       3.51474766 
     0.030097576       3.46224871 
     0.030199257        3.4104498 
     0.030300938       3.35917677 
     0.030402619        3.3087669 
       0.0305043       3.25903698 
     0.030605981       3.20981133 
     0.030707662        3.1614286 
     0.030809343       3.11370556 
     0.030911024       3.06646571 
     0.031012705       3.02004774 
     0.031114386       2.97426912 
     0.031216067       2.92895312 
     0.031317748       2.88443737 
     0.031419429       2.84054064 
      0.03152111       2.79708649 
     0.031622791        2.7544105 
     0.031724472        2.7123333 
     0.031826153       2.67067919 
     0.031927834       2.62978087 
     0.032029515       2.58946123 
     0.032131196       2.54954576 
     0.032232877       2.51036353 
     0.032334558       2.47174009 
     0.032436239       2.43350245 
      0.03253792       2.39597545 
     0.032639601        2.3589876 
     0.032741282       2.32236775 
     0.032842963       2.28643599 
     0.032944644       2.25102405 
     0.033046325       2.21596288 
     0.033148006       2.18156738 
     0.033249687       2.14767271 
     0.033351368       2.11411213 
     0.033453049       2.08119501 
      0.03355473       2.04876011 
     0.033656411       2.01664318 
     0.033758092        1.9851478 
     0.033859773       1.95396264 
     0.033961454       1.92338744 
     0.034063135       1.89325842 
     0.034164816       1.86342566 
     0.034266497       1.83418018 
     0.034368178       1.80536352 
     0.034469859       1.77682961 
      0.03457154       1.74886078 
     0.034673221       1.72130386 
     0.034774902       1.69401665 
     0.034876583       1.66727284 
     0.034978264        1.6409245 
     0.035079945       1.61483327 
     0.035181626        1.5892643 
     0.035283307       1.56407483 
     0.035384988       1.53913031 
     0.035486669        1.5146875 
      0.03558835       1.49060867 
     0.035690031       1.46676306 
     0.035791712       1.44339919 
     0.035893393       1.42038428 
     0.035995074       1.39759127 
     0.036096755       1.37526063 
     0.036198436        1.3532644 
     0.036300117       1.33147914 
     0.036401798       1.31013751 
     0.036503479       1.28911619 
      0.03660516       1.26829533 
     0.036706841       1.24789995 
     0.036808522       1.22781125 
     0.036910203       1.20791289 
     0.037011884       1.18842246 
     0.037113565       1.16922555 
     0.037215246       1.15020922 
     0.037316927       1.13158389 
     0.037418608       1.11323938 
     0.037520289       1.09506604 
      0.03762197       1.07726736 
     0.037723651       1.05973724 
     0.037825332       1.04236924 
     0.037927013       1.02536016 
     0.038028694        1.0085094 
     0.038130375      0.992008883 
     0.038232056        0.9757537 
     0.038333737       0.95964904 
     0.038435418      0.943879027 
     0.038537099       0.92834336 
      0.03863878      0.912950692 
     0.038740461      0.897877683 
     0.038842142      0.883028437 
     0.038943823      0.868314924 
     0.039045504      0.853906682 
     0.039147185      0.839712014 
     0.039248866       0.82564606 
     0.039350547      0.811871574 
     0.039452228      0.798300853 
     0.039553909      0.784852066 
      0.03965559      0.771681509 
     0.039757271       0.75870528 
     0.039858952      0.745844433 
     0.039960633      0.733249128 
     0.040062314      0.720839068 
     0.040163995       0.70853806 
     0.040265676      0.696490438 
     0.040367357       0.68461932 
     0.040469038       0.67285114 
     0.040570719      0.661324698 
       0.0406724      0.649966352 
     0.040774081      0.638705035 
     0.040875762      0.627674299 
     0.040977443      0.616803573 
     0.041079124      0.606024161 
     0.041180805      0.595464648 
     0.041282486      0.585057365 
     0.041384167      0.574735869 
     0.041485848      0.564624045 
     0.041587529      0.554656966 
      0.04168921      0.544770328 
     0.041790891      0.535083571 
     0.041892572      0.525534355 
     0.041994253      0.516060407 
     0.042095934      0.506776967 
     0.042197615      0.497624137 
     0.042299296      0.488541563 
     0.042400977      0.479640525 
     0.042502658      0.470807992 
     0.042604339      0.462151725 
      0.04270602      0.453612973 
     0.042807701      0.445138336 
     0.042909382      0.436831185 
     0.043011063      0.428635362 
     0.043112744      0.420499378 
     0.043214425      0.412522486 
     0.043316106      0.404650962 
     0.043417787      0.396835105 
     0.043519468      0.389170318 
     0.043621149      0.381605152 
      0.04372283      0.374091581 
     0.043824511      0.366721408 
     0.043926192      0.359445315 
     0.044027873      0.352216838 
     0.044129554      0.345124423 
     0.044231235      0.338120738 
     0.044332916      0.331160779 
     0.044434597      0.324329863 
     0.044536278      0.317582513 
     0.044637959      0.310875076 
      0.04473964      0.304289968 
     0.044841321      0.297783432 
     0.044943002      0.291313074 
     0.045044683      0.284958614 
     0.045146364        0.2786779 
     0.045248045      0.272429694 
     0.045349726      0.266291228 
     0.045451407      0.260221835 
     0.045553088       0.25418134 
     0.045654769      0.248244688 
      0.04575645      0.242372579 
     0.045858131      0.236525812 
     0.045959812      0.230777233 
     0.046061493      0.225088805 
     0.046163174       0.21942221 
     0.046264855       0.21384838 
     0.046366536      0.208330433 
     0.046468217       0.20283085 
     0.046569898      0.197418828 
     0.046671579      0.192023672 
      0.04677326      0.186713179 
     0.046874941      0.181450381 
     0.046976622      0.176201272 
     0.047078303      0.171031688 
     0.047179984      0.165905859 
     0.047281665      0.160790552 
     0.047383346      0.155749831 
     0.047485027      0.150749018 
     0.047586708      0.145755566 
     0.047688389      0.140831947 
      0.04779007      0.135944472 
     0.047891751      0.131061204 
     0.047993432      0.126243182 
     0.048095113      0.121457618 
     0.048196794      0.116673113 
     0.048298475       0.11194942 
     0.048400156      0.107254569 
     0.048501837      0.102557623 
     0.048603518     0.0979172074 
     0.048705199     0.0933020851 
      0.04880688     0.0886816061 
     0.048908561     0.0841136287 
     0.049010242      0.079567461 
     0.049111923      0.075012085 
     0.049213604     0.0705059344 
     0.049315285     0.0660181858 
     0.049416966     0.0615149577 
     0.049518647     0.0570603271 
     0.049620328     0.0526208054 
     0.049722009     0.0481518595 
      0.04982369     0.0437389535 
     0.049925371     0.0393382501 
     0.050027052     0.0350054059 
     0.050128733     0.0306297301 
     0.050230414     0.0262540544 
     0.050332095     0.0218051937 
     0.050433776      0.017444155 
     0.050535457     0.0130831162 
     0.050637138    0.00867914146 
     0.050738819    0.00433957073 
       0.0508405    1.7815788e-14 
