       -0.050317     1.071596e-14 
    -0.050216366    0.00449688559 
    -0.050115732    0.00899377118 
    -0.050015098     0.0135569722 
    -0.049914464     0.0180759629 
     -0.04981383     0.0225949537 
    -0.049713196     0.0272042002 
    -0.049612562     0.0317382336 
    -0.049511928      0.036272267 
    -0.049411294     0.0407618513 
     -0.04931066     0.0453208881 
    -0.049210026     0.0498923684 
    -0.049109392     0.0545219667 
    -0.049008758     0.0591204266 
    -0.048908124     0.0637342878 
     -0.04880749     0.0683983886 
    -0.048706856     0.0730457871 
    -0.048606222     0.0777119404 
    -0.048505588     0.0824288491 
    -0.048404954     0.0871355116 
     -0.04830432     0.0918643996 
    -0.048203686     0.0966473152 
    -0.048103052      0.101423918 
    -0.048002418      0.106226293 
    -0.047901784       0.11108675 
     -0.04780115       0.11594421 
    -0.047700516      0.120831057 
    -0.047599882      0.125780291 
    -0.047499248      0.130729738 
    -0.047398614      0.135712252 
     -0.04729798      0.140761606 
    -0.047197346       0.14581438 
    -0.047096712      0.150903974 
    -0.046996078      0.156065006 
    -0.046895444      0.161232676 
     -0.04679481      0.166440996 
    -0.046694176      0.171725511 
    -0.046593542      0.177019895 
    -0.046492908      0.182358843 
    -0.046392274      0.187778919 
     -0.04629164      0.193212108 
    -0.046191006      0.198693867 
    -0.046090372      0.204261877 
    -0.045989738      0.209846261 
    -0.045889104      0.215483322 
     -0.04578847       0.22121196 
    -0.045687836      0.226960255 
    -0.045587202      0.232765443 
    -0.045486568      0.238667748 
    -0.045385934      0.244593023 
      -0.0452853      0.250579526 
    -0.045184666      0.256668915 
    -0.045084032       0.26278462 
    -0.044983398      0.269006599 
    -0.044882764      0.275256305 
     -0.04478213      0.281576299 
    -0.044681496      0.288008474 
    -0.044580862      0.294472024 
    -0.044480228      0.301010604 
    -0.044379594      0.307667519 
     -0.04427896      0.314359524 
    -0.044178326      0.321131457 
    -0.044077692      0.328028136 
    -0.043977058      0.334963695 
    -0.043876424      0.341984244 
     -0.04377579      0.349136223 
    -0.043675156      0.356330954 
    -0.043574522       0.36361591 
    -0.043473888      0.371039267 
    -0.043373254      0.378509338 
     -0.04327262      0.386075054 
    -0.043171986       0.39378644 
    -0.043071352        0.4015486 
    -0.042970718      0.409412019 
    -0.042870084      0.417428692 
     -0.04276945      0.425500305 
    -0.042668816      0.433678994 
    -0.042568182      0.442018851 
    -0.042467548      0.450417927 
    -0.042366914      0.458930113 
     -0.04226628      0.467611725 
    -0.042165646      0.476356956 
    -0.042065012      0.485221554 
    -0.041964378      0.494264199 
    -0.041863744      0.503374991 
     -0.04176311      0.512611646 
    -0.041662476      0.522035343 
    -0.041561842      0.531531853 
    -0.041461208       0.54116097 
    -0.041360574      0.550986519 
     -0.04125994      0.560889691 
    -0.041159306      0.570932472 
    -0.041058672      0.581181485 
    -0.040958038      0.591513085 
    -0.040857404      0.601991567 
     -0.04075677      0.612686509 
    -0.040656136       0.62346916 
    -0.040555502      0.634406251 
    -0.040454868      0.645570474 
    -0.040354234        0.6568277 
      -0.0402536      0.668247215 
    -0.040152966         0.679905 
    -0.040052332      0.691661256 
    -0.039951698      0.703587958 
    -0.039851064      0.715764546 
     -0.03975043      0.728045262 
    -0.039649796      0.740582647 
    -0.039549162      0.753226535 
    -0.039448528      0.766058149 
    -0.039347894      0.779158334 
     -0.03924726      0.792371461 
    -0.039146626      0.805781463 
    -0.039045992       0.81947242 
    -0.038945358      0.833283007 
    -0.038844724      0.847299973 
     -0.03874409      0.861610779 
    -0.038643456      0.876048162 
    -0.038542822      0.890701791 
    -0.038442188      0.905662663 
    -0.038341554      0.920757326 
     -0.03824092      0.936078484 
    -0.038140286      0.951720812 
    -0.038039652       0.96750443 
    -0.037939018       0.98352518 
    -0.037838384       0.99988157 
     -0.03773775       1.01638704 
    -0.037637116       1.03314068 
    -0.037536482       1.05024498 
    -0.037435848       1.06750647 
    -0.037335214       1.08502757 
     -0.03723458       1.10291492 
    -0.037133946       1.12096786 
    -0.037033312       1.13929229 
    -0.036932678       1.15799913 
    -0.036832044        1.1768803 
     -0.03673141       1.19604527 
    -0.036630776       1.21560939 
    -0.036530142       1.23535693 
    -0.036429508       1.25540099 
    -0.036328874       1.27586155 
     -0.03622824       1.29651495 
    -0.036127606       1.31747808 
    -0.036026972       1.33887561 
    -0.035926338       1.36047579 
    -0.035825704       1.38239934 
     -0.03572507        1.4047758 
    -0.035624436       1.42736509 
    -0.035523802       1.45029186 
    -0.035423168       1.47369063 
    -0.035322534        1.4973128 
      -0.0352219       1.52128701 
    -0.035121266       1.54575291 
    -0.035020632       1.57045318 
    -0.034919998       1.59552052 
    -0.034819364       1.62109979 
     -0.03471873       1.64692483 
    -0.034618096       1.67313243 
    -0.034517462       1.69987276 
    -0.034416828       1.72687068 
    -0.034316194       1.75441221 
     -0.03421556       1.78221762 
    -0.034114926       1.81043797 
    -0.034014292        1.8392225 
    -0.033913658       1.86828444 
    -0.033813024       1.89777818 
     -0.03371239       1.92785711 
    -0.033611756       1.95822749 
    -0.033511122       1.98904698 
    -0.033410488       2.02047304 
    -0.033309854       2.05220514 
     -0.03320922       2.08440408 
    -0.033108586        2.1172313 
    -0.033007952       2.15037971 
    -0.032907318       2.18401309 
    -0.032806684       2.21829677 
     -0.03270605       2.25291732 
    -0.032605416       2.28804136 
    -0.032504782       2.32383794 
    -0.032404148       2.35998764 
    -0.032303514       2.39665971 
     -0.03220288        2.4340267 
    -0.032102246       2.47176364 
    -0.032001612       2.51004215 
    -0.031900978       2.54903804 
    -0.031800344       2.58842128 
     -0.03169971       2.62836557 
    -0.031599076       2.66904969 
    -0.031498442       2.71013913 
    -0.031397808       2.75180934 
    -0.031297174       2.79424169 
     -0.03119654       2.83709792 
    -0.031095906       2.88055483 
    -0.030995272       2.92479594 
    -0.030894638       2.96948007 
    -0.030794004       3.01478491 
     -0.03069337       3.06089563 
    -0.030592736       3.10746909 
    -0.030492102       3.15468336 
    -0.030391468       3.20272465 
    -0.030290834       3.25124895 
      -0.0301902       3.30043415 
    -0.030089566       3.35046682 
    -0.029988932       3.40100335 
    -0.029888298       3.45222074 
    -0.029787664       3.50430519 
     -0.02968703       3.55691488 
    -0.029586396       3.61022521 
    -0.029485762        3.6644211 
    -0.029385128       3.71916412 
    -0.029284494       3.77462728 
     -0.02918386       3.83099321 
    -0.029083226       3.88792867 
    -0.028982592       3.94576871 
    -0.028881958       4.00419648 
    -0.028781324       4.06338199 
     -0.02868069       4.12348522 
    -0.028580056       4.18420092 
    -0.028479422       4.24569224 
    -0.028378788       4.30811252 
    -0.028278154       4.37117039 
     -0.02817752       4.43502093 
    -0.028076886       4.49980955 
    -0.027976252       4.56526116 
    -0.027875618       4.63152152 
    -0.027774984       4.69872669 
     -0.02767435       4.76662046 
    -0.027573716       4.83533791 
    -0.027473082       4.90500424 
    -0.027372448       4.97538487 
    -0.027271814       5.04660279 
     -0.02717118       5.11877069 
    -0.027070546       5.19167861 
    -0.026969912        5.2654359 
    -0.026869278       5.34014103 
    -0.026768644       5.41561176 
     -0.02666801       5.49194224 
    -0.026567376       5.56921487 
    -0.026466742       5.64727839 
    -0.026366108       5.72621013 
    -0.026265474       5.80607447 
     -0.02616484       5.88675458 
    -0.026064206       5.96830924 
    -0.025963572       6.05078278 
    -0.025862938       6.13409639 
    -0.025762304       6.21828852 
     -0.02566167       6.30338135 
    -0.025561036       6.38933777 
    -0.025460402       6.47617411 
    -0.025359768       6.56388823 
    -0.025259134       6.65248846 
      -0.0251585       6.74196721 
    -0.025057866        6.8322958 
    -0.024957232       6.92353184 
    -0.024856598       7.01564197 
    -0.024755964       7.10856873 
     -0.02465533       7.20242283 
    -0.024554696       7.29714335 
    -0.024454062        7.3926418 
    -0.024353428        7.4890858 
    -0.024252794       7.58638508 
     -0.02415216       7.68441794 
    -0.024051526       7.78341259 
    -0.023950892       7.88324771 
    -0.023850258       7.98376625 
    -0.023749624       8.08526059 
     -0.02364899       8.18738857 
    -0.023548356       8.29052025 
    -0.023447722       8.39445104 
    -0.023347088       8.49895729 
    -0.023246454       8.60447624 
     -0.02314582       8.71076745 
    -0.023045186       8.81757062 
    -0.022944552        8.9253919 
    -0.022843918       9.03395429 
    -0.022743284       9.14295994 
     -0.02264265       9.25298515 
    -0.022542016       9.36371596 
    -0.022441382        9.4748163 
    -0.022340748       9.58693336 
    -0.022240114       9.69971606 
     -0.02213948       9.81278981 
    -0.022038846        9.9268728 
    -0.021938212        10.041577 
    -0.021837578       10.1564894 
    -0.021736944       10.2723986 
     -0.02163631       10.3888803 
    -0.021535676       10.5054831 
    -0.021435042       10.6230651 
    -0.021334408       10.7411665 
    -0.021233774       10.8592985 
     -0.02113314       10.9783866 
    -0.021032506       11.0979368 
    -0.020931872       11.2174242 
    -0.020831238       11.3378388 
    -0.020730604       11.4586542 
     -0.02062997        11.579311 
    -0.020529336       11.7008604 
    -0.020428702       11.8227455 
    -0.020328068       11.9443747 
    -0.020227434       12.0668557 
      -0.0201268        12.189604 
    -0.020026166       12.3119982 
    -0.019925532       12.4351974 
    -0.019824898       12.5585923 
    -0.019724264       12.6815351 
     -0.01962363         12.80523 
    -0.019522996       12.9290465 
    -0.019422362       13.0523137 
    -0.019321728       13.1762741 
    -0.019221094       13.3002797 
     -0.01912046       13.4236407 
    -0.019019826       13.5476302 
    -0.018919192       13.6715869 
    -0.018818558       13.7948066 
    -0.018717924       13.9185845 
     -0.01861729       14.0422503 
    -0.018516656       14.1650908 
    -0.018416022       14.2884136 
    -0.018315388       14.4108721 
    -0.018214754       14.5337671 
     -0.01811412       14.6563909 
    -0.018013486       14.7780785 
    -0.017912852       14.9001107 
    -0.017812218       15.0217928 
    -0.017711584       15.1424766 
     -0.01761095       15.2634054 
    -0.017510316       15.3839071 
    -0.017409682       15.5033645 
    -0.017309048        15.622955 
    -0.017208414       15.7420439 
     -0.01710778       15.8600754 
    -0.017007146       15.9781017 
    -0.016906512       16.0955564 
    -0.016805878       16.2120101 
    -0.016705244       16.3282621 
     -0.01660461       16.4438818 
    -0.016503976       16.5587013 
    -0.016403342       16.6730025 
    -0.016302708       16.7866326 
    -0.016202074       16.8999878 
     -0.01610144       17.0122446 
    -0.016000806       17.1238542 
    -0.015900172       17.2354955 
    -0.015799538       17.3458265 
    -0.015698904       17.4555223 
     -0.01559827       17.5678551 
    -0.015497636        17.675856 
    -0.015397002       17.7820292 
    -0.015296368       17.8785173 
    -0.015195734       17.9821317 
      -0.0150951       18.0844931 
    -0.014994466       18.1856012 
    -0.014893832       18.2854562 
    -0.014793198        18.384058 
    -0.014692564       18.4736452 
     -0.01459193       18.5705264 
    -0.014491296       18.6665738 
    -0.014390662       18.7617874 
    -0.014290028       18.8561671 
    -0.014189394       18.9497131 
     -0.01408876       19.0458694 
    -0.013988126       19.1373373 
    -0.013887492       19.2278466 
    -0.013786858       19.3173974 
    -0.013686224       19.4059896 
     -0.01358559       19.4936232 
    -0.013484956       19.5879598 
    -0.013384322       19.6735064 
    -0.013283688       19.7581213 
    -0.013183054       19.8418046 
     -0.01308242       19.9245562 
    -0.012981786       20.0063761 
    -0.012881152       20.0980468 
    -0.012780518        20.178212 
    -0.012679884       20.2565602 
     -0.01257925       20.3330915 
    -0.012478616       20.4078058 
    -0.012377982       20.4807031 
    -0.012277348       20.5399074 
    -0.012176714       20.6098317 
     -0.01207608       20.6783914 
    -0.011975446       20.7455866 
    -0.011874812       20.8114171 
    -0.011774178        20.875883 
    -0.011673544       20.9389843 
     -0.01157291       21.0007211 
    -0.011472276       21.0610932 
    -0.011371642       21.1201007 
    -0.011271008       21.1777437 
    -0.011170374        21.234022 
     -0.01106974        21.257689 
    -0.010969106       21.3126672 
    -0.010868472       21.3667894 
    -0.010767838       21.4200559 
    -0.010667204       21.4724665 
     -0.01056657       21.5240212 
    -0.010465936       21.5747202 
    -0.010365302       21.6245632 
    -0.010264668       21.6735505 
    -0.010164034       21.7216819 
      -0.0100634       21.7689574 
    -0.009962766       21.8153771 
    -0.009862132       21.8700884 
    -0.009761498       21.9145711 
    -0.009660864       21.9581491 
     -0.00956023       22.0008226 
    -0.009459596       22.0425914 
    -0.009358962       22.0834556 
    -0.009258328       22.1234152 
    -0.009157694       22.1624701 
     -0.00905706       22.2006205 
    -0.008956426       22.2378662 
    -0.008855792       22.2742073 
    -0.008755158       22.3096438 
    -0.008654524       22.3441757 
     -0.00855389       22.3816928 
    -0.008453256       22.4145254 
    -0.008352622       22.4465881 
    -0.008251988       22.4778811 
    -0.008151354       22.5084043 
     -0.00805072       22.5381578 
    -0.007950086       22.5671415 
    -0.007849452       22.5953554 
    -0.007748818       22.6227995 
    -0.007648184       22.6494739 
     -0.00754755       22.6753785 
    -0.007446916       22.7005133 
    -0.007346282       22.7246456 
    -0.007245648       22.7484491 
    -0.007145014       22.7716444 
     -0.00704438       22.7942314 
    -0.006943746       22.8162102 
    -0.006843112       22.8375807 
    -0.006742478       22.8583431 
    -0.006641844       22.8784972 
     -0.00654121       22.8980431 
    -0.006440576       22.9169808 
    -0.006339942       22.9353102 
    -0.006239308       22.9530314 
    -0.006138674       22.9685561 
     -0.00603804       22.9851963 
    -0.005937406       23.0013717 
    -0.005836772       23.0170823 
    -0.005736138       23.0323281 
    -0.005635504        23.047109 
     -0.00553487       23.0614251 
    -0.005434236       23.0752764 
    -0.005333602       23.0886629 
    -0.005232968       23.1015846 
    -0.005132334       23.1140414 
      -0.0050317       23.1260334 
    -0.004931066       23.1362621 
    -0.004830432       23.1474098 
    -0.004729798       23.1582143 
    -0.004629164       23.1686756 
     -0.00452853       23.1787938 
    -0.004427896       23.1885687 
    -0.004327262       23.1980005 
    -0.004226628       23.2070892 
    -0.004125994       23.2158346 
     -0.00402536       23.2242368 
    -0.003924726       23.2322959 
    -0.003824092       23.2400118 
    -0.003723458       23.2473845 
    -0.003622824       23.2535874 
     -0.00352219       23.2604114 
    -0.003421556       23.2669856 
    -0.003320922         23.27331 
    -0.003220288       23.2793846 
    -0.003119654       23.2852095 
     -0.00301902       23.2907846 
    -0.002918386       23.2961099 
    -0.002817752       23.3011855 
    -0.002717118       23.3060112 
    -0.002616484       23.3105872 
     -0.00251585       23.3149135 
    -0.002415216       23.3163203 
    -0.002314582       23.3201516 
    -0.002213948       23.3238198 
    -0.002113314        23.327325 
     -0.00201268       23.3306672 
    -0.001912046       23.3338463 
    -0.001811412       23.3368625 
    -0.001710778       23.3397155 
    -0.001610144       23.3424056 
     -0.00150951       23.3449326 
    -0.001408876       23.3472966 
    -0.001308242       23.3494975 
    -0.001207608       23.3537845 
    -0.001106974       23.3555606 
     -0.00100634       23.3571822 
    -0.000905706       23.3586495 
    -0.000805072       23.3599623 
    -0.000704438       23.3611206 
    -0.000603804       23.3621245 
     -0.00050317       23.3629739 
    -0.000402536       23.3636689 
    -0.000301902       23.3642095 
    -0.000201268       23.3645956 
    -0.000100634       23.3648273 
               0       23.3640825 
     0.000100634       23.3640054 
     0.000201268       23.3637741 
     0.000301902       23.3633887 
     0.000402536        23.362849 
      0.00050317       23.3621552 
     0.000603804       23.3613072 
     0.000704438       23.3603051 
     0.000805072       23.3591487 
     0.000905706       23.3578382 
      0.00100634       23.3563735 
     0.001106974       23.3547546 
     0.001207608       23.3529815 
     0.001308242       23.3486972 
     0.001408876       23.3464996 
      0.00150951       23.3441393 
     0.001610144       23.3416161 
     0.001710778       23.3389302 
     0.001811412       23.3360815 
     0.001912046         23.33307 
      0.00201268       23.3298958 
     0.002113314       23.3265587 
     0.002213948       23.3230589 
     0.002314582       23.3193963 
     0.002415216       23.3155709 
      0.00251585       23.3141743 
     0.002616484       23.3098544 
     0.002717118       23.3052848 
     0.002817752       23.3004657 
     0.002918386       23.2953969 
      0.00301902       23.2900786 
     0.003119654       23.2845107 
     0.003220288       23.2786932 
     0.003320922       23.2726262 
     0.003421556       23.2663095 
      0.00352219       23.2597433 
     0.003622824       23.2529274 
     0.003723458       23.2467338 
     0.003824092       23.2393695 
     0.003924726       23.2316622 
      0.00402536       23.2236119 
     0.004125994       23.2152185 
     0.004226628        23.206482 
     0.004327262       23.1974025 
     0.004427896       23.1879799 
      0.00452853       23.1782142 
     0.004629164       23.1681055 
     0.004729798       23.1576537 
     0.004830432       23.1468589 
     0.004931066        23.135721 
       0.0050317       23.1255032 
     0.005132334       23.1135211 
     0.005232968       23.1010741 
     0.005333602       23.0881624 
     0.005434236       23.0747859 
      0.00553487       23.0609447 
     0.005635504       23.0466386 
     0.005736138       23.0318677 
     0.005836772        23.016632 
     0.005937406       23.0009316 
      0.00603804       22.9847663 
     0.006138674       22.9681363 
     0.006239308       22.9526231 
     0.006339942        22.934912 
     0.006440576       22.9165926 
      0.00654121       22.8976649 
     0.006641844       22.8781289 
     0.006742478       22.8579845 
     0.006843112       22.8372319 
     0.006943746        22.815871 
      0.00704438       22.7939018 
     0.007145014       22.7713242 
     0.007245648       22.7481384 
     0.007346282       22.7243443 
     0.007446916       22.7002224 
      0.00754755       22.6750966 
     0.007648184       22.6492009 
     0.007748818       22.6225353 
     0.007849452       22.5950996 
     0.007950086        22.566894 
      0.00805072       22.5379184 
     0.008151354       22.5081729 
     0.008251988       22.4776574 
     0.008352622       22.4463719 
     0.008453256       22.4143164 
      0.00855389        22.381491 
     0.008654524         22.34398 
     0.008755158       22.3094548 
     0.008855792       22.2740246 
     0.008956426       22.2376896 
      0.00905706       22.2004496 
     0.009157694       22.1623047 
     0.009258328       22.1232548 
     0.009358962          22.0833 
     0.009459596       22.0424403 
      0.00956023       22.0006757 
     0.009660864       21.9580061 
     0.009761498       21.9144316 
     0.009862132       21.8699521 
     0.009962766       21.8152451 
       0.0100634       21.7688279 
     0.010164034       21.7215545 
     0.010264668       21.6734249 
     0.010365302       21.6244391 
     0.010465936        21.574597 
      0.01056657       21.5238987 
     0.010667204       21.4723441 
     0.010767838       21.4199334 
     0.010868472       21.3666664 
     0.010969106       21.3125432 
      0.01106974       21.2575637 
     0.011170374       21.2338989 
     0.011271008       21.1776186 
     0.011371642       21.1199731 
     0.011472276       21.0609626 
      0.01157291       21.0005869 
     0.011673544       20.9388462 
     0.011774178       20.8757404 
     0.011874812       20.8112694 
     0.011975446       20.7454334 
      0.01207608       20.6782323 
     0.012176714       20.6096661 
     0.012277348       20.5397348 
     0.012377982       20.4805269 
     0.012478616       20.4076215 
      0.01257925       20.3328984 
     0.012679884       20.2563577 
     0.012780518       20.1779994 
     0.012881152       20.0978235 
     0.012981786         20.00614 
      0.01308242       19.9243084 
     0.013183054       19.8415447 
     0.013283688       19.7578489 
     0.013384322       19.6732208 
     0.013484956       19.5876606 
      0.01358559       19.4933044 
     0.013686224       19.4056562 
     0.013786858       19.3170488 
     0.013887492       19.2274822 
     0.013988126       19.1369563 
      0.01408876       19.0454712 
     0.014189394       18.9492468 
     0.014290028       18.8556823 
     0.014390662       18.7612833 
     0.014491296       18.6660499 
      0.01459193        18.569982 
     0.014692564       18.4730796 
     0.014793198       18.3836356 
     0.014893832        18.285017 
     0.014994466       18.1851371 
       0.0150951       18.0839958 
     0.015195734       17.9815933 
     0.015296368       17.8779294 
     0.015397002       17.7811582 
     0.015497636       17.6750024 
      0.01559827        17.567042 
     0.015698904       17.4547175 
     0.015799538       17.3450032 
     0.015900172       17.2346504 
     0.016000806       17.1230072 
      0.01610144       17.0113695 
     0.016202074       16.8990806 
     0.016302708       16.7857328 
     0.016403342       16.6720734 
     0.016503976        16.557744 
      0.01660461       16.4429276 
     0.016705244       16.3272754 
     0.016805878       16.2109954 
     0.016906512       16.0945335 
     0.017007146       15.9770424 
      0.01710778       15.8589867 
     0.017208414       15.7409361 
     0.017309048       15.6218063 
     0.017409682       15.5021836 
     0.017510316       15.3826971 
      0.01761095       15.2621488 
     0.017711584        15.141184 
     0.017812218       15.0204603 
     0.017912852       14.8987244 
     0.018013486       14.7766505 
      0.01811412       14.6549095 
     0.018214754       14.5322227 
     0.018315388       14.4092777 
     0.018416022       14.2867456 
     0.018516656       14.1633479 
      0.01861729       14.0397722 
     0.018717924       13.9166632 
     0.018818558       13.7927958 
     0.018919192       13.6688309 
     0.019019826       13.5452926 
      0.01912046       13.4211987 
     0.019221094       13.2970883 
     0.019321728       13.1730237 
     0.019422362       13.0489527 
     0.019522996       12.9249549 
      0.01962363       12.7994054 
     0.019724264       12.6755917 
     0.019824898       12.5520396 
     0.019925532       12.4240061 
     0.020026166       12.3008254 
       0.0201268       12.1780564 
     0.020227434       12.0576737 
     0.020328068       11.9354379 
     0.020428702       11.8134137 
     0.020529336       11.6908159 
      0.02062997       11.5687401 
     0.020730604       11.4471375 
     0.020831238       11.3260079 
     0.020931872       11.2053513 
     0.021032506       11.0851679 
      0.02113314       10.9710227 
     0.021233774       10.8519282 
     0.021334408       10.7333262 
     0.021435042       10.6152168 
     0.021535676       10.4976001 
      0.02163631       10.3804759 
     0.021736944       10.2650388 
     0.021837578       10.1489572 
     0.021938212       10.0335251 
     0.022038846       9.91874249 
      0.02213948       9.80460927 
     0.022240114       9.69112551 
     0.022340748       9.56611276 
     0.022441382       9.45384833 
     0.022542016       9.34247339 
      0.02264265       9.23198793 
     0.022743284       9.12239197 
     0.022843918       9.01368549 
     0.022944552       8.90973926 
     0.023045186        8.8026535 
      0.02314582       8.69633496 
     0.023246454       8.59078364 
     0.023347088       8.48599953 
     0.023447722       8.38198263 
     0.023548356       8.27775314 
      0.02364899       8.17485641 
     0.023749624       8.07279324 
     0.023850258       7.97156364 
     0.023950892       7.87116761 
     0.024051526       7.77160514 
      0.02415216       7.67287624 
     0.024252794       7.57498091 
     0.024353428       7.47791915 
     0.024454062       7.38169095 
     0.024554696       7.28629631 
      0.02465533       7.19173525 
     0.024755964       7.10579253 
     0.024856598       7.01305186 
     0.024957232       6.92115857 
     0.025057866       6.83011268 
       0.0251585       6.73991416 
     0.025259134       6.65056303 
     0.025359768       6.56205929 
     0.025460402       6.47440293 
     0.025561036       6.38759396 
      0.02566167       6.30163237 
     0.025762304       6.21651816 
     0.025862938       6.13870379 
     0.025963572       6.05538257 
     0.026064206       5.97292416 
      0.02616484       5.89132858 
     0.026265474       5.81059582 
     0.026366108       5.73072588 
     0.026466742       5.65171877 
     0.026567376       5.57357447 
      0.02666801         5.496293 
     0.026768644       5.41987434 
     0.026869278       5.34431851 
     0.026969912        5.2696255 
     0.027070546       5.19743987 
      0.02717118       5.12444157 
     0.027271814       5.05226733 
     0.027372448       4.98091716 
     0.027473082       4.91039105 
     0.027573716       4.84068901 
      0.02767435       4.77181103 
     0.027774984       4.70375712 
     0.027875618       4.63652727 
     0.027976252       4.57012149 
     0.028076886       4.50453977 
      0.02817752       4.44056954 
     0.028278154       4.37660505 
     0.028378788       4.31340271 
     0.028479422       4.25096252 
     0.028580056       4.18928449 
      0.02868069        4.1283686 
     0.028781324       4.06821488 
     0.028881958        4.0088233 
     0.028982592       3.95019387 
     0.029083226        3.8923266 
      0.02918386       3.83522148 
     0.029284494       3.77887851 
     0.029385128       3.72399069 
     0.029485762       3.66910033 
     0.029586396       3.61489862 
      0.02968703       3.56138557 
     0.029787664       3.50856117 
     0.029888298       3.45642541 
     0.029988932       3.40497832 
     0.030089566       3.35421987 
       0.0301902       3.30415007 
     0.030290834       3.25476893 
     0.030391468       3.20607644 
     0.030492102        3.1580726 
     0.030592736       3.11140924 
      0.03069337       3.06467211 
     0.030794004       3.01854583 
     0.030894638       2.97303041 
     0.030995272       2.92812584 
     0.031095906       2.88383213 
      0.03119654       2.84014927 
     0.031297174       2.79707727 
     0.031397808       2.75461613 
     0.031498442       2.71276584 
     0.031599076       2.67152641 
      0.03169971       2.63154103 
     0.031800344       2.59145744 
     0.031900978       2.55190781 
     0.032001612       2.51289216 
     0.032102246       2.47441046 
      0.03220288       2.43646274 
     0.032303514       2.39904898 
     0.032404148       2.36216918 
     0.032504782       2.32582336 
     0.032605416       2.29001149 
      0.03270605        2.2547336 
     0.032806684       2.21998967 
     0.032907318       2.18635102 
     0.033007952       2.15258163 
     0.033108586       2.11927356 
      0.03320922       2.08642681 
     0.033309854       2.05404138 
     0.033410488       2.02211727 
     0.033511122       1.99065448 
     0.033611756       1.95965301 
      0.03371239       1.92911286 
     0.033813024       1.89903403 
     0.033913658       1.86941653 
     0.034014292          1.84079 
     0.034114926       1.81204785 
      0.03421556       1.78370048 
     0.034316194       1.75574791 
     0.034416828       1.72819013 
     0.034517462       1.70102713 
     0.034618096       1.67425893 
      0.03471873       1.64788552 
     0.034819364       1.62190689 
     0.034919998       1.59632306 
     0.035020632       1.57113401 
     0.035121266       1.54633976 
       0.0352219       1.52239546 
     0.035322534       1.49832324 
     0.035423168       1.47458622 
     0.035523802       1.45118438 
     0.035624436       1.42811775 
      0.03572507        1.4053863 
     0.035825704       1.38299005 
     0.035926338       1.36092899 
     0.036026972       1.33920313 
     0.036127606       1.31781246 
      0.03622824       1.29675698 
     0.036328874       1.27644253 
     0.036429508       1.25602832 
     0.036530142       1.23589676 
     0.036630776       1.21604785 
      0.03673141       1.19648159 
     0.036832044       1.17719798 
     0.036932678       1.15819702 
     0.037033312       1.13947871 
     0.037133946       1.12104305 
      0.03723458       1.10289003 
     0.037335214       1.08501967 
     0.037435848       1.06743196 
     0.037536482        1.0504716 
     0.037637116       1.03340458 
      0.03773775       1.01657441 
     0.037838384      0.999981071 
     0.037939018      0.983624573 
     0.038039652      0.967504914 
     0.038140286      0.951622094 
      0.03824092      0.935976114 
     0.038341554      0.920566972 
     0.038442188       0.90539467 
     0.038542822      0.890459207 
     0.038643456      0.875760583 
      0.03874409      0.861583013 
     0.038844724      0.847302892 
     0.038945358      0.833219968 
     0.039045992       0.81933424 
     0.039146626      0.805645707 
      0.03924726      0.792154371 
     0.039347894      0.778860231 
     0.039448528      0.765763287 
     0.039549162      0.752863539 
     0.039649796      0.740160987 
      0.03975043      0.727655631 
     0.039851064      0.715602454 
     0.039951698      0.703463858 
     0.040052332      0.691488295 
     0.040152966      0.679675765 
       0.0402536       0.66802627 
     0.040354234      0.656539808 
     0.040454868      0.645216379 
     0.040555502      0.634055985 
     0.040656136      0.623058624 
      0.04075677      0.612224297 
     0.040857404      0.601553003 
     0.040958038      0.591044743 
     0.041058672      0.580911359 
     0.041159306      0.570693146 
      0.04125994      0.560608558 
     0.041360574      0.550657595 
     0.041461208      0.540840257 
     0.041561842      0.531156544 
     0.041662476      0.521606455 
      0.04176311      0.512189992 
     0.041863744      0.502907153 
     0.041964378      0.493757939 
     0.042065012       0.48474235 
     0.042165646      0.476048514 
      0.04226628      0.467283951 
     0.042366914      0.458627635 
     0.042467548      0.450079566 
     0.042568182      0.441639746 
     0.042668816      0.433308173 
      0.04276945      0.425084848 
     0.042870084      0.416969771 
     0.042970718      0.408962941 
     0.043071352       0.40106436 
     0.043171986      0.393274026 
      0.04327262       0.38559194 
     0.043373254      0.378177227 
     0.043473888      0.370688452 
     0.043574522       0.36328588 
     0.043675156       0.35596951 
      0.04377579      0.348739344 
     0.043876424       0.34159538 
     0.043977058       0.33453762 
     0.044077692      0.327566063 
     0.044178326      0.320680708 
      0.04427896      0.313881557 
     0.044379594      0.307168608 
     0.044480228      0.300541863 
     0.044580862      0.294130348 
     0.044681496        0.2876477 
      0.04478213      0.281231826 
     0.044882764      0.274882727 
     0.044983398      0.268600402 
     0.045084032      0.262384852 
     0.045184666      0.256236076 
       0.0452853      0.250154074 
     0.045385934      0.244138847 
     0.045486568      0.238190395 
     0.045587202      0.232308717 
     0.045687836      0.226603947 
      0.04578847      0.220840908 
     0.045889104      0.215127166 
     0.045989738      0.209462721 
     0.046090372      0.203847574 
     0.046191006      0.198281724 
      0.04629164      0.192765172 
     0.046392274      0.187297917 
     0.046492908      0.181879959 
     0.046593542      0.176511299 
     0.046694176      0.171191936 
      0.04679481      0.165921871 
     0.046895444      0.166132832 
     0.046996078      0.161246572 
     0.047096712      0.156360312 
     0.047197346      0.151474052 
      0.04729798      0.146587793 
     0.047398614      0.141701533 
     0.047499248      0.136815273 
     0.047599882      0.131929013 
     0.047700516      0.127042754 
      0.04780115      0.122156494 
     0.047901784      0.117270234 
     0.048002418      0.108852912 
     0.048103052      0.104120177 
     0.048203686     0.0993874414 
      0.04830432     0.0946547061 
     0.048404954     0.0899219708 
     0.048505588     0.0851892355 
     0.048606222     0.0804565002 
     0.048706856     0.0757237649 
      0.04880749     0.0709910296 
     0.048908124     0.0662582943 
     0.049008758      0.061525559 
     0.049109392     0.0567928237 
     0.049210026     0.0506757975 
      0.04931066     0.0460689068 
     0.049411294     0.0414620161 
     0.049511928     0.0368551254 
     0.049612562     0.0322482347 
     0.049713196     0.0276413441 
      0.04981383     0.0230344534 
     0.049914464     0.0184275627 
     0.050015098      0.013820672 
     0.050115732    0.00921378136 
     0.050216366    0.00460689068 
        0.050317   1.09780992e-14 
