       -0.029942       1.18898209 
    -0.029882116       1.18906974 
    -0.029822232       1.18933271 
    -0.029762348       1.18977098 
    -0.029702464       1.19038457 
     -0.02964258       1.19117347 
    -0.029582696       1.19213767 
    -0.029522812       1.19327719 
    -0.029462928       1.19459202 
    -0.029403044       1.19608216 
     -0.02934316        1.1977476 
    -0.029283276       1.19958836 
    -0.029223392       1.20160443 
    -0.029163508       1.20379581 
    -0.029103624        1.2061625 
     -0.02904374        1.2087045 
    -0.028983856       1.21142181 
    -0.028923972       1.21431443 
    -0.028864088       1.21738236 
    -0.028804204       1.22227072 
     -0.02874432       1.22552165 
    -0.028684436        1.2289393 
    -0.028624552       1.23252366 
    -0.028564668       1.23627473 
    -0.028504784       1.24019252 
      -0.0284449       1.24427702 
    -0.028385016       1.24852823 
    -0.028325132       1.25294616 
    -0.028265248       1.25753081 
    -0.028205364       1.26228217 
     -0.02814548       1.26720024 
    -0.028085596       1.27228503 
    -0.028025712       1.27753653 
    -0.027965828       1.28295475 
    -0.027905944       1.28853968 
     -0.02784606       1.29429132 
    -0.027786176       1.30020968 
    -0.027726292       1.30973394 
    -0.027666408       1.31596647 
    -0.027606524       1.32236519 
     -0.02754664       1.32893012 
    -0.027486756       1.33566125 
    -0.027426872       1.34255857 
    -0.027366988        1.3496221 
    -0.027307104       1.35685183 
     -0.02724722       1.36424776 
    -0.027187336       1.37180989 
    -0.027127452       1.37953822 
    -0.027067568       1.38743275 
    -0.027007684       1.39549349 
      -0.0269478       1.40372042 
    -0.026887916       1.41211355 
    -0.026828032       1.42067289 
    -0.026768148       1.42939842 
    -0.026708264       1.43829016 
     -0.02664838       1.44278231 
    -0.026588496       1.45215674 
    -0.026528612       1.46173126 
    -0.026468728       1.47150588 
    -0.026408844       1.48148059 
     -0.02634896        1.4916554 
    -0.026289076        1.5020303 
    -0.026229192       1.51260529 
    -0.026169308       1.52338038 
    -0.026109424       1.53435556 
     -0.02604954       1.54553083 
    -0.025989656        1.5569062 
    -0.025929772       1.56848166 
    -0.025869888       1.58025722 
    -0.025810004       1.59223287 
     -0.02575012       1.60440861 
    -0.025690236       1.61678445 
    -0.025630352       1.62936038 
    -0.025570468        1.6421364 
    -0.025510584       1.65422614 
      -0.0254507       1.66744992 
    -0.025390816       1.68090377 
    -0.025330932        1.6945877 
    -0.025271048        1.7085017 
    -0.025211164       1.72264578 
     -0.02515128       1.73701993 
    -0.025091396       1.75162416 
    -0.025031512       1.76645847 
    -0.024971628       1.78152285 
    -0.024911744       1.79681731 
     -0.02485186       1.81234184 
    -0.024791976       1.82809645 
    -0.024732092       1.84408114 
    -0.024672208        1.8602959 
    -0.024612324       1.87674073 
     -0.02455244       1.89341565 
    -0.024492556       1.91032064 
    -0.024432672       1.92656225 
    -0.024372788       1.94397277 
    -0.024312904       1.96165194 
     -0.02425302       1.97959977 
    -0.024193136       1.99781624 
    -0.024133252       2.01630137 
    -0.024073368       2.03505515 
    -0.024013484       2.05407758 
      -0.0239536       2.07336866 
    -0.023893716        2.0929284 
    -0.023833832       2.11275678 
    -0.023773948       2.13285382 
    -0.023714064       2.15321951 
     -0.02365418       2.17385385 
    -0.023594296       2.19475684 
    -0.023534412       2.21592848 
    -0.023474528       2.23736878 
    -0.023414644       2.25907772 
     -0.02335476       2.28002564 
    -0.023294876        2.3023124 
    -0.023234992       2.32491619 
    -0.023175108       2.34783699 
    -0.023115224       2.37107482 
     -0.02305534       2.39462966 
    -0.022995456       2.41850153 
    -0.022935572       2.44269042 
    -0.022875688       2.46719632 
    -0.022815804       2.49201925 
     -0.02275592        2.5171592 
    -0.022696036       2.54261616 
    -0.022636152       2.56839015 
    -0.022576268       2.59448116 
    -0.022516384       2.62088918 
      -0.0224565       2.64761423 
    -0.022396616        2.6746563 
    -0.022336732       2.70201539 
    -0.022276848        2.7296915 
    -0.022216964       2.75646771 
     -0.02215708       2.78486768 
    -0.022097196       2.81364374 
    -0.022037312        2.8427959 
    -0.021977428       2.87232417 
    -0.021917544       2.90222853 
     -0.02185766       2.93250899 
    -0.021797776       2.96316555 
    -0.021737892       2.99419821 
    -0.021678008       3.02560697 
    -0.021618124       3.05739183 
     -0.02155824       3.08955279 
    -0.021498356       3.12208985 
    -0.021438472         3.155003 
    -0.021378588       3.18829226 
    -0.021318704       3.22195762 
     -0.02125882       3.25599907 
    -0.021198936       3.29041663 
    -0.021139052        3.3236846 
    -0.021079168       3.35894004 
    -0.021019284       3.39464198 
      -0.0209594       3.43079042 
    -0.020899516       3.46738536 
    -0.020839632       3.50442681 
    -0.020779748       3.54191475 
    -0.020719864        3.5798492 
     -0.02065998       3.61823015 
    -0.020600096        3.6570576 
    -0.020540212       3.69633155 
    -0.020480328         3.736052 
    -0.020420444       3.77621896 
     -0.02036056       3.81683241 
    -0.020300676       3.85789237 
    -0.020240792       3.89939883 
    -0.020180908       3.94135179 
    -0.020121024       3.98375125 
     -0.02006114       4.02464304 
    -0.020001256       4.06801138 
    -0.019941372       4.11190793 
    -0.019881488       4.15633267 
    -0.019821604       4.20128561 
     -0.01976172       4.24676675 
    -0.019701836        4.2927761 
    -0.019641952       4.33931364 
    -0.019582068       4.38637938 
    -0.019522184       4.43397332 
      -0.0194623       4.48209547 
    -0.019402416       4.53074581 
    -0.019342532       4.57992435 
    -0.019282648       4.62963109 
    -0.019222764       4.67986604 
     -0.01916288       4.73062918 
    -0.019102996       4.78192052 
    -0.019043112       4.83374006 
    -0.018983228       4.88349437 
    -0.018923344       4.93643086 
     -0.01886346       4.98998757 
    -0.018803576       5.04416448 
    -0.018743692       5.09896161 
    -0.018683808       5.15437895 
    -0.018623924        5.2104165 
     -0.01856404       5.26707426 
    -0.018504156       5.32435223 
    -0.018444272       5.38225042 
    -0.018384388       5.44076881 
    -0.018324504       5.49990742 
     -0.01826462       5.55966623 
    -0.018204736       5.62004526 
    -0.018144852        5.6810445 
    -0.018084968       5.74266395 
    -0.018025084       5.80490361 
      -0.0179652       5.86776348 
    -0.017905316       5.93124356 
    -0.017845432       5.99068481 
    -0.017785548       6.05555187 
    -0.017725664       6.12113741 
     -0.01766578       6.18744143 
    -0.017605896       6.25446394 
    -0.017546012       6.32220492 
    -0.017486128       6.39066438 
    -0.017426244       6.45984233 
     -0.01736636       6.52973876 
    -0.017306476       6.60035367 
    -0.017246592       6.67168705 
    -0.017186708       6.74373892 
    -0.017126824       6.81650927 
     -0.01706694       6.88999811 
    -0.017007056       6.96420542 
    -0.016947172       7.03913121 
    -0.016887288       7.11477549 
    -0.016827404       7.19113824 
     -0.01676752       7.25441918 
    -0.016707636       7.33241139 
    -0.016647752       7.41119481 
    -0.016587868       7.49076945 
    -0.016527984       7.57113531 
      -0.0164681       7.65229238 
    -0.016408216       7.73424067 
    -0.016348332       7.81698017 
    -0.016288448       7.90051089 
    -0.016228564       7.98483282 
     -0.01616868       8.06994597 
    -0.016108796       8.15585034 
    -0.016048912       8.24254592 
    -0.015989028       8.33003271 
    -0.015929144       8.41831073 
     -0.01586926       8.50737996 
    -0.015809376        8.5972404 
    -0.015749492       8.68789206 
    -0.015689608       8.76999826 
    -0.015629724       8.86245669 
     -0.01556984       8.95574291 
    -0.015509956       9.04985691 
    -0.015450072       9.14479871 
    -0.015390188        9.2405683 
    -0.015330304       9.33716569 
     -0.01527042       9.43459086 
    -0.015210536       9.53284383 
    -0.015150652       9.63192459 
    -0.015090768       9.73183313 
    -0.015030884       9.83256947 
       -0.014971       9.93413361 
    -0.014911116       10.0365255 
    -0.014851232       10.1397452 
    -0.014791348       10.2437928 
    -0.014731464       10.3486681 
     -0.01467158       10.4543711 
    -0.014611696        10.560902 
    -0.014551812       10.6720007 
    -0.014491928       10.7805194 
    -0.014432044       10.8899558 
     -0.01437216       11.0003097 
    -0.014312276       11.1115814 
    -0.014252392       11.2237707 
    -0.014192508       11.3368777 
    -0.014132624       11.4509024 
     -0.01407274       11.5658447 
    -0.014012856       11.6817047 
    -0.013952972       11.7773741 
    -0.013893088       11.8963895 
    -0.013833204       12.0166716 
     -0.01377332       12.1382205 
    -0.013713436       12.2610361 
    -0.013653552       12.3851183 
    -0.013593668       12.5104673 
    -0.013533784        12.637083 
      -0.0134739       12.7649654 
    -0.013414016       12.8941145 
    -0.013354132       13.0412963 
    -0.013294248       13.1723913 
    -0.013234364       13.3045543 
     -0.01317448       13.4377852 
    -0.013114596       13.5720841 
    -0.013054712       13.7074509 
    -0.012994828       13.8438857 
    -0.012934944       13.9813884 
     -0.01287506       14.1199591 
    -0.012815176       14.2595978 
    -0.012755292       14.4071404 
    -0.012695408       14.5474614 
    -0.012635524       14.6886447 
     -0.01257564       14.8306904 
    -0.012515756       14.9735986 
    -0.012455872       15.1100314 
    -0.012395988       15.2556788 
    -0.012336104       15.4027027 
     -0.01227622       15.5511033 
    -0.012216336       15.7008804 
    -0.012156452       15.8649334 
    -0.012096568       16.0167183 
    -0.012036684       16.1696041 
      -0.0119768       16.3235907 
    -0.011916916       16.4786782 
    -0.011857032       16.6374051 
    -0.011797148       16.7944358 
    -0.011737264       16.9524885 
     -0.01167738        17.111563 
    -0.011617496       17.2716595 
    -0.011557612       17.4333317 
    -0.011497728       17.5954517 
    -0.011437844       17.7585751 
     -0.01137796       17.9227021 
    -0.011318076       18.0878325 
    -0.011258192       18.2539822 
    -0.011198308        18.421109 
    -0.011138424       18.5892143 
     -0.01107854       18.7582981 
    -0.011018656       18.9283605 
    -0.010958772       19.0990505 
    -0.010898888       19.2710575 
    -0.010839004       19.4440092 
     -0.01077912       19.6179056 
    -0.010719236       19.7927466 
    -0.010659352        19.967865 
    -0.010599468       20.1445806 
    -0.010539584        20.322198 
      -0.0104797       20.5007173 
    -0.010419816       20.6801384 
    -0.010359932       20.8595087 
    -0.010300048       21.0407175 
    -0.010240164       21.2227763 
     -0.01018028       21.4056851 
    -0.010120396        21.589444 
    -0.010060512       21.7740529 
    -0.010000628       21.9582768 
    -0.009940744        22.144509 
     -0.00988086       22.3315303 
    -0.009820976       22.5193409 
    -0.009761092       22.7079406 
    -0.009701208       22.8958408 
    -0.009641324       23.0859344 
     -0.00958144       23.2767471 
    -0.009521556       23.4682789 
    -0.009461672         23.66053 
    -0.009401788       23.8517667 
    -0.009341904       24.0453652 
     -0.00928202       24.2396037 
    -0.009222136       24.4344821 
    -0.009162252       24.6300005 
    -0.009102368       24.8241882 
    -0.009042484       25.0208908 
      -0.0089826        25.218145 
    -0.008922716       25.4159507 
    -0.008862832       25.6143079 
    -0.008802948       25.8110172 
    -0.008743064       26.0103788 
     -0.00868318       26.2101946 
    -0.008623296       26.4104644 
    -0.008563412       26.6111884 
    -0.008503528       26.8099477 
    -0.008443644       27.0114799 
     -0.00838376         27.21336 
    -0.008323876       27.4155881 
    -0.008263992       27.6181642 
    -0.008204108       27.8184617 
    -0.008144224       28.0216341 
     -0.00808434       28.2250399 
    -0.008024456       28.4286792 
    -0.007964572       28.6325521 
    -0.007904688       28.8338383 
    -0.007844804       29.0380806 
     -0.00778492       29.2424341 
    -0.007725036       29.4468989 
    -0.007665152       29.6514749 
    -0.007605268       29.8531654 
    -0.007545384       30.0578704 
      -0.0074855       30.2625573 
    -0.007425616        30.467226 
    -0.007365732       30.6718766 
    -0.007305848       30.8733559 
    -0.007245964       31.0778825 
     -0.00718608       31.2822554 
    -0.007126196       31.4864747 
    -0.007066312       31.6905402 
    -0.007006428       31.8911662 
    -0.006946544       32.0948439 
     -0.00688666       32.2982271 
    -0.006826776       32.5013159 
    -0.006766892       32.7041102 
    -0.006707008        32.903221 
    -0.006647124       33.1053545 
     -0.00658724       33.3070489 
    -0.006527356       33.5083041 
    -0.006467472       33.7091202 
    -0.006407588       33.9094971 
    -0.006347704       34.1059186 
     -0.00628782       34.3052078 
    -0.006227936       34.5039108 
    -0.006168052       34.7020275 
    -0.006108168        34.899558 
    -0.006048284       35.0929875 
      -0.0059884        35.289146 
    -0.005928516       35.4845709 
    -0.005868632        35.679262 
    -0.005808748       35.8732195 
    -0.005748864       36.0630227 
     -0.00568898       36.2553263 
    -0.005629096       36.4467518 
    -0.005569212       36.6372992 
    -0.005509328       36.8269684 
    -0.005449444       37.0125937 
     -0.00538956       37.2003365 
    -0.005329676       37.3870656 
    -0.005269792        37.572781 
    -0.005209908       37.7574827 
    -0.005150024       37.9385236 
     -0.00509014       38.1210489 
    -0.005030256       38.3024466 
    -0.004970372       38.4827169 
    -0.004910488       38.6618597 
    -0.004850604       38.8381173 
     -0.00479072       39.0148832 
    -0.004730836       39.1904638 
    -0.004670952       39.3648593 
    -0.004611068       39.5380696 
    -0.004551184       39.7073179 
      -0.0044913       39.8781491 
    -0.004431416       40.0477214 
    -0.004371532       40.2160347 
    -0.004311648       40.3830889 
    -0.004251764       40.5558705 
     -0.00419188       40.7209448 
    -0.004131996       40.8831975 
    -0.004072112       41.0426288 
    -0.004012228       41.1992385 
    -0.003952344       41.3346144 
     -0.00389246       41.4867358 
    -0.003832576       41.6365848 
    -0.003772692       41.7841612 
    -0.003712808       41.9294652 
    -0.003652924       42.0724967 
     -0.00359304       42.2132556 
    -0.003533156       42.3517421 
    -0.003473272       42.4879561 
    -0.003413388       42.6218975 
    -0.003353504       42.7098097 
     -0.00329362       42.8410998 
    -0.003233736       42.9707794 
    -0.003173852       43.0988485 
    -0.003113968       43.2253073 
    -0.003054084       43.3501556 
      -0.0029942       43.4733935 
    -0.002934316       43.5950209 
    -0.002874432        43.715038 
    -0.002814548       43.8546712 
    -0.002754664       43.9701996 
     -0.00269478       44.0835468 
    -0.002634896       44.1947127 
    -0.002575012       44.3036974 
    -0.002515128       44.4105008 
    -0.002455244        44.515123 
     -0.00239536       44.6175639 
    -0.002335476       44.7178236 
    -0.002275592       44.8159021 
    -0.002215708       44.9150427 
    -0.002155824       45.0080667 
     -0.00209594       45.0986903 
    -0.002036056       45.1869134 
    -0.001976172       45.2727361 
    -0.001916288       45.3561584 
    -0.001856404       45.4371802 
     -0.00179652       45.5158016 
    -0.001736636       45.5920225 
    -0.001676752       45.6678066 
    -0.001616868       45.7390615 
    -0.001556984       45.8077952 
      -0.0014971       45.8740076 
    -0.001437216       45.9376988 
    -0.001377332       45.9988688 
    -0.001317448       46.0575175 
    -0.001257564        46.113645 
     -0.00119768       46.1672513 
    -0.001137796       46.2183363 
    -0.001077912       46.2763963 
    -0.001018028       46.3222589 
    -0.000958144       46.3655007 
     -0.00089826       46.4061218 
    -0.000838376       46.4441222 
    -0.000778492       46.4795019 
    -0.000718608       46.5122608 
    -0.000658724        46.542399 
     -0.00059884       46.5699166 
    -0.000538956        46.596509 
    -0.000479072       46.6190645 
    -0.000419188       46.6389664 
    -0.000359304       46.6562147 
     -0.00029942       46.6708094 
    -0.000239536       46.6827505 
    -0.000179652       46.6920381 
    -0.000119768       46.6986721 
     -5.9884e-05       46.7026524 
               0       46.7039792 
      5.9884e-05       46.7026524 
     0.000119768       46.6986721 
     0.000179652       46.6920381 
     0.000239536       46.6827505 
      0.00029942       46.6708094 
     0.000359304       46.6562147 
     0.000419188       46.6389664 
     0.000479072       46.6190645 
     0.000538956        46.596509 
      0.00059884       46.5699166 
     0.000658724        46.542399 
     0.000718608       46.5122608 
     0.000778492       46.4795019 
     0.000838376       46.4441222 
      0.00089826       46.4061218 
     0.000958144       46.3655007 
     0.001018028       46.3222589 
     0.001077912       46.2763963 
     0.001137796       46.2183363 
      0.00119768       46.1672513 
     0.001257564        46.113645 
     0.001317448       46.0575175 
     0.001377332       45.9988688 
     0.001437216       45.9376988 
       0.0014971       45.8740076 
     0.001556984       45.8077952 
     0.001616868       45.7390615 
     0.001676752       45.6678066 
     0.001736636       45.5920225 
      0.00179652       45.5158016 
     0.001856404       45.4371802 
     0.001916288       45.3561584 
     0.001976172       45.2727361 
     0.002036056       45.1869134 
      0.00209594       45.0986903 
     0.002155824       45.0080667 
     0.002215708       44.9150427 
     0.002275592       44.8159021 
     0.002335476       44.7178236 
      0.00239536       44.6175639 
     0.002455244        44.515123 
     0.002515128       44.4105008 
     0.002575012       44.3036974 
     0.002634896       44.1947127 
      0.00269478       44.0835468 
     0.002754664       43.9701996 
     0.002814548       43.8546712 
     0.002874432        43.715038 
     0.002934316       43.5950209 
       0.0029942       43.4733935 
     0.003054084       43.3501556 
     0.003113968       43.2253073 
     0.003173852       43.0988485 
     0.003233736       42.9707794 
      0.00329362       42.8410998 
     0.003353504       42.7098097 
     0.003413388       42.6218975 
     0.003473272       42.4879561 
     0.003533156       42.3517421 
      0.00359304       42.2132556 
     0.003652924       42.0724967 
     0.003712808       41.9294652 
     0.003772692       41.7841612 
     0.003832576       41.6365848 
      0.00389246       41.4867358 
     0.003952344       41.3346144 
     0.004012228       41.1992385 
     0.004072112       41.0426288 
     0.004131996       40.8831975 
      0.00419188       40.7209448 
     0.004251764       40.5558705 
     0.004311648       40.3830889 
     0.004371532       40.2160347 
     0.004431416       40.0477214 
       0.0044913       39.8781491 
     0.004551184       39.7073179 
     0.004611068       39.5380696 
     0.004670952       39.3648593 
     0.004730836       39.1904638 
      0.00479072       39.0148832 
     0.004850604       38.8381173 
     0.004910488       38.6618597 
     0.004970372       38.4827169 
     0.005030256       38.3024466 
      0.00509014       38.1210489 
     0.005150024       37.9385236 
     0.005209908       37.7574827 
     0.005269792        37.572781 
     0.005329676       37.3870656 
      0.00538956       37.2003365 
     0.005449444       37.0125937 
     0.005509328       36.8269684 
     0.005569212       36.6372992 
     0.005629096       36.4467518 
      0.00568898       36.2553263 
     0.005748864       36.0630227 
     0.005808748       35.8732195 
     0.005868632        35.679262 
     0.005928516       35.4845709 
       0.0059884        35.289146 
     0.006048284       35.0929875 
     0.006108168        34.899558 
     0.006168052       34.7020275 
     0.006227936       34.5039108 
      0.00628782       34.3052078 
     0.006347704       34.1059186 
     0.006407588       33.9094971 
     0.006467472       33.7091202 
     0.006527356       33.5083041 
      0.00658724       33.3070489 
     0.006647124       33.1053545 
     0.006707008        32.903221 
     0.006766892       32.7041102 
     0.006826776       32.5013159 
      0.00688666       32.2982271 
     0.006946544       32.0948439 
     0.007006428       31.8911662 
     0.007066312       31.6905402 
     0.007126196       31.4864747 
      0.00718608       31.2822554 
     0.007245964       31.0778825 
     0.007305848       30.8733559 
     0.007365732       30.6718766 
     0.007425616        30.467226 
       0.0074855       30.2625573 
     0.007545384       30.0578704 
     0.007605268       29.8531654 
     0.007665152       29.6514749 
     0.007725036       29.4468989 
      0.00778492       29.2424341 
     0.007844804       29.0380806 
     0.007904688       28.8338383 
     0.007964572       28.6325521 
     0.008024456       28.4286792 
      0.00808434       28.2250399 
     0.008144224       28.0216341 
     0.008204108       27.8184617 
     0.008263992       27.6181642 
     0.008323876       27.4155881 
      0.00838376         27.21336 
     0.008443644       27.0114799 
     0.008503528       26.8099477 
     0.008563412       26.6111884 
     0.008623296       26.4104644 
      0.00868318       26.2101946 
     0.008743064       26.0103788 
     0.008802948       25.8110172 
     0.008862832       25.6143079 
     0.008922716       25.4159507 
       0.0089826        25.218145 
     0.009042484       25.0208908 
     0.009102368       24.8241882 
     0.009162252       24.6300005 
     0.009222136       24.4344821 
      0.00928202       24.2396037 
     0.009341904       24.0453652 
     0.009401788       23.8517667 
     0.009461672         23.66053 
     0.009521556       23.4682789 
      0.00958144       23.2767471 
     0.009641324       23.0859344 
     0.009701208       22.8958408 
     0.009761092       22.7079406 
     0.009820976       22.5193409 
      0.00988086       22.3315303 
     0.009940744        22.144509 
     0.010000628       21.9582768 
     0.010060512       21.7740529 
     0.010120396        21.589444 
      0.01018028       21.4056851 
     0.010240164       21.2227763 
     0.010300048       21.0407175 
     0.010359932       20.8595087 
     0.010419816       20.6801384 
       0.0104797       20.5007173 
     0.010539584        20.322198 
     0.010599468       20.1445806 
     0.010659352        19.967865 
     0.010719236       19.7927466 
      0.01077912       19.6179056 
     0.010839004       19.4440092 
     0.010898888       19.2710575 
     0.010958772       19.0990505 
     0.011018656       18.9283605 
      0.01107854       18.7582981 
     0.011138424       18.5892143 
     0.011198308        18.421109 
     0.011258192       18.2539822 
     0.011318076       18.0878325 
      0.01137796       17.9227021 
     0.011437844       17.7585751 
     0.011497728       17.5954517 
     0.011557612       17.4333317 
     0.011617496       17.2716595 
      0.01167738        17.111563 
     0.011737264       16.9524885 
     0.011797148       16.7944358 
     0.011857032       16.6374051 
     0.011916916       16.4786782 
       0.0119768       16.3235907 
     0.012036684       16.1696041 
     0.012096568       16.0167183 
     0.012156452       15.8649334 
     0.012216336       15.7008804 
      0.01227622       15.5511033 
     0.012336104       15.4027027 
     0.012395988       15.2556788 
     0.012455872       15.1100314 
     0.012515756       14.9735986 
      0.01257564       14.8306904 
     0.012635524       14.6886447 
     0.012695408       14.5474614 
     0.012755292       14.4071404 
     0.012815176       14.2595978 
      0.01287506       14.1199591 
     0.012934944       13.9813884 
     0.012994828       13.8438857 
     0.013054712       13.7074509 
     0.013114596       13.5720841 
      0.01317448       13.4377852 
     0.013234364       13.3045543 
     0.013294248       13.1723913 
     0.013354132       13.0412963 
     0.013414016       12.8941145 
       0.0134739       12.7649654 
     0.013533784        12.637083 
     0.013593668       12.5104673 
     0.013653552       12.3851183 
     0.013713436       12.2610361 
      0.01377332       12.1382205 
     0.013833204       12.0166716 
     0.013893088       11.8963895 
     0.013952972       11.7773741 
     0.014012856       11.6817047 
      0.01407274       11.5658447 
     0.014132624       11.4509024 
     0.014192508       11.3368777 
     0.014252392       11.2237707 
     0.014312276       11.1115814 
      0.01437216       11.0003097 
     0.014432044       10.8899558 
     0.014491928       10.7805194 
     0.014551812       10.6720007 
     0.014611696        10.560902 
      0.01467158       10.4543711 
     0.014731464       10.3486681 
     0.014791348       10.2437928 
     0.014851232       10.1397452 
     0.014911116       10.0365255 
        0.014971       9.93413361 
     0.015030884       9.83256947 
     0.015090768       9.73183313 
     0.015150652       9.63192459 
     0.015210536       9.53284383 
      0.01527042       9.43459086 
     0.015330304       9.33716569 
     0.015390188        9.2405683 
     0.015450072       9.14479871 
     0.015509956       9.04985691 
      0.01556984       8.95574291 
     0.015629724       8.86245669 
     0.015689608       8.76999826 
     0.015749492       8.68789206 
     0.015809376        8.5972404 
      0.01586926       8.50737996 
     0.015929144       8.41831073 
     0.015989028       8.33003271 
     0.016048912       8.24254592 
     0.016108796       8.15585034 
      0.01616868       8.06994597 
     0.016228564       7.98483282 
     0.016288448       7.90051089 
     0.016348332       7.81698017 
     0.016408216       7.73424067 
       0.0164681       7.65229238 
     0.016527984       7.57113531 
     0.016587868       7.49076945 
     0.016647752       7.41119481 
     0.016707636       7.33241139 
      0.01676752       7.25441918 
     0.016827404       7.19113824 
     0.016887288       7.11477549 
     0.016947172       7.03913121 
     0.017007056       6.96420542 
      0.01706694       6.88999811 
     0.017126824       6.81650927 
     0.017186708       6.74373892 
     0.017246592       6.67168705 
     0.017306476       6.60035367 
      0.01736636       6.52973876 
     0.017426244       6.45984233 
     0.017486128       6.39066438 
     0.017546012       6.32220492 
     0.017605896       6.25446394 
      0.01766578       6.18744143 
     0.017725664       6.12113741 
     0.017785548       6.05555187 
     0.017845432       5.99068481 
     0.017905316       5.93124356 
       0.0179652       5.86776348 
     0.018025084       5.80490361 
     0.018084968       5.74266395 
     0.018144852        5.6810445 
     0.018204736       5.62004526 
      0.01826462       5.55966623 
     0.018324504       5.49990742 
     0.018384388       5.44076881 
     0.018444272       5.38225042 
     0.018504156       5.32435223 
      0.01856404       5.26707426 
     0.018623924        5.2104165 
     0.018683808       5.15437895 
     0.018743692       5.09896161 
     0.018803576       5.04416448 
      0.01886346       4.98998757 
     0.018923344       4.93643086 
     0.018983228       4.88349437 
     0.019043112       4.83374006 
     0.019102996       4.78192052 
      0.01916288       4.73062918 
     0.019222764       4.67986604 
     0.019282648       4.62963109 
     0.019342532       4.57992435 
     0.019402416       4.53074581 
       0.0194623       4.48209547 
     0.019522184       4.43397332 
     0.019582068       4.38637938 
     0.019641952       4.33931364 
     0.019701836        4.2927761 
      0.01976172       4.24676675 
     0.019821604       4.20128561 
     0.019881488       4.15633267 
     0.019941372       4.11190793 
     0.020001256       4.06801138 
      0.02006114       4.02464304 
     0.020121024       3.98375125 
     0.020180908       3.94135179 
     0.020240792       3.89939883 
     0.020300676       3.85789237 
      0.02036056       3.81683241 
     0.020420444       3.77621896 
     0.020480328         3.736052 
     0.020540212       3.69633155 
     0.020600096        3.6570576 
      0.02065998       3.61823015 
     0.020719864        3.5798492 
     0.020779748       3.54191475 
     0.020839632       3.50442681 
     0.020899516       3.46738536 
       0.0209594       3.43079042 
     0.021019284       3.39464198 
     0.021079168       3.35894004 
     0.021139052        3.3236846 
     0.021198936       3.29041663 
      0.02125882       3.25599907 
     0.021318704       3.22195762 
     0.021378588       3.18829226 
     0.021438472         3.155003 
     0.021498356       3.12208985 
      0.02155824       3.08955279 
     0.021618124       3.05739183 
     0.021678008       3.02560697 
     0.021737892       2.99419821 
     0.021797776       2.96316555 
      0.02185766       2.93250899 
     0.021917544       2.90222853 
     0.021977428       2.87232417 
     0.022037312        2.8427959 
     0.022097196       2.81364374 
      0.02215708       2.78486768 
     0.022216964       2.75646771 
     0.022276848        2.7296915 
     0.022336732       2.70201539 
     0.022396616        2.6746563 
       0.0224565       2.64761423 
     0.022516384       2.62088918 
     0.022576268       2.59448116 
     0.022636152       2.56839015 
     0.022696036       2.54261616 
      0.02275592        2.5171592 
     0.022815804       2.49201925 
     0.022875688       2.46719632 
     0.022935572       2.44269042 
     0.022995456       2.41850153 
      0.02305534       2.39462966 
     0.023115224       2.37107482 
     0.023175108       2.34783699 
     0.023234992       2.32491619 
     0.023294876        2.3023124 
      0.02335476       2.28002564 
     0.023414644       2.25907772 
     0.023474528       2.23736878 
     0.023534412       2.21592848 
     0.023594296       2.19475684 
      0.02365418       2.17385385 
     0.023714064       2.15321951 
     0.023773948       2.13285382 
     0.023833832       2.11275678 
     0.023893716        2.0929284 
       0.0239536       2.07336866 
     0.024013484       2.05407758 
     0.024073368       2.03505515 
     0.024133252       2.01630137 
     0.024193136       1.99781624 
      0.02425302       1.97959977 
     0.024312904       1.96165194 
     0.024372788       1.94397277 
     0.024432672       1.92656225 
     0.024492556       1.91032064 
      0.02455244       1.89341565 
     0.024612324       1.87674073 
     0.024672208        1.8602959 
     0.024732092       1.84408114 
     0.024791976       1.82809645 
      0.02485186       1.81234184 
     0.024911744       1.79681731 
     0.024971628       1.78152285 
     0.025031512       1.76645847 
     0.025091396       1.75162416 
      0.02515128       1.73701993 
     0.025211164       1.72264578 
     0.025271048        1.7085017 
     0.025330932        1.6945877 
     0.025390816       1.68090377 
       0.0254507       1.66744992 
     0.025510584       1.65422614 
     0.025570468        1.6421364 
     0.025630352       1.62936038 
     0.025690236       1.61678445 
      0.02575012       1.60440861 
     0.025810004       1.59223287 
     0.025869888       1.58025722 
     0.025929772       1.56848166 
     0.025989656        1.5569062 
      0.02604954       1.54553083 
     0.026109424       1.53435556 
     0.026169308       1.52338038 
     0.026229192       1.51260529 
     0.026289076        1.5020303 
      0.02634896        1.4916554 
     0.026408844       1.48148059 
     0.026468728       1.47150588 
     0.026528612       1.46173126 
     0.026588496       1.45215674 
      0.02664838       1.44278231 
     0.026708264       1.43829016 
     0.026768148       1.42939842 
     0.026828032       1.42067289 
     0.026887916       1.41211355 
       0.0269478       1.40372042 
     0.027007684       1.39549349 
     0.027067568       1.38743275 
     0.027127452       1.37953822 
     0.027187336       1.37180989 
      0.02724722       1.36424776 
     0.027307104       1.35685183 
     0.027366988        1.3496221 
     0.027426872       1.34255857 
     0.027486756       1.33566125 
      0.02754664       1.32893012 
     0.027606524       1.32236519 
     0.027666408       1.31596647 
     0.027726292       1.30973394 
     0.027786176       1.30020968 
      0.02784606       1.29429132 
     0.027905944       1.28853968 
     0.027965828       1.28295475 
     0.028025712       1.27753653 
     0.028085596       1.27228503 
      0.02814548       1.26720024 
     0.028205364       1.26228217 
     0.028265248       1.25753081 
     0.028325132       1.25294616 
     0.028385016       1.24852823 
       0.0284449       1.24427702 
     0.028504784       1.24019252 
     0.028564668       1.23627473 
     0.028624552       1.23252366 
     0.028684436        1.2289393 
      0.02874432       1.22552165 
     0.028804204       1.22227072 
     0.028864088       1.21738236 
     0.028923972       1.21431443 
     0.028983856       1.21142181 
      0.02904374        1.2087045 
     0.029103624        1.2061625 
     0.029163508       1.20379581 
     0.029223392       1.20160443 
     0.029283276       1.19958836 
      0.02934316        1.1977476 
     0.029403044       1.19608216 
     0.029462928       1.19459202 
     0.029522812       1.19327719 
     0.029582696       1.19213767 
      0.02964258       1.19117347 
     0.029702464       1.19038457 
     0.029762348       1.18977098 
     0.029822232       1.18933271 
     0.029882116       1.18906974 
        0.029942       1.18898209 
