      -0.0321275      0.801408487 
    -0.032063245      0.801476958 
     -0.03199899      0.801682373 
    -0.031934735       0.80202473 
     -0.03187048      0.802504031 
    -0.031806225      0.803120274 
     -0.03174197       0.80387346 
    -0.031677715       0.80476359 
     -0.03161346      0.805790662 
    -0.031549205      0.806954677 
     -0.03148495      0.808255636 
    -0.031420695      0.809693537 
     -0.03135644      0.811268381 
    -0.031292185      0.812980169 
     -0.03122793      0.814828899 
    -0.031163675      0.816814572 
     -0.03109942      0.818937188 
    -0.031035165      0.821196748 
     -0.03097091       0.82480134 
    -0.030906655      0.827208082 
      -0.0308424      0.829744918 
    -0.030778145      0.832411848 
     -0.03071389      0.835208872 
    -0.030649635      0.838135991 
     -0.03058538      0.841193204 
    -0.030521125      0.844380511 
     -0.03045687      0.847697912 
    -0.030392615      0.851145407 
     -0.03032836      0.854722996 
    -0.030264105       0.85843068 
     -0.03019985      0.862268458 
    -0.030135595       0.86623633 
     -0.03007134      0.870334296 
    -0.030007085      0.874562356 
     -0.02994283       0.87892051 
    -0.029878575       0.88592548 
     -0.02981432      0.890532453 
    -0.029750065        0.8952692 
     -0.02968581      0.900135721 
    -0.029621555      0.905132015 
      -0.0295573      0.910258084 
    -0.029493045      0.915513927 
     -0.02942879      0.920899543 
    -0.029364535      0.926414933 
     -0.02930028      0.932060097 
    -0.029236025      0.937835035 
     -0.02917177      0.943739747 
    -0.029107515      0.949774233 
     -0.02904326      0.955938493 
    -0.028979005      0.962232527 
     -0.02891475      0.968656334 
    -0.028850495      0.975209915 
     -0.02878624      0.978555167 
    -0.028721985       0.98548459 
     -0.02865773      0.992571703 
    -0.028593475      0.999816507 
     -0.02852922         1.007219 
    -0.028464965       1.01477918 
     -0.02840071       1.02249706 
    -0.028336455       1.03037262 
      -0.0282722       1.03840588 
    -0.028207945       1.04659682 
     -0.02814369       1.05494546 
    -0.028079435       1.06345178 
     -0.02801518        1.0721158 
    -0.027950925       1.08093751 
     -0.02788667        1.0899169 
    -0.027822415       1.09905399 
     -0.02775816       1.10834876 
    -0.027693905       1.11780123 
     -0.02762965       1.12675593 
    -0.027565395       1.13656059 
     -0.02750114        1.1465478 
    -0.027436885       1.15671756 
     -0.02737263       1.16706986 
    -0.027308375        1.1776047 
     -0.02724412        1.1883221 
    -0.027179865       1.19922204 
     -0.02711561       1.21030453 
    -0.027051355       1.22156956 
      -0.0269871       1.23301714 
    -0.026922845       1.24464726 
     -0.02685859       1.25645993 
    -0.026794335       1.26845515 
     -0.02673008       1.28063292 
    -0.026665825       1.29299323 
     -0.02660157       1.30553609 
    -0.026537315       1.31758724 
     -0.02647306       1.33052921 
    -0.026408805       1.34368602 
     -0.02634455       1.35705768 
    -0.026280295       1.37064418 
     -0.02621604       1.38444553 
    -0.026151785       1.39846172 
     -0.02608753       1.41269276 
    -0.026023275       1.42713864 
     -0.02595902       1.44179936 
    -0.025894765       1.45667493 
     -0.02583051       1.47176535 
    -0.025766255       1.48707061 
       -0.025702       1.50259071 
    -0.025637745       1.51832566 
     -0.02557349       1.53427545 
    -0.025509235       1.55044009 
     -0.02544498         1.566035 
    -0.025380725       1.58265769 
     -0.02531647       1.59953624 
    -0.025252215       1.61667064 
     -0.02518796        1.6340609 
    -0.025123705       1.65170702 
     -0.02505945         1.669609 
    -0.024995195       1.68776683 
     -0.02493094       1.70618053 
    -0.024866685       1.72485008 
     -0.02480243       1.74377549 
    -0.024738175       1.76295675 
     -0.02467392       1.78239388 
    -0.024609665       1.80208686 
     -0.02454541        1.8220357 
    -0.024481155        1.8422404 
      -0.0244169       1.86270095 
    -0.024352645       1.88341737 
     -0.02428839        1.9034545 
    -0.024224135       1.92475134 
     -0.02415988       1.94635497 
    -0.024095625        1.9682654 
     -0.02403137       1.99048262 
    -0.023967115       2.01300663 
     -0.02390286       2.03583745 
    -0.023838605       2.05897505 
     -0.02377435       2.08241945 
    -0.023710095       2.10617065 
     -0.02364584       2.13022864 
    -0.023581585       2.15459343 
     -0.02351733       2.17926501 
    -0.023453075       2.20424339 
     -0.02338882       2.22952856 
    -0.023324565       2.25512053 
     -0.02326031       2.28101929 
    -0.023196055       2.30605615 
      -0.0231318       2.33263165 
    -0.023067545       2.35957601 
     -0.02300329       2.38688923 
    -0.022939035       2.41457131 
     -0.02287478       2.44262225 
    -0.022810525       2.47104204 
     -0.02274627        2.4998307 
    -0.022682015       2.52898822 
     -0.02261776        2.5585146 
    -0.022553505       2.58840983 
     -0.02248925       2.61867393 
    -0.022424995       2.64930688 
     -0.02236074       2.68030869 
    -0.022296485       2.71167937 
     -0.02223223        2.7434189 
    -0.022167975       2.77552729 
     -0.02210372       2.80653504 
    -0.022039465        2.8394328 
     -0.02197521       2.87277364 
    -0.021910955       2.90655753 
      -0.0218467       2.94078448 
    -0.021782445        2.9754545 
     -0.02171819       3.01056758 
    -0.021653935       3.04612373 
     -0.02158968       3.08212293 
    -0.021525425        3.1185652 
     -0.02146117       3.15545053 
    -0.021396915       3.19277892 
     -0.02133266       3.23055038 
    -0.021268405        3.2687649 
     -0.02120415       3.30742248 
    -0.021139895       3.34652312 
     -0.02107564       3.38606683 
    -0.021011385        3.4260536 
     -0.02094713       3.46463751 
    -0.020882875       3.50563083 
     -0.02081862       3.54715406 
    -0.020754365       3.58920718 
     -0.02069011        3.6317902 
    -0.020625855       3.67490312 
      -0.0205616       3.71854594 
    -0.020497345       3.76271865 
     -0.02043309       3.80742126 
    -0.020368835       3.85265377 
     -0.02030458       3.89841617 
    -0.020240325       3.94470848 
     -0.02017607       3.99153068 
    -0.020111815       4.03888278 
     -0.02004756       4.08676477 
    -0.019983305       4.13517666 
     -0.01991905       4.18411846 
    -0.019854795       4.23111661 
     -0.01979054       4.28122651 
    -0.019726285       4.33196545 
     -0.01966203       4.38333344 
    -0.019597775       4.43533046 
     -0.01953352       4.48795652 
    -0.019469265       4.54121161 
     -0.01940501       4.59509575 
    -0.019340755       4.64960892 
      -0.0192765       4.70475113 
    -0.019212245       4.76052238 
     -0.01914799       4.81692267 
    -0.019083735         4.873952 
     -0.01901948       4.93161036 
    -0.018955225       4.98989776 
     -0.01889097        5.0488142 
    -0.018826715       5.10835968 
     -0.01876246       5.16404064 
    -0.018698205       5.22494068 
     -0.01863395        5.2865776 
    -0.018569695       5.34895141 
     -0.01850544       5.41206209 
    -0.018441185       5.47590966 
     -0.01837693       5.54049411 
    -0.018312675       5.60581545 
     -0.01824842       5.67187366 
    -0.018184165       5.73866876 
     -0.01811991       5.80620075 
    -0.018055655       5.87446961 
      -0.0179914       5.94347536 
    -0.017927145       6.01321798 
     -0.01786289       6.08369749 
    -0.017798635       6.15491389 
     -0.01773438       6.22686716 
    -0.017670125       6.29955732 
     -0.01760587       6.35979002 
    -0.017541615       6.43418998 
     -0.01747736       6.50940926 
    -0.017413105       6.58544785 
     -0.01734885       6.66230575 
    -0.017284595       6.73998296 
     -0.01722034       6.81847949 
    -0.017156085       6.89779533 
     -0.01709183       6.97793048 
    -0.017027575       7.05888494 
     -0.01696332       7.14065872 
    -0.016899065       7.22325181 
     -0.01683481       7.30666421 
    -0.016770555       7.39089593 
      -0.0167063       7.47594696 
    -0.016642045        7.5618173 
     -0.01657779       7.64850696 
    -0.016513535        7.7290555 
     -0.01644928       7.81762136 
    -0.016385025       7.90705039 
     -0.01632077       7.99734261 
    -0.016256515         8.088498 
     -0.01619226       8.18051656 
    -0.016128005       8.27339831 
     -0.01606375       8.36714323 
    -0.015999495       8.46175132 
     -0.01593524        8.5572226 
    -0.015870985       8.65355705 
     -0.01580673       8.75075467 
    -0.015742475       8.84881548 
     -0.01567822       8.94773946 
    -0.015613965       9.04752661 
     -0.01554971       9.14817695 
    -0.015485455       9.24969046 
      -0.0154212       9.35294701 
    -0.015356945       9.45666035 
     -0.01529269       9.56136421 
    -0.015228435        9.6670586 
     -0.01516418       9.77374351 
    -0.015099925       9.88141894 
     -0.01503567       9.99008489 
    -0.014971415       10.0997414 
     -0.01490716       10.2103884 
    -0.014842905       10.3220259 
     -0.01477865       10.4173982 
    -0.014714395        10.532357 
     -0.01465014       10.6486674 
    -0.014585885       10.7663294 
     -0.01452163        10.885343 
    -0.014457375       11.0057083 
     -0.01439312       11.1274251 
    -0.014328865       11.2504936 
     -0.01426461       11.3749137 
    -0.014200355       11.5164483 
      -0.0141361       11.6430559 
    -0.014071845       11.7708176 
     -0.01400759       11.8997335 
    -0.013943335       12.0298037 
     -0.01387908        12.161028 
    -0.013814825       12.2934065 
     -0.01375057       12.4269392 
    -0.013686315        12.561626 
     -0.01362206       12.7040689 
    -0.013557805       12.8398574 
     -0.01349355       12.9766119 
    -0.013429295       13.1143326 
     -0.01336504       13.2530192 
    -0.013300785       13.3864759 
     -0.01323653       13.5280323 
    -0.013172275       13.6710988 
     -0.01310802       13.8156757 
    -0.013043765       13.9617628 
     -0.01297951       14.1210651 
    -0.012915255       14.2693908 
       -0.012851       14.4189499 
    -0.012786745       14.5697421 
     -0.01272249       14.7243642 
    -0.012658235       14.8774109 
     -0.01259398       15.0316202 
    -0.012529725       15.1869921 
     -0.01246547       15.3435267 
    -0.012401215       15.5019694 
     -0.01233696       15.6608197 
    -0.012272705       15.8208257 
     -0.01220845       15.9819874 
    -0.012144195       16.1443049 
     -0.01207994       16.3080544 
    -0.012015685        16.472678 
     -0.01195143       16.6384443 
    -0.011887175       16.8053534 
     -0.01182292       16.9734053 
    -0.011758665       17.1425588 
     -0.01169441       17.3128775 
    -0.011630155       17.4843174 
      -0.0115659       17.6568785 
    -0.011501645       17.8302478 
     -0.01143739       18.0050422 
    -0.011373135       18.1809277 
     -0.01130888       18.3579041 
    -0.011244625       18.5359715 
     -0.01118037       18.7145696 
    -0.011116115       18.8947921 
     -0.01105186       19.0760666 
    -0.010987605       19.2583929 
     -0.01092335       19.4417712 
    -0.010859095       19.6254022 
     -0.01079484       19.8108341 
    -0.010730585       19.9972698 
     -0.01066633       20.1847092 
    -0.010602075       20.3721351 
     -0.01053782       20.5615602 
    -0.010473565       20.7519316 
     -0.01040931       20.9432493 
    -0.010345055       21.1355134 
      -0.0102808       21.3274844 
    -0.010216545       21.5215936 
     -0.01015229       21.7165821 
    -0.010088035       21.9124501 
     -0.01002378       22.1091974 
    -0.009959525       22.3053568 
     -0.00989527       22.5037837 
    -0.009831015       22.7030134 
     -0.00976676       22.9030459 
    -0.009702505       23.1022079 
     -0.00963825       23.3038156 
    -0.009573995       23.5061398 
     -0.00950974       23.7091804 
    -0.009445485       23.9129374 
     -0.00938123       24.1155253 
    -0.009316975       24.3206514 
     -0.00925272       24.5263978 
    -0.009188465       24.7327648 
     -0.00912421       24.9397521 
    -0.009059955       25.1452574 
      -0.0089957       25.3533827 
    -0.008931445       25.5620229 
     -0.00886719       25.7711781 
    -0.008802935       25.9808482 
     -0.00873868        26.188709 
    -0.008674425       26.3992617 
     -0.00861017       26.6102148 
    -0.008545915       26.8215682 
     -0.00848166       27.0308443 
    -0.008417405       27.2429253 
     -0.00835315       27.4552833 
    -0.008288895       27.6679184 
     -0.00822464       27.8808304 
    -0.008160385       28.0913569 
     -0.00809613       28.3047049 
    -0.008031875       28.5181985 
     -0.00796762       28.7318378 
    -0.007903365       28.9456227 
     -0.00783911       29.1567078 
    -0.007774855        29.370617 
      -0.0077106       29.5845331 
    -0.007646345       29.7984562 
     -0.00758209       30.0094357 
    -0.007517835       30.2232989 
     -0.00745358       30.4370239 
    -0.007389325        30.650611 
     -0.00732507         30.86406 
    -0.007260815       31.0742969 
     -0.00719656       31.2873474 
    -0.007132305       31.5001096 
     -0.00706805       31.7125835 
    -0.007003795       31.9247691 
     -0.00693954       32.1334837 
    -0.006875285       32.3449202 
     -0.00681103       32.5559143 
    -0.006746775        32.766466 
     -0.00668252       32.9765753 
    -0.006618265       33.1829752 
     -0.00655401        33.391977 
    -0.006489755       33.6003803 
      -0.0064255        33.808185 
    -0.006361245       34.0122001 
     -0.00629699       34.2186929 
    -0.006232735       34.4244313 
     -0.00616848       34.6294155 
    -0.006104225       34.8336453 
     -0.00603997       35.0340266 
    -0.005975715       35.2365874 
     -0.00591146       35.4382426 
    -0.005847205        35.638992 
     -0.00578295       35.8388358 
    -0.005718695       36.0349465 
     -0.00565444       36.2327816 
    -0.005590185       36.4295714 
     -0.00552593        36.625316 
    -0.005461675       36.8178574 
     -0.00539742       37.0114125 
    -0.005333165       37.2038112 
     -0.00526891       37.3950535 
    -0.005204655       37.5851392 
      -0.0051404       37.7729629 
    -0.005076145       37.9606221 
     -0.00501189        38.147086 
    -0.004947635       38.3323544 
     -0.00488338       38.5164274 
    -0.004819125       38.6972981 
     -0.00475487       38.8789747 
    -0.004690615       39.0594018 
     -0.00462636       39.2385792 
    -0.004562105        39.416507 
     -0.00449785       39.6027126 
    -0.004433595       39.7774059 
     -0.00436934       39.9489529 
    -0.004305085       40.1173538 
     -0.00424083       40.2629232 
    -0.004176575       40.4256807 
     -0.00411232       40.5861326 
    -0.004048065        40.744279 
     -0.00398381         40.90012 
    -0.003919555       41.0536553 
      -0.0038553       41.2048852 
    -0.003791045       41.3538095 
     -0.00372679       41.5004283 
    -0.003662535       41.6447416 
     -0.00359828       41.7581819 
    -0.003534025       41.9002201 
     -0.00346977        42.040803 
    -0.003405515       42.1799305 
     -0.00334126       42.3176026 
    -0.003277005       42.4538195 
     -0.00321275       42.5885809 
    -0.003148495        42.721887 
     -0.00308424       42.8537377 
    -0.003019985       43.0270187 
     -0.00295573       43.1553336 
    -0.002891475       43.2802039 
     -0.00282722       43.4016296 
    -0.002762965       43.5196107 
     -0.00269871        43.634147 
    -0.002634455       43.7452388 
      -0.0025702       43.8528859 
    -0.002505945       43.9570884 
     -0.00244169       44.0444283 
    -0.002377435       44.1369943 
     -0.00231318        44.227092 
    -0.002248925       44.3147212 
     -0.00218467        44.399882 
    -0.002120415       44.4825744 
     -0.00205616       44.5627983 
    -0.001991905       44.6405538 
     -0.00192765       44.7158409 
    -0.001863395       44.7886595 
     -0.00179914       44.8590097 
    -0.001734885       44.9268915 
     -0.00167063       44.9923049 
    -0.001606375       45.0552498 
     -0.00154212       45.1157263 
    -0.001477865       45.1737344 
     -0.00141361        45.229274 
    -0.001349355       45.2823453 
      -0.0012851       45.3329481 
    -0.001220845       45.3808661 
     -0.00115659       45.4271644 
    -0.001092335       45.4709601 
     -0.00102808       45.5122531 
    -0.000963825       45.5510436 
     -0.00089957       45.5873314 
    -0.000835315       45.6211167 
     -0.00077106       45.6523993 
    -0.000706805       45.6811793 
     -0.00064255       45.7074567 
    -0.000578295       45.7312315 
     -0.00051404       45.7525037 
    -0.000449785       45.7712733 
     -0.00038553       45.7875402 
    -0.000321275       45.8013046 
     -0.00025702       45.8125663 
    -0.000192765       45.8213255 
     -0.00012851        45.827582 
     -6.4255e-05       45.8313359 
               0       45.8325872 
      6.4255e-05       45.8313359 
      0.00012851        45.827582 
     0.000192765       45.8213255 
      0.00025702       45.8125663 
     0.000321275       45.8013046 
      0.00038553       45.7875402 
     0.000449785       45.7712733 
      0.00051404       45.7525037 
     0.000578295       45.7312315 
      0.00064255       45.7074567 
     0.000706805       45.6811793 
      0.00077106       45.6523993 
     0.000835315       45.6211167 
      0.00089957       45.5873314 
     0.000963825       45.5510436 
      0.00102808       45.5122531 
     0.001092335       45.4709601 
      0.00115659       45.4271644 
     0.001220845       45.3808661 
       0.0012851       45.3329481 
     0.001349355       45.2823453 
      0.00141361        45.229274 
     0.001477865       45.1737344 
      0.00154212       45.1157263 
     0.001606375       45.0552498 
      0.00167063       44.9923049 
     0.001734885       44.9268915 
      0.00179914       44.8590097 
     0.001863395       44.7886595 
      0.00192765       44.7158409 
     0.001991905       44.6405538 
      0.00205616       44.5627983 
     0.002120415       44.4825744 
      0.00218467        44.399882 
     0.002248925       44.3147212 
      0.00231318        44.227092 
     0.002377435       44.1369943 
      0.00244169       44.0444283 
     0.002505945       43.9570884 
       0.0025702       43.8528859 
     0.002634455       43.7452388 
      0.00269871        43.634147 
     0.002762965       43.5196107 
      0.00282722       43.4016296 
     0.002891475       43.2802039 
      0.00295573       43.1553336 
     0.003019985       43.0270187 
      0.00308424       42.8537377 
     0.003148495        42.721887 
      0.00321275       42.5885809 
     0.003277005       42.4538195 
      0.00334126       42.3176026 
     0.003405515       42.1799305 
      0.00346977        42.040803 
     0.003534025       41.9002201 
      0.00359828       41.7581819 
     0.003662535       41.6447416 
      0.00372679       41.5004283 
     0.003791045       41.3538095 
       0.0038553       41.2048852 
     0.003919555       41.0536553 
      0.00398381         40.90012 
     0.004048065        40.744279 
      0.00411232       40.5861326 
     0.004176575       40.4256807 
      0.00424083       40.2629232 
     0.004305085       40.1173538 
      0.00436934       39.9489529 
     0.004433595       39.7774059 
      0.00449785       39.6027126 
     0.004562105        39.416507 
      0.00462636       39.2385792 
     0.004690615       39.0594018 
      0.00475487       38.8789747 
     0.004819125       38.6972981 
      0.00488338       38.5164274 
     0.004947635       38.3323544 
      0.00501189        38.147086 
     0.005076145       37.9606221 
       0.0051404       37.7729629 
     0.005204655       37.5851392 
      0.00526891       37.3950535 
     0.005333165       37.2038112 
      0.00539742       37.0114125 
     0.005461675       36.8178574 
      0.00552593        36.625316 
     0.005590185       36.4295714 
      0.00565444       36.2327816 
     0.005718695       36.0349465 
      0.00578295       35.8388358 
     0.005847205        35.638992 
      0.00591146       35.4382426 
     0.005975715       35.2365874 
      0.00603997       35.0340266 
     0.006104225       34.8336453 
      0.00616848       34.6294155 
     0.006232735       34.4244313 
      0.00629699       34.2186929 
     0.006361245       34.0122001 
       0.0064255        33.808185 
     0.006489755       33.6003803 
      0.00655401        33.391977 
     0.006618265       33.1829752 
      0.00668252       32.9765753 
     0.006746775        32.766466 
      0.00681103       32.5559143 
     0.006875285       32.3449202 
      0.00693954       32.1334837 
     0.007003795       31.9247691 
      0.00706805       31.7125835 
     0.007132305       31.5001096 
      0.00719656       31.2873474 
     0.007260815       31.0742969 
      0.00732507         30.86406 
     0.007389325        30.650611 
      0.00745358       30.4370239 
     0.007517835       30.2232989 
      0.00758209       30.0094357 
     0.007646345       29.7984562 
       0.0077106       29.5845331 
     0.007774855        29.370617 
      0.00783911       29.1567078 
     0.007903365       28.9456227 
      0.00796762       28.7318378 
     0.008031875       28.5181985 
      0.00809613       28.3047049 
     0.008160385       28.0913569 
      0.00822464       27.8808304 
     0.008288895       27.6679184 
      0.00835315       27.4552833 
     0.008417405       27.2429253 
      0.00848166       27.0308443 
     0.008545915       26.8215682 
      0.00861017       26.6102148 
     0.008674425       26.3992617 
      0.00873868        26.188709 
     0.008802935       25.9808482 
      0.00886719       25.7711781 
     0.008931445       25.5620229 
       0.0089957       25.3533827 
     0.009059955       25.1452574 
      0.00912421       24.9397521 
     0.009188465       24.7327648 
      0.00925272       24.5263978 
     0.009316975       24.3206514 
      0.00938123       24.1155253 
     0.009445485       23.9129374 
      0.00950974       23.7091804 
     0.009573995       23.5061398 
      0.00963825       23.3038156 
     0.009702505       23.1022079 
      0.00976676       22.9030459 
     0.009831015       22.7030134 
      0.00989527       22.5037837 
     0.009959525       22.3053568 
      0.01002378       22.1091974 
     0.010088035       21.9124501 
      0.01015229       21.7165821 
     0.010216545       21.5215936 
       0.0102808       21.3274844 
     0.010345055       21.1355134 
      0.01040931       20.9432493 
     0.010473565       20.7519316 
      0.01053782       20.5615602 
     0.010602075       20.3721351 
      0.01066633       20.1847092 
     0.010730585       19.9972698 
      0.01079484       19.8108341 
     0.010859095       19.6254022 
      0.01092335       19.4417712 
     0.010987605       19.2583929 
      0.01105186       19.0760666 
     0.011116115       18.8947921 
      0.01118037       18.7145696 
     0.011244625       18.5359715 
      0.01130888       18.3579041 
     0.011373135       18.1809277 
      0.01143739       18.0050422 
     0.011501645       17.8302478 
       0.0115659       17.6568785 
     0.011630155       17.4843174 
      0.01169441       17.3128775 
     0.011758665       17.1425588 
      0.01182292       16.9734053 
     0.011887175       16.8053534 
      0.01195143       16.6384443 
     0.012015685        16.472678 
      0.01207994       16.3080544 
     0.012144195       16.1443049 
      0.01220845       15.9819874 
     0.012272705       15.8208257 
      0.01233696       15.6608197 
     0.012401215       15.5019694 
      0.01246547       15.3435267 
     0.012529725       15.1869921 
      0.01259398       15.0316202 
     0.012658235       14.8774109 
      0.01272249       14.7243642 
     0.012786745       14.5697421 
        0.012851       14.4189499 
     0.012915255       14.2693908 
      0.01297951       14.1210651 
     0.013043765       13.9617628 
      0.01310802       13.8156757 
     0.013172275       13.6710988 
      0.01323653       13.5280323 
     0.013300785       13.3864759 
      0.01336504       13.2530192 
     0.013429295       13.1143326 
      0.01349355       12.9766119 
     0.013557805       12.8398574 
      0.01362206       12.7040689 
     0.013686315        12.561626 
      0.01375057       12.4269392 
     0.013814825       12.2934065 
      0.01387908        12.161028 
     0.013943335       12.0298037 
      0.01400759       11.8997335 
     0.014071845       11.7708176 
       0.0141361       11.6430559 
     0.014200355       11.5164483 
      0.01426461       11.3749137 
     0.014328865       11.2504936 
      0.01439312       11.1274251 
     0.014457375       11.0057083 
      0.01452163        10.885343 
     0.014585885       10.7663294 
      0.01465014       10.6486674 
     0.014714395        10.532357 
      0.01477865       10.4173982 
     0.014842905       10.3220259 
      0.01490716       10.2103884 
     0.014971415       10.0997414 
      0.01503567       9.99008489 
     0.015099925       9.88141894 
      0.01516418       9.77374351 
     0.015228435        9.6670586 
      0.01529269       9.56136421 
     0.015356945       9.45666035 
       0.0154212       9.35294701 
     0.015485455       9.24969046 
      0.01554971       9.14817695 
     0.015613965       9.04752661 
      0.01567822       8.94773946 
     0.015742475       8.84881548 
      0.01580673       8.75075467 
     0.015870985       8.65355705 
      0.01593524        8.5572226 
     0.015999495       8.46175132 
      0.01606375       8.36714323 
     0.016128005       8.27339831 
      0.01619226       8.18051656 
     0.016256515         8.088498 
      0.01632077       7.99734261 
     0.016385025       7.90705039 
      0.01644928       7.81762136 
     0.016513535        7.7290555 
      0.01657779       7.64850696 
     0.016642045        7.5618173 
       0.0167063       7.47594696 
     0.016770555       7.39089593 
      0.01683481       7.30666421 
     0.016899065       7.22325181 
      0.01696332       7.14065872 
     0.017027575       7.05888494 
      0.01709183       6.97793048 
     0.017156085       6.89779533 
      0.01722034       6.81847949 
     0.017284595       6.73998296 
      0.01734885       6.66230575 
     0.017413105       6.58544785 
      0.01747736       6.50940926 
     0.017541615       6.43418998 
      0.01760587       6.35979002 
     0.017670125       6.29955732 
      0.01773438       6.22686716 
     0.017798635       6.15491389 
      0.01786289       6.08369749 
     0.017927145       6.01321798 
       0.0179914       5.94347536 
     0.018055655       5.87446961 
      0.01811991       5.80620075 
     0.018184165       5.73866876 
      0.01824842       5.67187366 
     0.018312675       5.60581545 
      0.01837693       5.54049411 
     0.018441185       5.47590966 
      0.01850544       5.41206209 
     0.018569695       5.34895141 
      0.01863395        5.2865776 
     0.018698205       5.22494068 
      0.01876246       5.16404064 
     0.018826715       5.10835968 
      0.01889097        5.0488142 
     0.018955225       4.98989776 
      0.01901948       4.93161036 
     0.019083735         4.873952 
      0.01914799       4.81692267 
     0.019212245       4.76052238 
       0.0192765       4.70475113 
     0.019340755       4.64960892 
      0.01940501       4.59509575 
     0.019469265       4.54121161 
      0.01953352       4.48795652 
     0.019597775       4.43533046 
      0.01966203       4.38333344 
     0.019726285       4.33196545 
      0.01979054       4.28122651 
     0.019854795       4.23111661 
      0.01991905       4.18411846 
     0.019983305       4.13517666 
      0.02004756       4.08676477 
     0.020111815       4.03888278 
      0.02017607       3.99153068 
     0.020240325       3.94470848 
      0.02030458       3.89841617 
     0.020368835       3.85265377 
      0.02043309       3.80742126 
     0.020497345       3.76271865 
       0.0205616       3.71854594 
     0.020625855       3.67490312 
      0.02069011        3.6317902 
     0.020754365       3.58920718 
      0.02081862       3.54715406 
     0.020882875       3.50563083 
      0.02094713       3.46463751 
     0.021011385        3.4260536 
      0.02107564       3.38606683 
     0.021139895       3.34652312 
      0.02120415       3.30742248 
     0.021268405        3.2687649 
      0.02133266       3.23055038 
     0.021396915       3.19277892 
      0.02146117       3.15545053 
     0.021525425        3.1185652 
      0.02158968       3.08212293 
     0.021653935       3.04612373 
      0.02171819       3.01056758 
     0.021782445        2.9754545 
       0.0218467       2.94078448 
     0.021910955       2.90655753 
      0.02197521       2.87277364 
     0.022039465        2.8394328 
      0.02210372       2.80653504 
     0.022167975       2.77552729 
      0.02223223        2.7434189 
     0.022296485       2.71167937 
      0.02236074       2.68030869 
     0.022424995       2.64930688 
      0.02248925       2.61867393 
     0.022553505       2.58840983 
      0.02261776        2.5585146 
     0.022682015       2.52898822 
      0.02274627        2.4998307 
     0.022810525       2.47104204 
      0.02287478       2.44262225 
     0.022939035       2.41457131 
      0.02300329       2.38688923 
     0.023067545       2.35957601 
       0.0231318       2.33263165 
     0.023196055       2.30605615 
      0.02326031       2.28101929 
     0.023324565       2.25512053 
      0.02338882       2.22952856 
     0.023453075       2.20424339 
      0.02351733       2.17926501 
     0.023581585       2.15459343 
      0.02364584       2.13022864 
     0.023710095       2.10617065 
      0.02377435       2.08241945 
     0.023838605       2.05897505 
      0.02390286       2.03583745 
     0.023967115       2.01300663 
      0.02403137       1.99048262 
     0.024095625        1.9682654 
      0.02415988       1.94635497 
     0.024224135       1.92475134 
      0.02428839        1.9034545 
     0.024352645       1.88341737 
       0.0244169       1.86270095 
     0.024481155        1.8422404 
      0.02454541        1.8220357 
     0.024609665       1.80208686 
      0.02467392       1.78239388 
     0.024738175       1.76295675 
      0.02480243       1.74377549 
     0.024866685       1.72485008 
      0.02493094       1.70618053 
     0.024995195       1.68776683 
      0.02505945         1.669609 
     0.025123705       1.65170702 
      0.02518796        1.6340609 
     0.025252215       1.61667064 
      0.02531647       1.59953624 
     0.025380725       1.58265769 
      0.02544498         1.566035 
     0.025509235       1.55044009 
      0.02557349       1.53427545 
     0.025637745       1.51832566 
        0.025702       1.50259071 
     0.025766255       1.48707061 
      0.02583051       1.47176535 
     0.025894765       1.45667493 
      0.02595902       1.44179936 
     0.026023275       1.42713864 
      0.02608753       1.41269276 
     0.026151785       1.39846172 
      0.02621604       1.38444553 
     0.026280295       1.37064418 
      0.02634455       1.35705768 
     0.026408805       1.34368602 
      0.02647306       1.33052921 
     0.026537315       1.31758724 
      0.02660157       1.30553609 
     0.026665825       1.29299323 
      0.02673008       1.28063292 
     0.026794335       1.26845515 
      0.02685859       1.25645993 
     0.026922845       1.24464726 
       0.0269871       1.23301714 
     0.027051355       1.22156956 
      0.02711561       1.21030453 
     0.027179865       1.19922204 
      0.02724412        1.1883221 
     0.027308375        1.1776047 
      0.02737263       1.16706986 
     0.027436885       1.15671756 
      0.02750114        1.1465478 
     0.027565395       1.13656059 
      0.02762965       1.12675593 
     0.027693905       1.11780123 
      0.02775816       1.10834876 
     0.027822415       1.09905399 
      0.02788667        1.0899169 
     0.027950925       1.08093751 
      0.02801518        1.0721158 
     0.028079435       1.06345178 
      0.02814369       1.05494546 
     0.028207945       1.04659682 
       0.0282722       1.03840588 
     0.028336455       1.03037262 
      0.02840071       1.02249706 
     0.028464965       1.01477918 
      0.02852922         1.007219 
     0.028593475      0.999816507 
      0.02865773      0.992571703 
     0.028721985       0.98548459 
      0.02878624      0.978555167 
     0.028850495      0.975209915 
      0.02891475      0.968656334 
     0.028979005      0.962232527 
      0.02904326      0.955938493 
     0.029107515      0.949774233 
      0.02917177      0.943739747 
     0.029236025      0.937835035 
      0.02930028      0.932060097 
     0.029364535      0.926414933 
      0.02942879      0.920899543 
     0.029493045      0.915513927 
       0.0295573      0.910258084 
     0.029621555      0.905132015 
      0.02968581      0.900135721 
     0.029750065        0.8952692 
      0.02981432      0.890532453 
     0.029878575       0.88592548 
      0.02994283       0.87892051 
     0.030007085      0.874562356 
      0.03007134      0.870334296 
     0.030135595       0.86623633 
      0.03019985      0.862268458 
     0.030264105       0.85843068 
      0.03032836      0.854722996 
     0.030392615      0.851145407 
      0.03045687      0.847697912 
     0.030521125      0.844380511 
      0.03058538      0.841193204 
     0.030649635      0.838135991 
      0.03071389      0.835208872 
     0.030778145      0.832411848 
       0.0308424      0.829744918 
     0.030906655      0.827208082 
      0.03097091       0.82480134 
     0.031035165      0.821196748 
      0.03109942      0.818937188 
     0.031163675      0.816814572 
      0.03122793      0.814828899 
     0.031292185      0.812980169 
      0.03135644      0.811268381 
     0.031420695      0.809693537 
      0.03148495      0.808255636 
     0.031549205      0.806954677 
      0.03161346      0.805790662 
     0.031677715       0.80476359 
      0.03174197       0.80387346 
     0.031806225      0.803120274 
      0.03187048      0.802504031 
     0.031934735       0.80202473 
      0.03199899      0.801682373 
     0.032063245      0.801476958 
       0.0321275      0.801408487 
