       -0.028403       1.57261657 
    -0.028346194       1.57272078 
    -0.028289388       1.57303343 
    -0.028232582        1.5735545 
    -0.028175776         1.574284 
     -0.02811897       1.57522194 
    -0.028062164        1.5763683 
    -0.028005358       1.57772309 
    -0.027948552       1.57928631 
    -0.027891746       1.58105796 
     -0.02783494       1.58303805 
    -0.027778134       1.58522656 
    -0.027721328        1.5876235 
    -0.027664522       1.59022886 
    -0.027607716       1.59304266 
     -0.02755091       1.59606489 
    -0.027494104       1.59929555 
    -0.027437298       1.60273464 
    -0.027380492       1.60638215 
    -0.027323686        1.6102381 
     -0.02726688       1.61658173 
    -0.027210074       1.62064071 
    -0.027153268       1.62489768 
    -0.027096462       1.62935265 
    -0.027039656       1.63400561 
     -0.02698285       1.63885658 
    -0.026926044       1.64390554 
    -0.026869238       1.64915251 
    -0.026812432       1.65459747 
    -0.026755626       1.66024043 
     -0.02669882       1.66608139 
    -0.026642014       1.67212034 
    -0.026585208        1.6783573 
    -0.026528402       1.68479226 
    -0.026471596       1.69142521 
     -0.02641479       1.69825616 
    -0.026357984       1.70528511 
    -0.026301178       1.71251206 
    -0.026244372       1.71993701 
    -0.026187566       1.73219991 
     -0.02613076       1.73999273 
    -0.026073954       1.74798283 
    -0.026017148       1.75617021 
    -0.025960342       1.76455489 
    -0.025903536       1.77313685 
     -0.02584673       1.78191609 
    -0.025789924       1.79089262 
    -0.025733118       1.80006644 
    -0.025676312       1.80943755 
    -0.025619506       1.81900594 
      -0.0255627       1.82877162 
    -0.025505894       1.83873458 
    -0.025449088       1.84889483 
    -0.025392282       1.85925237 
    -0.025335476       1.86980719 
     -0.02527867        1.8805593 
    -0.025221864        1.8915087 
    -0.025165058       1.90265538 
    -0.025108252       1.91399935 
    -0.025051446       1.91949737 
     -0.02499464       1.93144323 
    -0.024937834       1.94362644 
    -0.024881028       1.95604699 
    -0.024824222       1.96870488 
    -0.024767416       1.98160012 
     -0.02471061        1.9947327 
    -0.024653804       2.00810262 
    -0.024596998       2.02170989 
    -0.024540192        2.0355545 
    -0.024483386       2.04963645 
     -0.02442658       2.06395575 
    -0.024369774       2.07851239 
    -0.024312968       2.09330637 
    -0.024256162        2.1083377 
    -0.024199356       2.12360637 
     -0.02414255       2.13911238 
    -0.024085744       2.15485574 
    -0.024028938       2.17083644 
    -0.023972132       2.18581693 
    -0.023915326       2.20230518 
     -0.02385852       2.21906596 
    -0.023801714       2.23609928 
    -0.023744908       2.25340513 
    -0.023688102       2.27098352 
    -0.023631296       2.28883445 
     -0.02357449       2.30695791 
    -0.023517684       2.32535391 
    -0.023460878       2.34402245 
    -0.023404072       2.36296352 
    -0.023347266       2.38217713 
     -0.02329046       2.40166327 
    -0.023233654       2.42142195 
    -0.023176848       2.44145317 
    -0.023120042       2.46175692 
    -0.023063236       2.48233321 
     -0.02300643       2.50318204 
    -0.022949624        2.5243034 
    -0.022892818        2.5456973 
    -0.022836012       2.56613268 
    -0.022779206       2.58813222 
      -0.0227224        2.6104492 
    -0.022665594        2.6330836 
    -0.022608788       2.65603543 
    -0.022551982       2.67930469 
    -0.022495176       2.70289138 
     -0.02243837       2.72679549 
    -0.022381564       2.75101704 
    -0.022324758       2.77555601 
    -0.022267952       2.80041241 
    -0.022211146       2.82558624 
     -0.02215434        2.8510775 
    -0.022097534       2.87688618 
    -0.022040728        2.9030123 
    -0.021983922       2.92945584 
    -0.021927116       2.95621681 
     -0.02187031       2.98329521 
    -0.021813504       3.01069104 
    -0.021756698       3.03697477 
    -0.021699892        3.0650523 
    -0.021643086       3.09350285 
     -0.02158628       3.12232644 
    -0.021529474       3.15152305 
    -0.021472668       3.18109268 
    -0.021415862       3.21103534 
    -0.021359056       3.24135103 
     -0.02130225       3.27203975 
    -0.021245444       3.30310149 
    -0.021188638       3.33453626 
    -0.021131832       3.36634406 
    -0.021075026       3.39852488 
     -0.02101822       3.43107873 
    -0.020961414       3.46400561 
    -0.020904608       3.49730551 
    -0.020847802       3.53097844 
    -0.020790996        3.5650244 
     -0.02073419       3.59944338 
    -0.020677384       3.63423539 
    -0.020620578       3.66768273 
    -0.020563772        3.7033116 
    -0.020506966        3.7393802 
     -0.02045016       3.77588854 
    -0.020393354       3.81283661 
    -0.020336548       3.85022441 
    -0.020279742       3.88805194 
    -0.020222936       3.92631921 
     -0.02016613       3.96502622 
    -0.020109324       4.00417295 
    -0.020052518       4.04375942 
    -0.019995712       4.08378563 
    -0.019938906       4.12425156 
      -0.0198821       4.16515723 
    -0.019825294       4.20650264 
    -0.019768488       4.24828778 
    -0.019711682       4.29051265 
    -0.019654876       4.33317725 
     -0.01959807       4.37628159 
    -0.019541264       4.41763886 
    -0.019484458       4.46169238 
    -0.019427652       4.50626309 
    -0.019370846       4.55135101 
     -0.01931404       4.59695613 
    -0.019257234       4.64307845 
    -0.019200428       4.68971796 
    -0.019143622       4.73687468 
    -0.019086816       4.78454859 
     -0.01903001       4.83273971 
    -0.018973204       4.88144802 
    -0.018916398       4.93067353 
    -0.018859592       4.98041624 
    -0.018802786       5.03067616 
     -0.01874598       5.08145327 
    -0.018689174       5.13274758 
    -0.018632368       5.18455909 
    -0.018575562        5.2368878 
    -0.018518756        5.2897337 
     -0.01846195       5.34309681 
    -0.018405144       5.39414034 
    -0.018348338       5.44866456 
    -0.018291532       5.50379274 
    -0.018234726       5.55952488 
     -0.01817792       5.61586098 
    -0.018121114       5.67280103 
    -0.018064308       5.73034505 
    -0.018007502       5.78849302 
    -0.017950696       5.84724496 
     -0.01789389       5.90660085 
    -0.017837084        5.9665607 
    -0.017780278       6.02712451 
    -0.017723472       6.08829228 
    -0.017666666       6.15006401 
     -0.01760986       6.21243969 
    -0.017553054       6.27541934 
    -0.017496248       6.33900294 
    -0.017439442       6.40319051 
    -0.017382636       6.46798203 
     -0.01732583       6.52820695 
    -0.017269024       6.59431041 
    -0.017212218       6.66110909 
    -0.017155412       6.72860299 
    -0.017098606       6.79679211 
      -0.0170418       6.86567646 
    -0.016984994       6.93525602 
    -0.016928188       7.00553081 
    -0.016871382       7.07650081 
    -0.016814576       7.14816604 
     -0.01675777       7.22052649 
    -0.016700964       7.29358216 
    -0.016644158       7.36733304 
    -0.016587352       7.44177916 
    -0.016530546       7.51692049 
     -0.01647374       7.59275704 
    -0.016416934       7.66928881 
    -0.016360128       7.74651581 
    -0.016303322       7.82443803 
    -0.016246516       7.90305546 
     -0.01618971       7.96761894 
    -0.016132904       8.04784117 
    -0.016076098       8.12882264 
    -0.016019292       8.21056336 
    -0.015962486       8.29306332 
     -0.01590568       8.37632253 
    -0.015848874       8.46034099 
    -0.015792068       8.54511869 
    -0.015735262       8.63065564 
    -0.015678456       8.71695184 
     -0.01562165       8.80400728 
    -0.015564844       8.89182197 
    -0.015508038       8.98039591 
    -0.015451232       9.06972909 
    -0.015394426       9.15982151 
     -0.01533762       9.25067319 
    -0.015280814       9.34228411 
    -0.015224008       9.43465428 
    -0.015167202       9.52778369 
    -0.015110396       9.61151861 
     -0.01505359       9.70639539 
    -0.014996784        9.8020619 
    -0.014939978       9.89851813 
    -0.014883172       9.99576407 
    -0.014826366       10.0937997 
     -0.01476956       10.1926251 
    -0.014712754       10.2922402 
    -0.014655948       10.3926451 
    -0.014599142       10.4938396 
    -0.014542336       10.5958239 
     -0.01448553       10.6985978 
    -0.014428724       10.8021616 
    -0.014371918        10.906515 
    -0.014315112       11.0116581 
    -0.014258306        11.117591 
      -0.0142015       11.2243136 
    -0.014144694       11.3318259 
    -0.014087888       11.4401279 
    -0.014031082       11.5492196 
    -0.013974276       11.6627013 
     -0.01391747       11.7736765 
    -0.013860664       11.8855222 
    -0.013803858       11.9982384 
    -0.013747052       12.1118251 
    -0.013690246       12.2262823 
     -0.01363344       12.3416099 
    -0.013576634        12.457808 
    -0.013519828       12.5748766 
    -0.013463022       12.6928157 
    -0.013406216       12.7884921 
     -0.01334941       12.9092907 
    -0.013292604       13.0312843 
    -0.013235798       13.1544729 
    -0.013178992       13.2788564 
    -0.013122186       13.4044348 
     -0.01306538       13.5312082 
    -0.013008574       13.6591766 
    -0.012951768       13.7883399 
    -0.012894962       13.9186981 
    -0.012838156       14.0502513 
     -0.01278135       14.2012308 
    -0.012724544       14.3345666 
    -0.012667738        14.468899 
    -0.012610932       14.6042281 
    -0.012554126       14.7405538 
     -0.01249732       14.8778761 
    -0.012440514       15.0161951 
    -0.012383708       15.1555107 
    -0.012326902        15.295823 
    -0.012270096       15.4371319 
     -0.01221329       15.5873373 
    -0.012156484       15.7292218 
    -0.012099678       15.8718922 
    -0.012042872       16.0153485 
    -0.011986066       16.1595907 
     -0.01192926       16.3046188 
    -0.011872454       16.4426921 
    -0.011815648       16.5903644 
    -0.011758842       16.7393058 
    -0.011702036       16.8895162 
     -0.01164523       17.0409957 
    -0.011588424       17.2072685 
    -0.011531618       17.3605312 
    -0.011474812        17.514792 
    -0.011418006       17.6700508 
      -0.0113612       17.8263077 
    -0.011304394       17.9861883 
    -0.011247588       18.1441902 
    -0.011190782       18.3031052 
    -0.011133976       18.4629334 
     -0.01107717       18.6236747 
    -0.011020364       18.7857372 
    -0.010963558       18.9482885 
    -0.010906752        19.111727 
    -0.010849946       19.2760527 
     -0.01079314       19.4412657 
    -0.010736334       19.6073659 
    -0.010679528        19.774158 
    -0.010622722       19.9420047 
    -0.010565916       20.1107065 
     -0.01050911       20.2802635 
    -0.010452304       20.4506755 
    -0.010395498       20.6213491 
    -0.010338692       20.7934481 
    -0.010281886       20.9663614 
     -0.01022508        21.140089 
    -0.010168274        21.314631 
    -0.010111468       21.4890521 
    -0.010054662       21.6652073 
    -0.009997856       21.8421274 
     -0.00994105       22.0198123 
    -0.009884244       22.1982621 
    -0.009827438       22.3774769 
    -0.009770632       22.5562092 
    -0.009713826        22.736893 
     -0.00965702       22.9182837 
    -0.009600214       23.1003812 
    -0.009543408       23.2831855 
    -0.009486602       23.4651748 
    -0.009429796       23.6493414 
     -0.00937299       23.8341483 
    -0.009316184       24.0195955 
    -0.009259378       24.2056828 
    -0.009202572       24.3906256 
    -0.009145766       24.5779565 
     -0.00908896       24.7658525 
    -0.009032154       24.9543136 
    -0.008975348       25.1433397 
    -0.008918542       25.3329309 
    -0.008861736       25.5210278 
     -0.00880493       25.7116482 
    -0.008748124         25.90275 
    -0.008691318       26.0943332 
    -0.008634512       26.2863979 
    -0.008577706       26.4766545 
      -0.0085209       26.6695974 
    -0.008464094       26.8629298 
    -0.008407288       27.0566516 
    -0.008350482       27.2507629 
    -0.008293676       27.4427498 
     -0.00823687        27.637577 
    -0.008180064       27.8326936 
    -0.008123258       28.0280996 
    -0.008066452       28.2237951 
    -0.008009646         28.41978 
     -0.00795284       28.6132853 
    -0.007896034       28.8097049 
    -0.007839228       29.0063062 
    -0.007782422       29.2030893 
    -0.007725616       29.4000541 
     -0.00766881       29.5942499 
    -0.007612004       29.7914581 
    -0.007555198       29.9887333 
    -0.007498392       30.1860754 
    -0.007441586       30.3834844 
     -0.00738478       30.5778389 
    -0.007327974       30.7752906 
    -0.007271168       30.9726879 
    -0.007214362       31.1700308 
    -0.007157556       31.3673193 
     -0.00710075       31.5645534 
    -0.007043944       31.7583959 
    -0.006987138       31.9553363 
    -0.006930332       32.1520953 
    -0.006873526       32.3486729 
     -0.00681672       32.5450692 
    -0.006759914       32.7378414 
    -0.006703108        32.933722 
    -0.006646302       33.1292896 
    -0.006589496       33.3245441 
     -0.00653269       33.5194856 
    -0.006475884       33.7105902 
    -0.006419078       33.9047884 
    -0.006362272       34.0985384 
    -0.006305466       34.2918403 
     -0.00624866       34.4846941 
    -0.006191854       34.6735289 
    -0.006135048       34.8654076 
    -0.006078242        35.056701 
    -0.006021436       35.2474092 
     -0.00596463       35.4375322 
    -0.005907824         35.62707 
    -0.005851018       35.8124225 
    -0.005794212       36.0006137 
    -0.005737406       36.1880828 
      -0.0056806       36.3748299 
    -0.005623794       36.5608551 
    -0.005566988       36.7427118 
    -0.005510182        36.927158 
    -0.005453376        37.110749 
     -0.00539657       37.2934848 
    -0.005339764       37.4753655 
    -0.005282958       37.6532957 
    -0.005226152       37.8333708 
    -0.005169346       38.0124677 
     -0.00511254       38.1905863 
    -0.005055734       38.3677268 
    -0.004998928        38.543889 
    -0.004942122       38.7166127 
    -0.004885316       38.8906538 
     -0.00482851       39.0636177 
    -0.004771704       39.2355046 
    -0.004714898       39.4063143 
    -0.004658092       39.5748121 
    -0.004601286       39.7433529 
     -0.00454448       39.9107792 
    -0.004487674       40.0770909 
    -0.004430868       40.2422882 
    -0.004374062       40.4041002 
    -0.004317256       40.5670898 
     -0.00426045       40.7289186 
    -0.004203644       40.8895866 
    -0.004146838       41.0490937 
    -0.004090032       41.2074399 
    -0.004033226       41.3759269 
     -0.00397642       41.5316358 
    -0.003919614       41.6845291 
    -0.003862808       41.8346069 
    -0.003806002       41.9818691 
    -0.003749196       42.0994273 
     -0.00369239       42.2419548 
    -0.003635584       42.3823548 
    -0.003578778       42.5206273 
    -0.003521972       42.6567722 
    -0.003465166       42.7907897 
     -0.00340836       42.9226796 
    -0.003351554       43.0524421 
    -0.003294748        43.180077 
    -0.003237942       43.3055844 
    -0.003181136       43.4289643 
     -0.00312433       43.4979184 
    -0.003067524       43.6185905 
    -0.003010718       43.7376973 
    -0.002953912       43.8552388 
    -0.002897106       43.9712149 
      -0.0028403       44.0856256 
    -0.002783494        44.198471 
    -0.002726688        44.309751 
    -0.002669882       44.4194656 
    -0.002613076       44.5276149 
     -0.00255627       44.6341988 
    -0.002499464       44.7673393 
    -0.002442658       44.8694051 
    -0.002385852       44.9693486 
    -0.002329046       45.0671698 
     -0.00227224       45.1628685 
    -0.002215434        45.256445 
    -0.002158628       45.3478991 
    -0.002101822       45.4372309 
    -0.002045016       45.5244403 
     -0.00198821       45.6095273 
    -0.001931404        45.692492 
    -0.001874598       45.7784186 
    -0.001817792        45.856556 
    -0.001760986        45.932373 
     -0.00170418       46.0058697 
    -0.001647374       46.0770459 
    -0.001590568       46.1459018 
    -0.001533762       46.2124372 
    -0.001476956       46.2766523 
     -0.00142015        46.338547 
    -0.001363344       46.3981212 
    -0.001306538       46.4553751 
    -0.001249732       46.5267935 
    -0.001192926        46.579306 
     -0.00113612       46.6293761 
    -0.001079314       46.6770037 
    -0.001022508       46.7221889 
    -0.000965702       46.7649316 
    -0.000908896       46.8052319 
     -0.00085209       46.8430898 
    -0.000795284       46.8785052 
    -0.000738478       46.9114782 
    -0.000681672       46.9420087 
    -0.000624866       46.9724492 
     -0.00056806       46.9985825 
    -0.000511254        47.022227 
    -0.000454448       47.0433826 
    -0.000397642       47.0620493 
    -0.000340836       47.0782271 
     -0.00028403        47.091916 
    -0.000227224        47.103116 
    -0.000170418       47.1118271 
    -0.000113612       47.1180494 
     -5.6806e-05       47.1217827 
               0       47.1230272 
      5.6806e-05       47.1217827 
     0.000113612       47.1180494 
     0.000170418       47.1118271 
     0.000227224        47.103116 
      0.00028403        47.091916 
     0.000340836       47.0782271 
     0.000397642       47.0620493 
     0.000454448       47.0433826 
     0.000511254        47.022227 
      0.00056806       46.9985825 
     0.000624866       46.9724492 
     0.000681672       46.9420087 
     0.000738478       46.9114782 
     0.000795284       46.8785052 
      0.00085209       46.8430898 
     0.000908896       46.8052319 
     0.000965702       46.7649316 
     0.001022508       46.7221889 
     0.001079314       46.6770037 
      0.00113612       46.6293761 
     0.001192926        46.579306 
     0.001249732       46.5267935 
     0.001306538       46.4553751 
     0.001363344       46.3981212 
      0.00142015        46.338547 
     0.001476956       46.2766523 
     0.001533762       46.2124372 
     0.001590568       46.1459018 
     0.001647374       46.0770459 
      0.00170418       46.0058697 
     0.001760986        45.932373 
     0.001817792        45.856556 
     0.001874598       45.7784186 
     0.001931404        45.692492 
      0.00198821       45.6095273 
     0.002045016       45.5244403 
     0.002101822       45.4372309 
     0.002158628       45.3478991 
     0.002215434        45.256445 
      0.00227224       45.1628685 
     0.002329046       45.0671698 
     0.002385852       44.9693486 
     0.002442658       44.8694051 
     0.002499464       44.7673393 
      0.00255627       44.6341988 
     0.002613076       44.5276149 
     0.002669882       44.4194656 
     0.002726688        44.309751 
     0.002783494        44.198471 
       0.0028403       44.0856256 
     0.002897106       43.9712149 
     0.002953912       43.8552388 
     0.003010718       43.7376973 
     0.003067524       43.6185905 
      0.00312433       43.4979184 
     0.003181136       43.4289643 
     0.003237942       43.3055844 
     0.003294748        43.180077 
     0.003351554       43.0524421 
      0.00340836       42.9226796 
     0.003465166       42.7907897 
     0.003521972       42.6567722 
     0.003578778       42.5206273 
     0.003635584       42.3823548 
      0.00369239       42.2419548 
     0.003749196       42.0994273 
     0.003806002       41.9818691 
     0.003862808       41.8346069 
     0.003919614       41.6845291 
      0.00397642       41.5316358 
     0.004033226       41.3759269 
     0.004090032       41.2074399 
     0.004146838       41.0490937 
     0.004203644       40.8895866 
      0.00426045       40.7289186 
     0.004317256       40.5670898 
     0.004374062       40.4041002 
     0.004430868       40.2422882 
     0.004487674       40.0770909 
      0.00454448       39.9107792 
     0.004601286       39.7433529 
     0.004658092       39.5748121 
     0.004714898       39.4063143 
     0.004771704       39.2355046 
      0.00482851       39.0636177 
     0.004885316       38.8906538 
     0.004942122       38.7166127 
     0.004998928        38.543889 
     0.005055734       38.3677268 
      0.00511254       38.1905863 
     0.005169346       38.0124677 
     0.005226152       37.8333708 
     0.005282958       37.6532957 
     0.005339764       37.4753655 
      0.00539657       37.2934848 
     0.005453376        37.110749 
     0.005510182        36.927158 
     0.005566988       36.7427118 
     0.005623794       36.5608551 
       0.0056806       36.3748299 
     0.005737406       36.1880828 
     0.005794212       36.0006137 
     0.005851018       35.8124225 
     0.005907824         35.62707 
      0.00596463       35.4375322 
     0.006021436       35.2474092 
     0.006078242        35.056701 
     0.006135048       34.8654076 
     0.006191854       34.6735289 
      0.00624866       34.4846941 
     0.006305466       34.2918403 
     0.006362272       34.0985384 
     0.006419078       33.9047884 
     0.006475884       33.7105902 
      0.00653269       33.5194856 
     0.006589496       33.3245441 
     0.006646302       33.1292896 
     0.006703108        32.933722 
     0.006759914       32.7378414 
      0.00681672       32.5450692 
     0.006873526       32.3486729 
     0.006930332       32.1520953 
     0.006987138       31.9553363 
     0.007043944       31.7583959 
      0.00710075       31.5645534 
     0.007157556       31.3673193 
     0.007214362       31.1700308 
     0.007271168       30.9726879 
     0.007327974       30.7752906 
      0.00738478       30.5778389 
     0.007441586       30.3834844 
     0.007498392       30.1860754 
     0.007555198       29.9887333 
     0.007612004       29.7914581 
      0.00766881       29.5942499 
     0.007725616       29.4000541 
     0.007782422       29.2030893 
     0.007839228       29.0063062 
     0.007896034       28.8097049 
      0.00795284       28.6132853 
     0.008009646         28.41978 
     0.008066452       28.2237951 
     0.008123258       28.0280996 
     0.008180064       27.8326936 
      0.00823687        27.637577 
     0.008293676       27.4427498 
     0.008350482       27.2507629 
     0.008407288       27.0566516 
     0.008464094       26.8629298 
       0.0085209       26.6695974 
     0.008577706       26.4766545 
     0.008634512       26.2863979 
     0.008691318       26.0943332 
     0.008748124         25.90275 
      0.00880493       25.7116482 
     0.008861736       25.5210278 
     0.008918542       25.3329309 
     0.008975348       25.1433397 
     0.009032154       24.9543136 
      0.00908896       24.7658525 
     0.009145766       24.5779565 
     0.009202572       24.3906256 
     0.009259378       24.2056828 
     0.009316184       24.0195955 
      0.00937299       23.8341483 
     0.009429796       23.6493414 
     0.009486602       23.4651748 
     0.009543408       23.2831855 
     0.009600214       23.1003812 
      0.00965702       22.9182837 
     0.009713826        22.736893 
     0.009770632       22.5562092 
     0.009827438       22.3774769 
     0.009884244       22.1982621 
      0.00994105       22.0198123 
     0.009997856       21.8421274 
     0.010054662       21.6652073 
     0.010111468       21.4890521 
     0.010168274        21.314631 
      0.01022508        21.140089 
     0.010281886       20.9663614 
     0.010338692       20.7934481 
     0.010395498       20.6213491 
     0.010452304       20.4506755 
      0.01050911       20.2802635 
     0.010565916       20.1107065 
     0.010622722       19.9420047 
     0.010679528        19.774158 
     0.010736334       19.6073659 
      0.01079314       19.4412657 
     0.010849946       19.2760527 
     0.010906752        19.111727 
     0.010963558       18.9482885 
     0.011020364       18.7857372 
      0.01107717       18.6236747 
     0.011133976       18.4629334 
     0.011190782       18.3031052 
     0.011247588       18.1441902 
     0.011304394       17.9861883 
       0.0113612       17.8263077 
     0.011418006       17.6700508 
     0.011474812        17.514792 
     0.011531618       17.3605312 
     0.011588424       17.2072685 
      0.01164523       17.0409957 
     0.011702036       16.8895162 
     0.011758842       16.7393058 
     0.011815648       16.5903644 
     0.011872454       16.4426921 
      0.01192926       16.3046188 
     0.011986066       16.1595907 
     0.012042872       16.0153485 
     0.012099678       15.8718922 
     0.012156484       15.7292218 
      0.01221329       15.5873373 
     0.012270096       15.4371319 
     0.012326902        15.295823 
     0.012383708       15.1555107 
     0.012440514       15.0161951 
      0.01249732       14.8778761 
     0.012554126       14.7405538 
     0.012610932       14.6042281 
     0.012667738        14.468899 
     0.012724544       14.3345666 
      0.01278135       14.2012308 
     0.012838156       14.0502513 
     0.012894962       13.9186981 
     0.012951768       13.7883399 
     0.013008574       13.6591766 
      0.01306538       13.5312082 
     0.013122186       13.4044348 
     0.013178992       13.2788564 
     0.013235798       13.1544729 
     0.013292604       13.0312843 
      0.01334941       12.9092907 
     0.013406216       12.7884921 
     0.013463022       12.6928157 
     0.013519828       12.5748766 
     0.013576634        12.457808 
      0.01363344       12.3416099 
     0.013690246       12.2262823 
     0.013747052       12.1118251 
     0.013803858       11.9982384 
     0.013860664       11.8855222 
      0.01391747       11.7736765 
     0.013974276       11.6627013 
     0.014031082       11.5492196 
     0.014087888       11.4401279 
     0.014144694       11.3318259 
       0.0142015       11.2243136 
     0.014258306        11.117591 
     0.014315112       11.0116581 
     0.014371918        10.906515 
     0.014428724       10.8021616 
      0.01448553       10.6985978 
     0.014542336       10.5958239 
     0.014599142       10.4938396 
     0.014655948       10.3926451 
     0.014712754       10.2922402 
      0.01476956       10.1926251 
     0.014826366       10.0937997 
     0.014883172       9.99576407 
     0.014939978       9.89851813 
     0.014996784        9.8020619 
      0.01505359       9.70639539 
     0.015110396       9.61151861 
     0.015167202       9.52778369 
     0.015224008       9.43465428 
     0.015280814       9.34228411 
      0.01533762       9.25067319 
     0.015394426       9.15982151 
     0.015451232       9.06972909 
     0.015508038       8.98039591 
     0.015564844       8.89182197 
      0.01562165       8.80400728 
     0.015678456       8.71695184 
     0.015735262       8.63065564 
     0.015792068       8.54511869 
     0.015848874       8.46034099 
      0.01590568       8.37632253 
     0.015962486       8.29306332 
     0.016019292       8.21056336 
     0.016076098       8.12882264 
     0.016132904       8.04784117 
      0.01618971       7.96761894 
     0.016246516       7.90305546 
     0.016303322       7.82443803 
     0.016360128       7.74651581 
     0.016416934       7.66928881 
      0.01647374       7.59275704 
     0.016530546       7.51692049 
     0.016587352       7.44177916 
     0.016644158       7.36733304 
     0.016700964       7.29358216 
      0.01675777       7.22052649 
     0.016814576       7.14816604 
     0.016871382       7.07650081 
     0.016928188       7.00553081 
     0.016984994       6.93525602 
       0.0170418       6.86567646 
     0.017098606       6.79679211 
     0.017155412       6.72860299 
     0.017212218       6.66110909 
     0.017269024       6.59431041 
      0.01732583       6.52820695 
     0.017382636       6.46798203 
     0.017439442       6.40319051 
     0.017496248       6.33900294 
     0.017553054       6.27541934 
      0.01760986       6.21243969 
     0.017666666       6.15006401 
     0.017723472       6.08829228 
     0.017780278       6.02712451 
     0.017837084        5.9665607 
      0.01789389       5.90660085 
     0.017950696       5.84724496 
     0.018007502       5.78849302 
     0.018064308       5.73034505 
     0.018121114       5.67280103 
      0.01817792       5.61586098 
     0.018234726       5.55952488 
     0.018291532       5.50379274 
     0.018348338       5.44866456 
     0.018405144       5.39414034 
      0.01846195       5.34309681 
     0.018518756        5.2897337 
     0.018575562        5.2368878 
     0.018632368       5.18455909 
     0.018689174       5.13274758 
      0.01874598       5.08145327 
     0.018802786       5.03067616 
     0.018859592       4.98041624 
     0.018916398       4.93067353 
     0.018973204       4.88144802 
      0.01903001       4.83273971 
     0.019086816       4.78454859 
     0.019143622       4.73687468 
     0.019200428       4.68971796 
     0.019257234       4.64307845 
      0.01931404       4.59695613 
     0.019370846       4.55135101 
     0.019427652       4.50626309 
     0.019484458       4.46169238 
     0.019541264       4.41763886 
      0.01959807       4.37628159 
     0.019654876       4.33317725 
     0.019711682       4.29051265 
     0.019768488       4.24828778 
     0.019825294       4.20650264 
       0.0198821       4.16515723 
     0.019938906       4.12425156 
     0.019995712       4.08378563 
     0.020052518       4.04375942 
     0.020109324       4.00417295 
      0.02016613       3.96502622 
     0.020222936       3.92631921 
     0.020279742       3.88805194 
     0.020336548       3.85022441 
     0.020393354       3.81283661 
      0.02045016       3.77588854 
     0.020506966        3.7393802 
     0.020563772        3.7033116 
     0.020620578       3.66768273 
     0.020677384       3.63423539 
      0.02073419       3.59944338 
     0.020790996        3.5650244 
     0.020847802       3.53097844 
     0.020904608       3.49730551 
     0.020961414       3.46400561 
      0.02101822       3.43107873 
     0.021075026       3.39852488 
     0.021131832       3.36634406 
     0.021188638       3.33453626 
     0.021245444       3.30310149 
      0.02130225       3.27203975 
     0.021359056       3.24135103 
     0.021415862       3.21103534 
     0.021472668       3.18109268 
     0.021529474       3.15152305 
      0.02158628       3.12232644 
     0.021643086       3.09350285 
     0.021699892        3.0650523 
     0.021756698       3.03697477 
     0.021813504       3.01069104 
      0.02187031       2.98329521 
     0.021927116       2.95621681 
     0.021983922       2.92945584 
     0.022040728        2.9030123 
     0.022097534       2.87688618 
      0.02215434        2.8510775 
     0.022211146       2.82558624 
     0.022267952       2.80041241 
     0.022324758       2.77555601 
     0.022381564       2.75101704 
      0.02243837       2.72679549 
     0.022495176       2.70289138 
     0.022551982       2.67930469 
     0.022608788       2.65603543 
     0.022665594        2.6330836 
       0.0227224        2.6104492 
     0.022779206       2.58813222 
     0.022836012       2.56613268 
     0.022892818        2.5456973 
     0.022949624        2.5243034 
      0.02300643       2.50318204 
     0.023063236       2.48233321 
     0.023120042       2.46175692 
     0.023176848       2.44145317 
     0.023233654       2.42142195 
      0.02329046       2.40166327 
     0.023347266       2.38217713 
     0.023404072       2.36296352 
     0.023460878       2.34402245 
     0.023517684       2.32535391 
      0.02357449       2.30695791 
     0.023631296       2.28883445 
     0.023688102       2.27098352 
     0.023744908       2.25340513 
     0.023801714       2.23609928 
      0.02385852       2.21906596 
     0.023915326       2.20230518 
     0.023972132       2.18581693 
     0.024028938       2.17083644 
     0.024085744       2.15485574 
      0.02414255       2.13911238 
     0.024199356       2.12360637 
     0.024256162        2.1083377 
     0.024312968       2.09330637 
     0.024369774       2.07851239 
      0.02442658       2.06395575 
     0.024483386       2.04963645 
     0.024540192        2.0355545 
     0.024596998       2.02170989 
     0.024653804       2.00810262 
      0.02471061        1.9947327 
     0.024767416       1.98160012 
     0.024824222       1.96870488 
     0.024881028       1.95604699 
     0.024937834       1.94362644 
      0.02499464       1.93144323 
     0.025051446       1.91949737 
     0.025108252       1.91399935 
     0.025165058       1.90265538 
     0.025221864        1.8915087 
      0.02527867        1.8805593 
     0.025335476       1.86980719 
     0.025392282       1.85925237 
     0.025449088       1.84889483 
     0.025505894       1.83873458 
       0.0255627       1.82877162 
     0.025619506       1.81900594 
     0.025676312       1.80943755 
     0.025733118       1.80006644 
     0.025789924       1.79089262 
      0.02584673       1.78191609 
     0.025903536       1.77313685 
     0.025960342       1.76455489 
     0.026017148       1.75617021 
     0.026073954       1.74798283 
      0.02613076       1.73999273 
     0.026187566       1.73219991 
     0.026244372       1.71993701 
     0.026301178       1.71251206 
     0.026357984       1.70528511 
      0.02641479       1.69825616 
     0.026471596       1.69142521 
     0.026528402       1.68479226 
     0.026585208        1.6783573 
     0.026642014       1.67212034 
      0.02669882       1.66608139 
     0.026755626       1.66024043 
     0.026812432       1.65459747 
     0.026869238       1.64915251 
     0.026926044       1.64390554 
      0.02698285       1.63885658 
     0.027039656       1.63400561 
     0.027096462       1.62935265 
     0.027153268       1.62489768 
     0.027210074       1.62064071 
      0.02726688       1.61658173 
     0.027323686        1.6102381 
     0.027380492       1.60638215 
     0.027437298       1.60273464 
     0.027494104       1.59929555 
      0.02755091       1.59606489 
     0.027607716       1.59304266 
     0.027664522       1.59022886 
     0.027721328        1.5876235 
     0.027778134       1.58522656 
      0.02783494       1.58303805 
     0.027891746       1.58105796 
     0.027948552       1.57928631 
     0.028005358       1.57772309 
     0.028062164        1.5763683 
      0.02811897       1.57522194 
     0.028175776         1.574284 
     0.028232582        1.5735545 
     0.028289388       1.57303343 
     0.028346194       1.57272078 
        0.028403       1.57261657 
