      -0.0315955      0.882013111 
    -0.031532309      0.882085618 
    -0.031469118      0.882303141 
    -0.031405927      0.882665678 
    -0.031342736       0.88317323 
    -0.031279545      0.883825797 
    -0.031216354      0.884623378 
    -0.031153163      0.885565975 
    -0.031089972      0.886653586 
    -0.031026781      0.887886212 
     -0.03096359      0.889263853 
    -0.030900399      0.890786509 
    -0.030837208       0.89245418 
    -0.030774017      0.894266866 
    -0.030710826      0.896224566 
    -0.030647635      0.898327281 
    -0.030584444      0.900575011 
    -0.030521253      0.902967756 
    -0.030458062        0.9067074 
    -0.030394871      0.909260073 
     -0.03033168      0.911950729 
    -0.030268489      0.914779366 
    -0.030205298      0.917745987 
    -0.030142107      0.920850589 
    -0.030078916      0.924093174 
    -0.030015725      0.927473741 
    -0.029952534      0.930992291 
    -0.029889343      0.934648823 
    -0.029826152      0.938443337 
    -0.029762961      0.942375834 
     -0.02969977      0.946446313 
    -0.029636579      0.950654774 
    -0.029573388      0.955001218 
    -0.029510197      0.959485644 
    -0.029447006      0.964108052 
    -0.029383815      0.971411568 
    -0.029320624      0.976296736 
    -0.029257433      0.981319515 
    -0.029194242      0.986479905 
    -0.029131051      0.991777905 
     -0.02906786      0.997213515 
    -0.029004669       1.00278674 
    -0.028941478       1.00849757 
    -0.028878287       1.01434601 
    -0.028815096       1.02033206 
    -0.028751905       1.02645572 
    -0.028688714       1.03271699 
    -0.028625523       1.03911588 
    -0.028562332       1.04565237 
    -0.028499141       1.05232647 
     -0.02843595       1.05913819 
    -0.028372759       1.06608751 
    -0.028309568       1.06980318 
    -0.028246377       1.07714971 
    -0.028183186       1.08466214 
    -0.028119995       1.09234048 
    -0.028056804       1.10018472 
    -0.027993613       1.10819487 
    -0.027930422       1.11637092 
    -0.027867231       1.12471287 
     -0.02780404       1.13322073 
    -0.027740849        1.1418945 
    -0.027677658       1.15073417 
    -0.027614467       1.15973974 
    -0.027551276       1.16891122 
    -0.027488085        1.1782486 
    -0.027424894       1.18775189 
    -0.027361703       1.19742108 
    -0.027298512       1.20725618 
    -0.027235321       1.21725717 
     -0.02717213       1.22678129 
    -0.027108939        1.2371567 
    -0.027045748       1.24772316 
    -0.026982557       1.25848068 
    -0.026919366       1.26942925 
    -0.026856175       1.28056888 
    -0.026792984       1.29189956 
    -0.026729793        1.3034213 
    -0.026666602       1.31513409 
    -0.026603411       1.32703793 
     -0.02654022       1.33913283 
    -0.026477029       1.35141879 
    -0.026413838       1.36389579 
    -0.026350647       1.37656386 
    -0.026287456       1.38942298 
    -0.026224265       1.40247315 
    -0.026161074       1.41571438 
    -0.026097883       1.42850003 
    -0.026034692       1.44216637 
    -0.025971501       1.45605632 
     -0.02590831       1.47016989 
    -0.025845119       1.48450708 
    -0.025781928       1.49906788 
    -0.025718737       1.51385229 
    -0.025655546       1.52886032 
    -0.025592355       1.54409197 
    -0.025529164       1.55954722 
    -0.025465973        1.5752261 
    -0.025402782       1.59112859 
    -0.025339591       1.60725469 
      -0.0252764        1.6236044 
    -0.025213209       1.64017774 
    -0.025150018       1.65697468 
    -0.025086827       1.67399524 
    -0.025023636       1.69049328 
    -0.024960445       1.70800283 
    -0.024897254       1.72577716 
    -0.024834063       1.74381629 
    -0.024770872       1.76212022 
    -0.024707681       1.78068894 
     -0.02464449       1.79952245 
    -0.024581299       1.81862076 
    -0.024518108       1.83798386 
    -0.024454917       1.85761175 
    -0.024391726       1.87750444 
    -0.024328535       1.89766193 
    -0.024265344       1.91808421 
    -0.024202153       1.93877128 
    -0.024138962       1.95972315 
    -0.024075771       1.98093981 
     -0.02401258       2.00242127 
    -0.023949389       2.02326227 
    -0.023886198       2.04531027 
    -0.023823007       2.06767398 
    -0.023759816       2.09035339 
    -0.023696625       2.11334851 
    -0.023633434       2.13665934 
    -0.023570243       2.16028587 
    -0.023507052       2.18422811 
    -0.023443861       2.20848606 
     -0.02338067       2.23305971 
    -0.023317479       2.25794906 
    -0.023254288       2.28315412 
    -0.023191097       2.30867489 
    -0.023127906       2.33451137 
    -0.023064715       2.36066355 
    -0.023001524       2.38713143 
    -0.022938333       2.41391502 
    -0.022875142       2.44101432 
    -0.022811951       2.46734265 
     -0.02274876        2.4951628 
    -0.022685569       2.52336036 
    -0.022622378       2.55193534 
    -0.022559187       2.58088774 
    -0.022495996       2.61021757 
    -0.022432805       2.63992481 
    -0.022369614       2.67000948 
    -0.022306423       2.70047157 
    -0.022243232       2.73131107 
    -0.022180041         2.762528 
     -0.02211685       2.79412235 
    -0.022053659       2.82609413 
    -0.021990468       2.85844332 
    -0.021927277       2.89116993 
    -0.021864086       2.92427396 
    -0.021800895       2.95775542 
    -0.021737704       2.99024182 
    -0.021674513       3.02456485 
    -0.021611322       3.05933867 
    -0.021548131       3.09456328 
     -0.02148494       3.13023867 
    -0.021421749       3.16636484 
    -0.021358558        3.2029418 
    -0.021295367       3.23996955 
    -0.021232176       3.27744808 
    -0.021168985       3.31537739 
    -0.021105794       3.35375749 
    -0.021042603       3.39258838 
    -0.020979412       3.43187005 
    -0.020916221       3.47160251 
     -0.02085303       3.51178575 
    -0.020789839       3.55241977 
    -0.020726648       3.59350459 
    -0.020663457       3.63327175 
    -0.020600266       3.67533727 
    -0.020537075       3.71793889 
    -0.020473884        3.7610766 
    -0.020410693       3.80475042 
    -0.020347502       3.84896033 
    -0.020284311       3.89370635 
     -0.02022112       3.93898846 
    -0.020157929       3.98480668 
    -0.020094738       4.03116099 
    -0.020031547        4.0780514 
    -0.019968356       4.12547792 
    -0.019905165       4.17344053 
    -0.019841974       4.22193924 
    -0.019778783       4.27097405 
    -0.019715592       4.32054496 
    -0.019652401       4.37065197 
     -0.01958921       4.41893413 
    -0.019526019       4.47017987 
    -0.019462828       4.52205846 
    -0.019399637       4.57456991 
    -0.019336446       4.62771421 
    -0.019273255       4.68149137 
    -0.019210064       4.73590138 
    -0.019146873       4.79094425 
    -0.019083682       4.84661996 
    -0.019020491       4.90292854 
      -0.0189573       4.95986996 
    -0.018894109       5.01744424 
    -0.018830918       5.07565137 
    -0.018767727       5.13449136 
    -0.018704536        5.1939642 
    -0.018641345        5.2540699 
    -0.018578154       5.31480845 
    -0.018514963       5.37617985 
    -0.018451772       5.43393895 
    -0.018388581       5.49673753 
     -0.01832539       5.56027376 
    -0.018262199       5.62454763 
    -0.018199008       5.68955915 
    -0.018135817       5.75530832 
    -0.018072626       5.82179513 
    -0.018009435       5.88901959 
    -0.017946244        5.9569817 
    -0.017883053       6.02568145 
    -0.017819862       6.09511885 
    -0.017756671        6.1652939 
     -0.01769348       6.23620659 
    -0.017630289       6.30785693 
    -0.017567098       6.38024492 
    -0.017503907       6.45337055 
    -0.017440716       6.52723383 
    -0.017377525        6.5889797 
    -0.017314334       6.66452521 
    -0.017251143       6.74088912 
    -0.017187952        6.8180714 
    -0.017124761       6.89607207 
     -0.01706157       6.97489113 
    -0.016998379       7.05452857 
    -0.016935188        7.1349844 
    -0.016871997       7.21625861 
    -0.016808806       7.29835121 
    -0.016745615       7.38126219 
    -0.016682424       7.46499156 
    -0.016619233       7.54953931 
    -0.016556042       7.63490545 
    -0.016492851       7.72108997 
     -0.01642966       7.80809288 
    -0.016366469       7.89591417 
    -0.016303278       7.97631466 
    -0.016240087       8.06600363 
    -0.016176896        8.1565533 
    -0.016113705       8.24796368 
    -0.016050514       8.34023477 
    -0.015987323       8.43336657 
    -0.015924132       8.52735908 
    -0.015860941       8.62221229 
     -0.01579775       8.71792622 
    -0.015734559       8.81450085 
    -0.015671368        8.9119362 
    -0.015608177       9.01023225 
    -0.015544986       9.10938902 
    -0.015481795       9.20940649 
    -0.015418604       9.31028467 
    -0.015355413       9.41202356 
    -0.015292222       9.51462316 
    -0.015229031       9.62116965 
     -0.01516584       9.72579746 
    -0.015102649       9.83138862 
    -0.015039458       9.93794312 
    -0.014976267        10.045461 
    -0.014913076       10.1539422 
    -0.014849885       10.2633867 
    -0.014786694       10.3737947 
    -0.014723503       10.4851659 
    -0.014660312       10.5975005 
    -0.014597121       10.6911852 
     -0.01453393       10.8066889 
    -0.014470739       10.9235236 
    -0.014407548       11.0416894 
    -0.014344357       11.1611862 
    -0.014281166        11.282014 
    -0.014217975       11.4041728 
    -0.014154784       11.5276626 
    -0.014091593       11.6524834 
    -0.014028402       11.7946361 
    -0.013965211       11.9217016 
     -0.01390202       12.0499025 
    -0.013838829       12.1792388 
    -0.013775638       12.3097105 
    -0.013712447       12.4413176 
    -0.013649256       12.5740601 
    -0.013586065       12.7079381 
    -0.013522874       12.8429514 
    -0.013459683       12.9791002 
    -0.013396492       13.1224145 
    -0.013333301       13.2595465 
     -0.01327011       13.3976269 
    -0.013206919       13.5366557 
    -0.013143728       13.6766328 
    -0.013080537       13.8116807 
    -0.013017346       13.9546299 
    -0.012954155       14.0990587 
    -0.012890964       14.2449671 
    -0.012827773       14.4045926 
    -0.012764582       14.5528672 
    -0.012701391        14.702346 
      -0.0126382        14.853029 
    -0.012575009       15.0049162 
    -0.012511818       15.1606097 
    -0.012448627        15.314669 
    -0.012385436       15.4698589 
    -0.012322245       15.6261794 
    -0.012259054       15.7836306 
    -0.012195863       15.9429389 
    -0.012132672        16.102637 
    -0.012069481       16.2634564 
     -0.01200629       16.4253971 
    -0.011943099       16.5884589 
    -0.011879908       16.7528775 
    -0.011816717       16.9181702 
    -0.011753526       17.0845692 
    -0.011690335       17.2520743 
    -0.011627144       17.4205957 
    -0.011563953       17.5903094 
    -0.011500762       17.7611059 
    -0.011437571       17.9329852 
     -0.01137438       18.1059473 
    -0.011311189       18.2796265 
    -0.011247998       18.4547362 
    -0.011184807        18.630897 
    -0.011121616       18.8081087 
    -0.011058425       18.9863714 
    -0.010995234       19.1650657 
    -0.010932043       19.3453929 
    -0.010868852       19.5267305 
    -0.010805661       19.7090787 
     -0.01074247       19.8915864 
    -0.010679279       20.0759425 
    -0.010616088         20.26126 
    -0.010552897       20.4475389 
    -0.010489706        20.634779 
    -0.010426515       20.8219051 
    -0.010363324       21.0110336 
    -0.010300133       21.2010653 
    -0.010236942       21.3920002 
    -0.010173751       21.5838383 
     -0.01011056       21.7752778 
    -0.010047369       21.9688613 
    -0.009984178       22.1632807 
    -0.009920987        22.358536 
    -0.009857796       22.5546271 
    -0.009794605       22.7500207 
    -0.009731414       22.9476907 
    -0.009668223         23.14612 
    -0.009605032       23.3453086 
    -0.009541841       23.5435282 
     -0.00947865        23.744191 
    -0.009415459       23.9455272 
    -0.009352268       24.1475369 
    -0.009289077       24.3502201 
    -0.009225886       24.5516336 
    -0.009162695       24.7555859 
    -0.009099504       24.9601166 
    -0.009036313       25.1652258 
    -0.008973122       25.3709133 
    -0.008909931       25.5750174 
     -0.00884674       25.7817456 
    -0.008783549       25.9889482 
    -0.008720358       26.1966251 
    -0.008657167       26.4024383 
    -0.008593976       26.6110175 
    -0.008530785       26.8199583 
    -0.008467594       27.0292607 
    -0.008404403       27.2389248 
    -0.008341212       27.4464256 
    -0.008278021       27.6567275 
     -0.00821483       27.8672701 
    -0.008151639       28.0780533 
    -0.008088448       28.2890773 
    -0.008025257       28.4976323 
    -0.007962066       28.7090092 
    -0.007898875       28.9204983 
    -0.007835684       29.1320995 
    -0.007772493        29.343813 
    -0.007709302       29.5527474 
    -0.007646111       29.7645102 
     -0.00758292       29.9762499 
    -0.007519729       30.1879664 
    -0.007456538       30.3966749 
    -0.007393347       30.6082624 
    -0.007330156       30.8196855 
    -0.007266965        31.030944 
    -0.007203774       31.2420381 
    -0.007140583       31.4498609 
    -0.007077392       31.6604979 
    -0.007014201       31.8708243 
     -0.00695101         32.08084 
    -0.006887819       32.2905451 
    -0.006824628       32.4967272 
    -0.006761437        32.705636 
    -0.006698246       32.9140846 
    -0.006635055       33.1220728 
    -0.006571864       33.3296007 
    -0.006508673       33.5333767 
    -0.006445482       33.7397624 
    -0.006382291       33.9455362 
      -0.0063191       34.1506983 
    -0.006255909       34.3520401 
    -0.006192718       34.5558636 
    -0.006129527       34.7589245 
    -0.006066336       34.9612226 
    -0.006003145        35.162758 
    -0.005939954       35.3604243 
    -0.005876763       35.5602773 
    -0.005813572        35.759221 
    -0.005750381       35.9572555 
     -0.00568719       36.1543808 
    -0.005623999       36.3477624 
    -0.005560808       36.5428785 
    -0.005497617       36.7369504 
    -0.005434426       36.9299782 
    -0.005371235        37.119787 
    -0.005308044       37.3106321 
    -0.005244853       37.5003258 
    -0.005181662       37.6888681 
    -0.005118471        37.876259 
     -0.00505528       38.0613227 
    -0.004992089       38.2463014 
    -0.004928898       38.4300912 
    -0.004865707       38.6126921 
    -0.004802516       38.7941041 
    -0.004739325       38.9721102 
    -0.004676134       39.1511424 
    -0.004612943        39.328928 
    -0.004549752        39.505467 
    -0.004486561       39.6807594 
     -0.00442337       39.8643232 
    -0.004360179       40.0364983 
    -0.004296988       40.2055365 
    -0.004233797        40.371438 
    -0.004170606       40.5117942 
    -0.004107415       40.6722876 
    -0.004044224       40.8304142 
    -0.003981033       40.9861741 
    -0.003917842       41.1395672 
    -0.003854651       41.2905937 
     -0.00379146       41.4392533 
    -0.003728269       41.5855463 
    -0.003665078       41.7294724 
    -0.003601887       41.8710319 
    -0.003538696       41.9635518 
    -0.003475505       42.1023596 
    -0.003412314       42.2395152 
    -0.003349123       42.3750185 
    -0.003285932       42.5088697 
    -0.003222741       42.6410686 
     -0.00315955       42.7716152 
    -0.003096359       42.9005097 
    -0.003033168       43.0277519 
    -0.002969977        43.177574 
    -0.002906786       43.3000951 
    -0.002843595       43.4203125 
    -0.002780404       43.5382263 
    -0.002717213       43.6538363 
    -0.002654022       43.7671427 
    -0.002590831       43.8781454 
     -0.00252764       43.9868445 
    -0.002464449       44.0932399 
    -0.002401258       44.1973315 
    -0.002338067       44.3023837 
    -0.002274876       44.4011174 
    -0.002211685       44.4973088 
    -0.002148494       44.5909579 
    -0.002085303       44.6820647 
    -0.002022112       44.7706291 
    -0.001958921       44.8566513 
     -0.00189573       44.9401312 
    -0.001832539       45.0210687 
    -0.001769348       45.1018545 
    -0.001706157       45.1775313 
    -0.001642966       45.2505333 
    -0.001579775       45.3208606 
    -0.001516584       45.3885132 
    -0.001453393       45.4534911 
    -0.001390202       45.5157942 
    -0.001327011       45.5754226 
     -0.00126382       45.6323762 
    -0.001200629       45.6866552 
    -0.001137438       45.7490452 
    -0.001074247       45.7977866 
    -0.001011056       45.8437427 
    -0.000947865       45.8869136 
    -0.000884674       45.9272992 
    -0.000821483       45.9648997 
    -0.000758292       45.9997149 
    -0.000695101       46.0317449 
     -0.00063191       46.0609897 
    -0.000568719       46.0894294 
    -0.000505528       46.1134509 
    -0.000442337       46.1346463 
    -0.000379146       46.1530156 
    -0.000315955       46.1685589 
    -0.000252764       46.1812761 
    -0.000189573       46.1911673 
    -0.000126382       46.1982325 
     -6.3191e-05       46.2024716 
               0       46.2038846 
      6.3191e-05       46.2024716 
     0.000126382       46.1982325 
     0.000189573       46.1911673 
     0.000252764       46.1812761 
     0.000315955       46.1685589 
     0.000379146       46.1530156 
     0.000442337       46.1346463 
     0.000505528       46.1134509 
     0.000568719       46.0894294 
      0.00063191       46.0609897 
     0.000695101       46.0317449 
     0.000758292       45.9997149 
     0.000821483       45.9648997 
     0.000884674       45.9272992 
     0.000947865       45.8869136 
     0.001011056       45.8437427 
     0.001074247       45.7977866 
     0.001137438       45.7490452 
     0.001200629       45.6866552 
      0.00126382       45.6323762 
     0.001327011       45.5754226 
     0.001390202       45.5157942 
     0.001453393       45.4534911 
     0.001516584       45.3885132 
     0.001579775       45.3208606 
     0.001642966       45.2505333 
     0.001706157       45.1775313 
     0.001769348       45.1018545 
     0.001832539       45.0210687 
      0.00189573       44.9401312 
     0.001958921       44.8566513 
     0.002022112       44.7706291 
     0.002085303       44.6820647 
     0.002148494       44.5909579 
     0.002211685       44.4973088 
     0.002274876       44.4011174 
     0.002338067       44.3023837 
     0.002401258       44.1973315 
     0.002464449       44.0932399 
      0.00252764       43.9868445 
     0.002590831       43.8781454 
     0.002654022       43.7671427 
     0.002717213       43.6538363 
     0.002780404       43.5382263 
     0.002843595       43.4203125 
     0.002906786       43.3000951 
     0.002969977        43.177574 
     0.003033168       43.0277519 
     0.003096359       42.9005097 
      0.00315955       42.7716152 
     0.003222741       42.6410686 
     0.003285932       42.5088697 
     0.003349123       42.3750185 
     0.003412314       42.2395152 
     0.003475505       42.1023596 
     0.003538696       41.9635518 
     0.003601887       41.8710319 
     0.003665078       41.7294724 
     0.003728269       41.5855463 
      0.00379146       41.4392533 
     0.003854651       41.2905937 
     0.003917842       41.1395672 
     0.003981033       40.9861741 
     0.004044224       40.8304142 
     0.004107415       40.6722876 
     0.004170606       40.5117942 
     0.004233797        40.371438 
     0.004296988       40.2055365 
     0.004360179       40.0364983 
      0.00442337       39.8643232 
     0.004486561       39.6807594 
     0.004549752        39.505467 
     0.004612943        39.328928 
     0.004676134       39.1511424 
     0.004739325       38.9721102 
     0.004802516       38.7941041 
     0.004865707       38.6126921 
     0.004928898       38.4300912 
     0.004992089       38.2463014 
      0.00505528       38.0613227 
     0.005118471        37.876259 
     0.005181662       37.6888681 
     0.005244853       37.5003258 
     0.005308044       37.3106321 
     0.005371235        37.119787 
     0.005434426       36.9299782 
     0.005497617       36.7369504 
     0.005560808       36.5428785 
     0.005623999       36.3477624 
      0.00568719       36.1543808 
     0.005750381       35.9572555 
     0.005813572        35.759221 
     0.005876763       35.5602773 
     0.005939954       35.3604243 
     0.006003145        35.162758 
     0.006066336       34.9612226 
     0.006129527       34.7589245 
     0.006192718       34.5558636 
     0.006255909       34.3520401 
       0.0063191       34.1506983 
     0.006382291       33.9455362 
     0.006445482       33.7397624 
     0.006508673       33.5333767 
     0.006571864       33.3296007 
     0.006635055       33.1220728 
     0.006698246       32.9140846 
     0.006761437        32.705636 
     0.006824628       32.4967272 
     0.006887819       32.2905451 
      0.00695101         32.08084 
     0.007014201       31.8708243 
     0.007077392       31.6604979 
     0.007140583       31.4498609 
     0.007203774       31.2420381 
     0.007266965        31.030944 
     0.007330156       30.8196855 
     0.007393347       30.6082624 
     0.007456538       30.3966749 
     0.007519729       30.1879664 
      0.00758292       29.9762499 
     0.007646111       29.7645102 
     0.007709302       29.5527474 
     0.007772493        29.343813 
     0.007835684       29.1320995 
     0.007898875       28.9204983 
     0.007962066       28.7090092 
     0.008025257       28.4976323 
     0.008088448       28.2890773 
     0.008151639       28.0780533 
      0.00821483       27.8672701 
     0.008278021       27.6567275 
     0.008341212       27.4464256 
     0.008404403       27.2389248 
     0.008467594       27.0292607 
     0.008530785       26.8199583 
     0.008593976       26.6110175 
     0.008657167       26.4024383 
     0.008720358       26.1966251 
     0.008783549       25.9889482 
      0.00884674       25.7817456 
     0.008909931       25.5750174 
     0.008973122       25.3709133 
     0.009036313       25.1652258 
     0.009099504       24.9601166 
     0.009162695       24.7555859 
     0.009225886       24.5516336 
     0.009289077       24.3502201 
     0.009352268       24.1475369 
     0.009415459       23.9455272 
      0.00947865        23.744191 
     0.009541841       23.5435282 
     0.009605032       23.3453086 
     0.009668223         23.14612 
     0.009731414       22.9476907 
     0.009794605       22.7500207 
     0.009857796       22.5546271 
     0.009920987        22.358536 
     0.009984178       22.1632807 
     0.010047369       21.9688613 
      0.01011056       21.7752778 
     0.010173751       21.5838383 
     0.010236942       21.3920002 
     0.010300133       21.2010653 
     0.010363324       21.0110336 
     0.010426515       20.8219051 
     0.010489706        20.634779 
     0.010552897       20.4475389 
     0.010616088         20.26126 
     0.010679279       20.0759425 
      0.01074247       19.8915864 
     0.010805661       19.7090787 
     0.010868852       19.5267305 
     0.010932043       19.3453929 
     0.010995234       19.1650657 
     0.011058425       18.9863714 
     0.011121616       18.8081087 
     0.011184807        18.630897 
     0.011247998       18.4547362 
     0.011311189       18.2796265 
      0.01137438       18.1059473 
     0.011437571       17.9329852 
     0.011500762       17.7611059 
     0.011563953       17.5903094 
     0.011627144       17.4205957 
     0.011690335       17.2520743 
     0.011753526       17.0845692 
     0.011816717       16.9181702 
     0.011879908       16.7528775 
     0.011943099       16.5884589 
      0.01200629       16.4253971 
     0.012069481       16.2634564 
     0.012132672        16.102637 
     0.012195863       15.9429389 
     0.012259054       15.7836306 
     0.012322245       15.6261794 
     0.012385436       15.4698589 
     0.012448627        15.314669 
     0.012511818       15.1606097 
     0.012575009       15.0049162 
       0.0126382        14.853029 
     0.012701391        14.702346 
     0.012764582       14.5528672 
     0.012827773       14.4045926 
     0.012890964       14.2449671 
     0.012954155       14.0990587 
     0.013017346       13.9546299 
     0.013080537       13.8116807 
     0.013143728       13.6766328 
     0.013206919       13.5366557 
      0.01327011       13.3976269 
     0.013333301       13.2595465 
     0.013396492       13.1224145 
     0.013459683       12.9791002 
     0.013522874       12.8429514 
     0.013586065       12.7079381 
     0.013649256       12.5740601 
     0.013712447       12.4413176 
     0.013775638       12.3097105 
     0.013838829       12.1792388 
      0.01390202       12.0499025 
     0.013965211       11.9217016 
     0.014028402       11.7946361 
     0.014091593       11.6524834 
     0.014154784       11.5276626 
     0.014217975       11.4041728 
     0.014281166        11.282014 
     0.014344357       11.1611862 
     0.014407548       11.0416894 
     0.014470739       10.9235236 
      0.01453393       10.8066889 
     0.014597121       10.6911852 
     0.014660312       10.5975005 
     0.014723503       10.4851659 
     0.014786694       10.3737947 
     0.014849885       10.2633867 
     0.014913076       10.1539422 
     0.014976267        10.045461 
     0.015039458       9.93794312 
     0.015102649       9.83138862 
      0.01516584       9.72579746 
     0.015229031       9.62116965 
     0.015292222       9.51462316 
     0.015355413       9.41202356 
     0.015418604       9.31028467 
     0.015481795       9.20940649 
     0.015544986       9.10938902 
     0.015608177       9.01023225 
     0.015671368        8.9119362 
     0.015734559       8.81450085 
      0.01579775       8.71792622 
     0.015860941       8.62221229 
     0.015924132       8.52735908 
     0.015987323       8.43336657 
     0.016050514       8.34023477 
     0.016113705       8.24796368 
     0.016176896        8.1565533 
     0.016240087       8.06600363 
     0.016303278       7.97631466 
     0.016366469       7.89591417 
      0.01642966       7.80809288 
     0.016492851       7.72108997 
     0.016556042       7.63490545 
     0.016619233       7.54953931 
     0.016682424       7.46499156 
     0.016745615       7.38126219 
     0.016808806       7.29835121 
     0.016871997       7.21625861 
     0.016935188        7.1349844 
     0.016998379       7.05452857 
      0.01706157       6.97489113 
     0.017124761       6.89607207 
     0.017187952        6.8180714 
     0.017251143       6.74088912 
     0.017314334       6.66452521 
     0.017377525        6.5889797 
     0.017440716       6.52723383 
     0.017503907       6.45337055 
     0.017567098       6.38024492 
     0.017630289       6.30785693 
      0.01769348       6.23620659 
     0.017756671        6.1652939 
     0.017819862       6.09511885 
     0.017883053       6.02568145 
     0.017946244        5.9569817 
     0.018009435       5.88901959 
     0.018072626       5.82179513 
     0.018135817       5.75530832 
     0.018199008       5.68955915 
     0.018262199       5.62454763 
      0.01832539       5.56027376 
     0.018388581       5.49673753 
     0.018451772       5.43393895 
     0.018514963       5.37617985 
     0.018578154       5.31480845 
     0.018641345        5.2540699 
     0.018704536        5.1939642 
     0.018767727       5.13449136 
     0.018830918       5.07565137 
     0.018894109       5.01744424 
       0.0189573       4.95986996 
     0.019020491       4.90292854 
     0.019083682       4.84661996 
     0.019146873       4.79094425 
     0.019210064       4.73590138 
     0.019273255       4.68149137 
     0.019336446       4.62771421 
     0.019399637       4.57456991 
     0.019462828       4.52205846 
     0.019526019       4.47017987 
      0.01958921       4.41893413 
     0.019652401       4.37065197 
     0.019715592       4.32054496 
     0.019778783       4.27097405 
     0.019841974       4.22193924 
     0.019905165       4.17344053 
     0.019968356       4.12547792 
     0.020031547        4.0780514 
     0.020094738       4.03116099 
     0.020157929       3.98480668 
      0.02022112       3.93898846 
     0.020284311       3.89370635 
     0.020347502       3.84896033 
     0.020410693       3.80475042 
     0.020473884        3.7610766 
     0.020537075       3.71793889 
     0.020600266       3.67533727 
     0.020663457       3.63327175 
     0.020726648       3.59350459 
     0.020789839       3.55241977 
      0.02085303       3.51178575 
     0.020916221       3.47160251 
     0.020979412       3.43187005 
     0.021042603       3.39258838 
     0.021105794       3.35375749 
     0.021168985       3.31537739 
     0.021232176       3.27744808 
     0.021295367       3.23996955 
     0.021358558        3.2029418 
     0.021421749       3.16636484 
      0.02148494       3.13023867 
     0.021548131       3.09456328 
     0.021611322       3.05933867 
     0.021674513       3.02456485 
     0.021737704       2.99024182 
     0.021800895       2.95775542 
     0.021864086       2.92427396 
     0.021927277       2.89116993 
     0.021990468       2.85844332 
     0.022053659       2.82609413 
      0.02211685       2.79412235 
     0.022180041         2.762528 
     0.022243232       2.73131107 
     0.022306423       2.70047157 
     0.022369614       2.67000948 
     0.022432805       2.63992481 
     0.022495996       2.61021757 
     0.022559187       2.58088774 
     0.022622378       2.55193534 
     0.022685569       2.52336036 
      0.02274876        2.4951628 
     0.022811951       2.46734265 
     0.022875142       2.44101432 
     0.022938333       2.41391502 
     0.023001524       2.38713143 
     0.023064715       2.36066355 
     0.023127906       2.33451137 
     0.023191097       2.30867489 
     0.023254288       2.28315412 
     0.023317479       2.25794906 
      0.02338067       2.23305971 
     0.023443861       2.20848606 
     0.023507052       2.18422811 
     0.023570243       2.16028587 
     0.023633434       2.13665934 
     0.023696625       2.11334851 
     0.023759816       2.09035339 
     0.023823007       2.06767398 
     0.023886198       2.04531027 
     0.023949389       2.02326227 
      0.02401258       2.00242127 
     0.024075771       1.98093981 
     0.024138962       1.95972315 
     0.024202153       1.93877128 
     0.024265344       1.91808421 
     0.024328535       1.89766193 
     0.024391726       1.87750444 
     0.024454917       1.85761175 
     0.024518108       1.83798386 
     0.024581299       1.81862076 
      0.02464449       1.79952245 
     0.024707681       1.78068894 
     0.024770872       1.76212022 
     0.024834063       1.74381629 
     0.024897254       1.72577716 
     0.024960445       1.70800283 
     0.025023636       1.69049328 
     0.025086827       1.67399524 
     0.025150018       1.65697468 
     0.025213209       1.64017774 
       0.0252764        1.6236044 
     0.025339591       1.60725469 
     0.025402782       1.59112859 
     0.025465973        1.5752261 
     0.025529164       1.55954722 
     0.025592355       1.54409197 
     0.025655546       1.52886032 
     0.025718737       1.51385229 
     0.025781928       1.49906788 
     0.025845119       1.48450708 
      0.02590831       1.47016989 
     0.025971501       1.45605632 
     0.026034692       1.44216637 
     0.026097883       1.42850003 
     0.026161074       1.41571438 
     0.026224265       1.40247315 
     0.026287456       1.38942298 
     0.026350647       1.37656386 
     0.026413838       1.36389579 
     0.026477029       1.35141879 
      0.02654022       1.33913283 
     0.026603411       1.32703793 
     0.026666602       1.31513409 
     0.026729793        1.3034213 
     0.026792984       1.29189956 
     0.026856175       1.28056888 
     0.026919366       1.26942925 
     0.026982557       1.25848068 
     0.027045748       1.24772316 
     0.027108939        1.2371567 
      0.02717213       1.22678129 
     0.027235321       1.21725717 
     0.027298512       1.20725618 
     0.027361703       1.19742108 
     0.027424894       1.18775189 
     0.027488085        1.1782486 
     0.027551276       1.16891122 
     0.027614467       1.15973974 
     0.027677658       1.15073417 
     0.027740849        1.1418945 
      0.02780404       1.13322073 
     0.027867231       1.12471287 
     0.027930422       1.11637092 
     0.027993613       1.10819487 
     0.028056804       1.10018472 
     0.028119995       1.09234048 
     0.028183186       1.08466214 
     0.028246377       1.07714971 
     0.028309568       1.06980318 
     0.028372759       1.06608751 
      0.02843595       1.05913819 
     0.028499141       1.05232647 
     0.028562332       1.04565237 
     0.028625523       1.03911588 
     0.028688714       1.03271699 
     0.028751905       1.02645572 
     0.028815096       1.02033206 
     0.028878287       1.01434601 
     0.028941478       1.00849757 
     0.029004669       1.00278674 
      0.02906786      0.997213515 
     0.029131051      0.991777905 
     0.029194242      0.986479905 
     0.029257433      0.981319515 
     0.029320624      0.976296736 
     0.029383815      0.971411568 
     0.029447006      0.964108052 
     0.029510197      0.959485644 
     0.029573388      0.955001218 
     0.029636579      0.950654774 
      0.02969977      0.946446313 
     0.029762961      0.942375834 
     0.029826152      0.938443337 
     0.029889343      0.934648823 
     0.029952534      0.930992291 
     0.030015725      0.927473741 
     0.030078916      0.924093174 
     0.030142107      0.920850589 
     0.030205298      0.917745987 
     0.030268489      0.914779366 
      0.03033168      0.911950729 
     0.030394871      0.909260073 
     0.030458062        0.9067074 
     0.030521253      0.902967756 
     0.030584444      0.900575011 
     0.030647635      0.898327281 
     0.030710826      0.896224566 
     0.030774017      0.894266866 
     0.030837208       0.89245418 
     0.030900399      0.890786509 
      0.03096359      0.889263853 
     0.031026781      0.887886212 
     0.031089972      0.886653586 
     0.031153163      0.885565975 
     0.031216354      0.884623378 
     0.031279545      0.883825797 
     0.031342736       0.88317323 
     0.031405927      0.882665678 
     0.031469118      0.882303141 
     0.031532309      0.882085618 
       0.0315955      0.882013111 
