      -0.0371145      0.329656944 
    -0.037040271      0.329695039 
    -0.036966042      0.329809326 
    -0.036891813      0.329999802 
    -0.036817584       0.33026647 
    -0.036743355      0.330609328 
    -0.036669126      0.331028377 
    -0.036594897      0.331523617 
    -0.036520668      0.332095047 
    -0.036446439      0.332742669 
     -0.03637221      0.333466481 
    -0.036297981      0.334266483 
    -0.036223752      0.335142677 
    -0.036149523      0.336095061 
    -0.036075294      0.337123636 
    -0.036001065      0.338228401 
    -0.035926836      0.340034824 
    -0.035852607       0.34122525 
    -0.035778378      0.342487824 
    -0.035704149      0.343822544 
     -0.03562992      0.345229411 
    -0.035555691      0.346708426 
    -0.035481462      0.348259587 
    -0.035407233      0.349882896 
    -0.035333004      0.351578351 
    -0.035258775      0.353345954 
    -0.035184546      0.355185704 
    -0.035110317        0.3570976 
    -0.035036088      0.359081644 
    -0.034961859      0.361137835 
     -0.03488763      0.363266173 
    -0.034813401      0.365466658 
    -0.034739172      0.368988661 
    -0.034664943      0.371329884 
    -0.034590714      0.373743144 
    -0.034516485      0.376228442 
    -0.034442256      0.378785777 
    -0.034368027       0.38141515 
    -0.034293798      0.384116561 
    -0.034219569      0.386890009 
     -0.03414534      0.389735495 
    -0.034071111      0.392653018 
    -0.033996882      0.395642579 
    -0.033922653      0.398704178 
    -0.033848424      0.401837815 
    -0.033774195      0.405043489 
    -0.033699966        0.4083212 
    -0.033625737       0.41002782 
    -0.033551508      0.413516947 
    -0.033477279      0.417095385 
     -0.03340305      0.420763135 
    -0.033328821      0.424520196 
    -0.033254592      0.428366569 
    -0.033180363      0.432302252 
    -0.033106134      0.436327247 
    -0.033031905      0.440441554 
    -0.032957676      0.444645171 
    -0.032883447        0.4489381 
    -0.032809218       0.45332034 
    -0.032734989      0.457791892 
     -0.03266076      0.462352755 
    -0.032586531      0.467002929 
    -0.032512302      0.471742415 
    -0.032438073      0.476231627 
    -0.032363844      0.481168915 
    -0.032289615      0.486211037 
    -0.032215386      0.491357993 
    -0.032141157      0.496609783 
    -0.032066928      0.501966406 
    -0.031992699      0.507427864 
     -0.03191847      0.512994156 
    -0.031844241      0.518665282 
    -0.031770012      0.524441241 
    -0.031695783      0.530322035 
    -0.031621554      0.536307663 
    -0.031547325      0.542398124 
    -0.031473096       0.54859342 
    -0.031398867      0.554893549 
    -0.031324638      0.561298513 
    -0.031250409      0.567453306 
     -0.03117618      0.574098852 
    -0.031101951      0.580869697 
    -0.031027722      0.587765839 
    -0.030953493       0.59478728 
    -0.030879264      0.601934019 
    -0.030805035      0.609206055 
    -0.030730806       0.61660339 
    -0.030656577      0.624126023 
    -0.030582348      0.631773954 
    -0.030508119      0.639547184 
     -0.03043389      0.647445711 
    -0.030359661      0.655469536 
    -0.030285432      0.663618659 
    -0.030211203      0.671893081 
    -0.030136974      0.679861556 
    -0.030062745      0.688408907 
    -0.029988516      0.697108003 
    -0.029914287      0.705958847 
    -0.029840058      0.714961437 
    -0.029765829      0.724115773 
      -0.0296916      0.733421857 
    -0.029617371      0.742879687 
    -0.029543142      0.752489263 
    -0.029468913      0.762250587 
    -0.029394684      0.772163657 
    -0.029320455      0.782228473 
    -0.029246226      0.792445037 
    -0.029171997      0.802813347 
    -0.029097768      0.813333403 
    -0.029023539      0.824005206 
     -0.02894931      0.834303594 
    -0.028875081      0.845319014 
    -0.028800852      0.856519768 
    -0.028726623      0.867905857 
    -0.028652394       0.87947728 
    -0.028578165      0.891234038 
    -0.028503936      0.903176131 
    -0.028429707      0.915303558 
    -0.028355478       0.92761632 
    -0.028281249      0.940114417 
     -0.02820702      0.952797848 
    -0.028132791      0.965666614 
    -0.028058562      0.978720714 
    -0.027984333      0.991960149 
    -0.027910104       1.00538492 
    -0.027835875       1.01833088 
    -0.027761646       1.03214962 
    -0.027687417        1.0461958 
    -0.027613188        1.0604694 
    -0.027538959       1.07497044 
     -0.02746473       1.08969892 
    -0.027390501       1.10465482 
    -0.027316272       1.11983816 
    -0.027242043       1.13524894 
    -0.027167814       1.15088714 
    -0.027093585       1.16675278 
    -0.027019356       1.18284585 
    -0.026945127       1.19916636 
    -0.026870898        1.2157143 
    -0.026796669       1.23248967 
     -0.02672244       1.24949248 
    -0.026648211       1.26589685 
    -0.026573982       1.28340247 
    -0.026499753       1.30118772 
    -0.026425524        1.3192526 
    -0.026351295        1.3375971 
    -0.026277066       1.35622123 
    -0.026202837       1.37512498 
    -0.026128608       1.39430836 
    -0.026054379       1.41377136 
     -0.02598015       1.43351399 
    -0.025905921       1.45353624 
    -0.025831692       1.47383812 
    -0.025757463       1.49441963 
    -0.025683234       1.51528076 
    -0.025609005       1.53642152 
    -0.025534776        1.5578419 
    -0.025460547       1.57851995 
    -0.025386318       1.60058217 
    -0.025312089       1.62298804 
     -0.02523786       1.64573756 
    -0.025163631       1.66883073 
    -0.025089402       1.69226756 
    -0.025015173       1.71604804 
    -0.024940944       1.74017217 
    -0.024866715       1.76463995 
    -0.024792486       1.78945138 
    -0.024718257       1.81460647 
    -0.024644028       1.84010521 
    -0.024569799        1.8659476 
     -0.02449557       1.89213364 
    -0.024421341       1.91866333 
    -0.024347112       1.94422005 
    -0.024272883       1.97148885 
    -0.024198654       1.99917893 
    -0.024124425       2.02729028 
    -0.024050196        2.0558229 
    -0.023975967       2.08477679 
    -0.023901738       2.11415195 
    -0.023827509       2.14394839 
     -0.02375328       2.17416609 
    -0.023679051       2.20480507 
    -0.023604822       2.23586532 
    -0.023530593       2.26734684 
    -0.023456364       2.29924963 
    -0.023382135        2.3315737 
    -0.023307906       2.36431903 
    -0.023233677       2.39748564 
    -0.023159448       2.42938806 
    -0.023085219       2.46349494 
     -0.02301099        2.4981158 
    -0.022936761       2.53325065 
    -0.022862532        2.5688995 
    -0.022788303       2.60506234 
    -0.022714074       2.64173916 
    -0.022639845       2.67892998 
    -0.022565616       2.71663479 
    -0.022491387       2.75485359 
    -0.022417158       2.79358638 
    -0.022342929       2.83283316 
      -0.0222687       2.87259393 
    -0.022194471        2.9128687 
    -0.022120242       2.95365745 
    -0.022046013        2.9949602 
    -0.021971784       3.03456839 
    -0.021897555       3.07705713 
    -0.021823326       3.12016869 
    -0.021749097       3.16390306 
    -0.021674868       3.20826026 
    -0.021600639       3.25324027 
     -0.02152641        3.2988431 
    -0.021452181       3.34506875 
    -0.021377952       3.39191722 
    -0.021303723        3.4393885 
    -0.021229494       3.48748261 
    -0.021155265       3.53619953 
    -0.021081036       3.58553927 
    -0.021006807       3.63550183 
    -0.020932578       3.68608721 
    -0.020858349       3.73325198 
     -0.02078412       3.78519752 
    -0.020709891       3.83788804 
    -0.020635662       3.89132356 
    -0.020561433       3.94550406 
    -0.020487204       4.00042955 
    -0.020412975       4.05610003 
    -0.020338746        4.1125155 
    -0.020264517       4.16967596 
    -0.020190288       4.22758141 
    -0.020116059       4.28623185 
     -0.02004183       4.34562728 
    -0.019967601        4.4057677 
    -0.019893372        4.4666531 
    -0.019819143        4.5282835 
    -0.019744914       4.59065888 
    -0.019670685       4.64191189 
    -0.019596456       4.70600801 
    -0.019522227       4.77094593 
    -0.019447998       4.83672566 
    -0.019373769        4.9033472 
     -0.01929954       4.97081054 
    -0.019225311       5.03911569 
    -0.019151082       5.10826264 
    -0.019076853        5.1782514 
    -0.019002624       5.24908196 
    -0.018928395       5.32075433 
    -0.018854166       5.39326851 
    -0.018779937       5.46662449 
    -0.018705708       5.54082227 
    -0.018631479       5.61586186 
     -0.01855725       5.68891317 
    -0.018483021       5.76583288 
    -0.018408792       5.84364874 
    -0.018334563       5.92236075 
    -0.018260334       6.00196891 
    -0.018186105       6.08247322 
    -0.018111876       6.16387368 
    -0.018037647       6.24617029 
    -0.017963418       6.32936306 
    -0.017889189       6.41345198 
     -0.01781496       6.49843705 
    -0.017740731       6.58431827 
    -0.017666502       6.67109564 
    -0.017592273       6.75876916 
    -0.017518044       6.84733883 
    -0.017443815       6.93680466 
    -0.017369586       7.02324971 
    -0.017295357       7.11543531 
    -0.017221128       7.20872784 
    -0.017146899       7.30312728 
     -0.01707267       7.39863366 
    -0.016998441       7.49524696 
    -0.016924212       7.59296718 
    -0.016849983       7.69179433 
    -0.016775754       7.78110717 
    -0.016701525       7.88321395 
    -0.016627296       7.98679209 
    -0.016553067       8.09184159 
    -0.016478838       8.19836244 
    -0.016404609       8.30635466 
     -0.01633038       8.41581823 
    -0.016256151       8.52675315 
    -0.016181922       8.65245319 
    -0.016107693       8.76592358 
    -0.016033464       8.88067544 
    -0.015959235       8.99670876 
    -0.015885006       9.11402355 
    -0.015810777       9.23261979 
    -0.015736548       9.35249751 
    -0.015662319       9.47365669 
     -0.01558809       9.60113152 
    -0.015513861       9.72391386 
    -0.015439632       9.84782747 
    -0.015365403       9.97287234 
    -0.015291174       10.0946453 
    -0.015216945       10.2226831 
    -0.015142716       10.3524408 
    -0.015068487       10.4839184 
    -0.014994258       10.6268792 
    -0.014920029       10.7612701 
      -0.0148458       10.8971106 
    -0.014771571       11.0344007 
    -0.014697342       11.1731405 
    -0.014623113       11.3155072 
    -0.014548884       11.4569191 
    -0.014474655       11.5997304 
    -0.014400426       11.7439411 
    -0.014326197       11.8904961 
    -0.014251968       12.0375256 
    -0.014177739       12.1859716 
     -0.01410351       12.3358339 
    -0.014029281       12.4877278 
    -0.013955052       12.6404478 
    -0.013880823       12.7945965 
    -0.013806594        12.950174 
    -0.013732365       13.1075758 
    -0.013658136       13.2660283 
    -0.013583907       13.4259145 
    -0.013509678       13.5872345 
    -0.013435449       13.7501943 
     -0.01336122       13.9143907 
    -0.013286991       14.0800183 
    -0.013212762       14.2470772 
    -0.013138533       14.4156013 
    -0.013064304        14.585523 
    -0.012990075       14.7568655 
    -0.012915846        14.929629 
    -0.012841617        15.103684 
    -0.012767388       15.2792814 
    -0.012693159       15.4562811 
     -0.01261893       15.6346833 
    -0.012544701       15.8141976 
    -0.012470472       15.9953886 
    -0.012396243       16.1779548 
    -0.012322014       16.3618962 
    -0.012247785        16.546761 
    -0.012173556       16.7334291 
    -0.012099327       16.9214362 
    -0.012025098        17.110782 
    -0.011950869       17.3008509 
     -0.01187664       17.4928436 
    -0.011802411       17.6861292 
    -0.011728182       17.8807077 
    -0.011653953       18.0757962 
    -0.011579724       18.2729229 
    -0.011505495       18.4712866 
    -0.011431266       18.6708872 
    -0.011357037        18.870772 
    -0.011282808       19.0728029 
    -0.011208579       19.2760044 
     -0.01113435       19.4803765 
    -0.011060121       19.6847949 
    -0.010985892       19.8914594 
    -0.010911663       20.0992177 
    -0.010837434       20.3080698 
    -0.010763205        20.516719 
    -0.010688976       20.7277053 
    -0.010614747       20.9396979 
    -0.010540518       21.1526967 
    -0.010466289       21.3652338 
     -0.01039206       21.5801885 
    -0.010317831       21.7960512 
    -0.010243602       22.0128218 
    -0.010169373       22.2288638 
    -0.010095144       22.4473917 
    -0.010020915       22.6667188 
    -0.009946686       22.8868451 
    -0.009872457         23.10597 
    -0.009798228       23.3276349 
    -0.009723999         23.54998 
     -0.00964977       23.7730053 
    -0.009575541        23.994753 
    -0.009501312       24.2190791 
    -0.009427083       24.4439565 
    -0.009352854       24.6693852 
    -0.009278625       24.8953651 
    -0.009204396       25.1197326 
    -0.009130167       25.3466191 
    -0.009055938       25.5739189 
    -0.008981709       25.8016318 
     -0.00890748       26.0274599 
    -0.008833251       26.2557976 
    -0.008759022       26.4844019 
    -0.008684793       26.7132729 
    -0.008610564       26.9399931 
    -0.008536335        27.169192 
    -0.008462106       27.3985036 
    -0.008387877       27.6279278 
    -0.008313648        27.854945 
    -0.008239419       28.0843876 
     -0.00816519       28.3137822 
    -0.008090961       28.5431289 
    -0.008016732       28.7698271 
    -0.007942503       28.9988719 
    -0.007868274       29.2277033 
    -0.007794045       29.4563212 
    -0.007719816       29.6820698 
    -0.007645587       29.9100576 
    -0.007571358       30.1376629 
    -0.007497129       30.3648857 
      -0.0074229       30.5890507 
    -0.007348671       30.8153107 
    -0.007274442       31.0410178 
    -0.007200213       31.2661718 
    -0.007125984       31.4881338 
    -0.007051755       31.7119923 
    -0.006977526        31.935129 
    -0.006903297       32.1575439 
    -0.006829068       32.3767307 
    -0.006754839       32.5975238 
     -0.00668061        32.817433 
    -0.006606381       33.0364581 
    -0.006532152       33.2524023 
    -0.006457923       33.4694972 
    -0.006383694        33.685562 
    -0.006309465       33.9005968 
    -0.006235236       34.1130163 
    -0.006161007       34.3258528 
    -0.006086778       34.5375509 
    -0.006012549       34.7481106 
     -0.00593832       34.9570088 
    -0.005864091       35.1651907 
    -0.005789862       35.3722215 
    -0.005715633       35.5781009 
    -0.005641404       35.7814977 
    -0.005567175       35.9851093 
    -0.005492946       36.1875333 
    -0.005418717       36.3887696 
    -0.005344488       36.5977051 
    -0.005270259       36.7969758 
     -0.00519603       36.9926572 
    -0.005121801       37.1847492 
    -0.005047572       37.3557398 
    -0.004973343       37.5411499 
    -0.004899114        37.724113 
    -0.004824885       37.9046289 
    -0.004750656       38.0826978 
    -0.004676427       38.2583197 
    -0.004602198       38.4314944 
    -0.004527969       38.6022221 
     -0.00445374       38.7433597 
    -0.004379511       38.9112101 
    -0.004305282       39.0777509 
    -0.004231053       39.2429822 
    -0.004156824        39.406904 
    -0.004082595       39.5695162 
    -0.004008366       39.7308189 
    -0.003934137       39.8908121 
    -0.003859908       40.0798033 
    -0.003785679       40.2373472 
     -0.00371145       40.3912411 
    -0.003637221       40.5414853 
    -0.003562992       40.6880796 
    -0.003488763       40.8310241 
    -0.003414534       40.9703188 
    -0.003340305       41.1059636 
    -0.003266076       41.2379586 
    -0.003191847       41.4000608 
    -0.003117618       41.5266145 
    -0.003043389        41.649616 
     -0.00296916       41.7690653 
    -0.002894931       41.8849624 
    -0.002820702       41.9973074 
    -0.002746473       42.1061001 
    -0.002672244       42.2113407 
    -0.002598015       42.3130291 
    -0.002523786       42.4111653 
    -0.002449557       42.5057493 
    -0.002375328       42.5967812 
    -0.002301099       42.6842608 
     -0.00222687       42.7681883 
    -0.002152641       42.8438742 
    -0.002078412        42.925668 
    -0.002004183       43.0045919 
    -0.001929954       43.0806459 
    -0.001855725       43.1538299 
    -0.001781496       43.2241439 
    -0.001707267        43.291588 
    -0.001633038       43.3561621 
    -0.001558809       43.4178663 
     -0.00148458       43.4767005 
    -0.001410351       43.5326647 
    -0.001336122        43.585759 
    -0.001261893       43.6359833 
    -0.001187664       43.6833376 
    -0.001113435        43.727822 
    -0.001039206       43.8236565 
    -0.000964977        43.869282 
    -0.000890748       43.9115279 
    -0.000816519        43.950394 
     -0.00074229       43.9858806 
    -0.000668061       44.0179874 
    -0.000593832       44.0467146 
    -0.000519603       44.0720621 
    -0.000445374         44.09403 
    -0.000371145       44.1126181 
    -0.000296916       44.1278266 
    -0.000222687       44.1396555 
    -0.000148458       44.1481046 
     -7.4229e-05       44.1531741 
               0        44.154864 
      7.4229e-05       44.1531741 
     0.000148458       44.1481046 
     0.000222687       44.1396555 
     0.000296916       44.1278266 
     0.000371145       44.1126181 
     0.000445374         44.09403 
     0.000519603       44.0720621 
     0.000593832       44.0467146 
     0.000668061       44.0179874 
      0.00074229       43.9858806 
     0.000816519        43.950394 
     0.000890748       43.9115279 
     0.000964977        43.869282 
     0.001039206       43.8236565 
     0.001113435        43.727822 
     0.001187664       43.6833376 
     0.001261893       43.6359833 
     0.001336122        43.585759 
     0.001410351       43.5326647 
      0.00148458       43.4767005 
     0.001558809       43.4178663 
     0.001633038       43.3561621 
     0.001707267        43.291588 
     0.001781496       43.2241439 
     0.001855725       43.1538299 
     0.001929954       43.0806459 
     0.002004183       43.0045919 
     0.002078412        42.925668 
     0.002152641       42.8438742 
      0.00222687       42.7681883 
     0.002301099       42.6842608 
     0.002375328       42.5967812 
     0.002449557       42.5057493 
     0.002523786       42.4111653 
     0.002598015       42.3130291 
     0.002672244       42.2113407 
     0.002746473       42.1061001 
     0.002820702       41.9973074 
     0.002894931       41.8849624 
      0.00296916       41.7690653 
     0.003043389        41.649616 
     0.003117618       41.5266145 
     0.003191847       41.4000608 
     0.003266076       41.2379586 
     0.003340305       41.1059636 
     0.003414534       40.9703188 
     0.003488763       40.8310241 
     0.003562992       40.6880796 
     0.003637221       40.5414853 
      0.00371145       40.3912411 
     0.003785679       40.2373472 
     0.003859908       40.0798033 
     0.003934137       39.8908121 
     0.004008366       39.7308189 
     0.004082595       39.5695162 
     0.004156824        39.406904 
     0.004231053       39.2429822 
     0.004305282       39.0777509 
     0.004379511       38.9112101 
      0.00445374       38.7433597 
     0.004527969       38.6022221 
     0.004602198       38.4314944 
     0.004676427       38.2583197 
     0.004750656       38.0826978 
     0.004824885       37.9046289 
     0.004899114        37.724113 
     0.004973343       37.5411499 
     0.005047572       37.3557398 
     0.005121801       37.1847492 
      0.00519603       36.9926572 
     0.005270259       36.7969758 
     0.005344488       36.5977051 
     0.005418717       36.3887696 
     0.005492946       36.1875333 
     0.005567175       35.9851093 
     0.005641404       35.7814977 
     0.005715633       35.5781009 
     0.005789862       35.3722215 
     0.005864091       35.1651907 
      0.00593832       34.9570088 
     0.006012549       34.7481106 
     0.006086778       34.5375509 
     0.006161007       34.3258528 
     0.006235236       34.1130163 
     0.006309465       33.9005968 
     0.006383694        33.685562 
     0.006457923       33.4694972 
     0.006532152       33.2524023 
     0.006606381       33.0364581 
      0.00668061        32.817433 
     0.006754839       32.5975238 
     0.006829068       32.3767307 
     0.006903297       32.1575439 
     0.006977526        31.935129 
     0.007051755       31.7119923 
     0.007125984       31.4881338 
     0.007200213       31.2661718 
     0.007274442       31.0410178 
     0.007348671       30.8153107 
       0.0074229       30.5890507 
     0.007497129       30.3648857 
     0.007571358       30.1376629 
     0.007645587       29.9100576 
     0.007719816       29.6820698 
     0.007794045       29.4563212 
     0.007868274       29.2277033 
     0.007942503       28.9988719 
     0.008016732       28.7698271 
     0.008090961       28.5431289 
      0.00816519       28.3137822 
     0.008239419       28.0843876 
     0.008313648        27.854945 
     0.008387877       27.6279278 
     0.008462106       27.3985036 
     0.008536335        27.169192 
     0.008610564       26.9399931 
     0.008684793       26.7132729 
     0.008759022       26.4844019 
     0.008833251       26.2557976 
      0.00890748       26.0274599 
     0.008981709       25.8016318 
     0.009055938       25.5739189 
     0.009130167       25.3466191 
     0.009204396       25.1197326 
     0.009278625       24.8953651 
     0.009352854       24.6693852 
     0.009427083       24.4439565 
     0.009501312       24.2190791 
     0.009575541        23.994753 
      0.00964977       23.7730053 
     0.009723999         23.54998 
     0.009798228       23.3276349 
     0.009872457         23.10597 
     0.009946686       22.8868451 
     0.010020915       22.6667188 
     0.010095144       22.4473917 
     0.010169373       22.2288638 
     0.010243602       22.0128218 
     0.010317831       21.7960512 
      0.01039206       21.5801885 
     0.010466289       21.3652338 
     0.010540518       21.1526967 
     0.010614747       20.9396979 
     0.010688976       20.7277053 
     0.010763205        20.516719 
     0.010837434       20.3080698 
     0.010911663       20.0992177 
     0.010985892       19.8914594 
     0.011060121       19.6847949 
      0.01113435       19.4803765 
     0.011208579       19.2760044 
     0.011282808       19.0728029 
     0.011357037        18.870772 
     0.011431266       18.6708872 
     0.011505495       18.4712866 
     0.011579724       18.2729229 
     0.011653953       18.0757962 
     0.011728182       17.8807077 
     0.011802411       17.6861292 
      0.01187664       17.4928436 
     0.011950869       17.3008509 
     0.012025098        17.110782 
     0.012099327       16.9214362 
     0.012173556       16.7334291 
     0.012247785        16.546761 
     0.012322014       16.3618962 
     0.012396243       16.1779548 
     0.012470472       15.9953886 
     0.012544701       15.8141976 
      0.01261893       15.6346833 
     0.012693159       15.4562811 
     0.012767388       15.2792814 
     0.012841617        15.103684 
     0.012915846        14.929629 
     0.012990075       14.7568655 
     0.013064304        14.585523 
     0.013138533       14.4156013 
     0.013212762       14.2470772 
     0.013286991       14.0800183 
      0.01336122       13.9143907 
     0.013435449       13.7501943 
     0.013509678       13.5872345 
     0.013583907       13.4259145 
     0.013658136       13.2660283 
     0.013732365       13.1075758 
     0.013806594        12.950174 
     0.013880823       12.7945965 
     0.013955052       12.6404478 
     0.014029281       12.4877278 
      0.01410351       12.3358339 
     0.014177739       12.1859716 
     0.014251968       12.0375256 
     0.014326197       11.8904961 
     0.014400426       11.7439411 
     0.014474655       11.5997304 
     0.014548884       11.4569191 
     0.014623113       11.3155072 
     0.014697342       11.1731405 
     0.014771571       11.0344007 
       0.0148458       10.8971106 
     0.014920029       10.7612701 
     0.014994258       10.6268792 
     0.015068487       10.4839184 
     0.015142716       10.3524408 
     0.015216945       10.2226831 
     0.015291174       10.0946453 
     0.015365403       9.97287234 
     0.015439632       9.84782747 
     0.015513861       9.72391386 
      0.01558809       9.60113152 
     0.015662319       9.47365669 
     0.015736548       9.35249751 
     0.015810777       9.23261979 
     0.015885006       9.11402355 
     0.015959235       8.99670876 
     0.016033464       8.88067544 
     0.016107693       8.76592358 
     0.016181922       8.65245319 
     0.016256151       8.52675315 
      0.01633038       8.41581823 
     0.016404609       8.30635466 
     0.016478838       8.19836244 
     0.016553067       8.09184159 
     0.016627296       7.98679209 
     0.016701525       7.88321395 
     0.016775754       7.78110717 
     0.016849983       7.69179433 
     0.016924212       7.59296718 
     0.016998441       7.49524696 
      0.01707267       7.39863366 
     0.017146899       7.30312728 
     0.017221128       7.20872784 
     0.017295357       7.11543531 
     0.017369586       7.02324971 
     0.017443815       6.93680466 
     0.017518044       6.84733883 
     0.017592273       6.75876916 
     0.017666502       6.67109564 
     0.017740731       6.58431827 
      0.01781496       6.49843705 
     0.017889189       6.41345198 
     0.017963418       6.32936306 
     0.018037647       6.24617029 
     0.018111876       6.16387368 
     0.018186105       6.08247322 
     0.018260334       6.00196891 
     0.018334563       5.92236075 
     0.018408792       5.84364874 
     0.018483021       5.76583288 
      0.01855725       5.68891317 
     0.018631479       5.61586186 
     0.018705708       5.54082227 
     0.018779937       5.46662449 
     0.018854166       5.39326851 
     0.018928395       5.32075433 
     0.019002624       5.24908196 
     0.019076853        5.1782514 
     0.019151082       5.10826264 
     0.019225311       5.03911569 
      0.01929954       4.97081054 
     0.019373769        4.9033472 
     0.019447998       4.83672566 
     0.019522227       4.77094593 
     0.019596456       4.70600801 
     0.019670685       4.64191189 
     0.019744914       4.59065888 
     0.019819143        4.5282835 
     0.019893372        4.4666531 
     0.019967601        4.4057677 
      0.02004183       4.34562728 
     0.020116059       4.28623185 
     0.020190288       4.22758141 
     0.020264517       4.16967596 
     0.020338746        4.1125155 
     0.020412975       4.05610003 
     0.020487204       4.00042955 
     0.020561433       3.94550406 
     0.020635662       3.89132356 
     0.020709891       3.83788804 
      0.02078412       3.78519752 
     0.020858349       3.73325198 
     0.020932578       3.68608721 
     0.021006807       3.63550183 
     0.021081036       3.58553927 
     0.021155265       3.53619953 
     0.021229494       3.48748261 
     0.021303723        3.4393885 
     0.021377952       3.39191722 
     0.021452181       3.34506875 
      0.02152641        3.2988431 
     0.021600639       3.25324027 
     0.021674868       3.20826026 
     0.021749097       3.16390306 
     0.021823326       3.12016869 
     0.021897555       3.07705713 
     0.021971784       3.03456839 
     0.022046013        2.9949602 
     0.022120242       2.95365745 
     0.022194471        2.9128687 
       0.0222687       2.87259393 
     0.022342929       2.83283316 
     0.022417158       2.79358638 
     0.022491387       2.75485359 
     0.022565616       2.71663479 
     0.022639845       2.67892998 
     0.022714074       2.64173916 
     0.022788303       2.60506234 
     0.022862532        2.5688995 
     0.022936761       2.53325065 
      0.02301099        2.4981158 
     0.023085219       2.46349494 
     0.023159448       2.42938806 
     0.023233677       2.39748564 
     0.023307906       2.36431903 
     0.023382135        2.3315737 
     0.023456364       2.29924963 
     0.023530593       2.26734684 
     0.023604822       2.23586532 
     0.023679051       2.20480507 
      0.02375328       2.17416609 
     0.023827509       2.14394839 
     0.023901738       2.11415195 
     0.023975967       2.08477679 
     0.024050196        2.0558229 
     0.024124425       2.02729028 
     0.024198654       1.99917893 
     0.024272883       1.97148885 
     0.024347112       1.94422005 
     0.024421341       1.91866333 
      0.02449557       1.89213364 
     0.024569799        1.8659476 
     0.024644028       1.84010521 
     0.024718257       1.81460647 
     0.024792486       1.78945138 
     0.024866715       1.76463995 
     0.024940944       1.74017217 
     0.025015173       1.71604804 
     0.025089402       1.69226756 
     0.025163631       1.66883073 
      0.02523786       1.64573756 
     0.025312089       1.62298804 
     0.025386318       1.60058217 
     0.025460547       1.57851995 
     0.025534776        1.5578419 
     0.025609005       1.53642152 
     0.025683234       1.51528076 
     0.025757463       1.49441963 
     0.025831692       1.47383812 
     0.025905921       1.45353624 
      0.02598015       1.43351399 
     0.026054379       1.41377136 
     0.026128608       1.39430836 
     0.026202837       1.37512498 
     0.026277066       1.35622123 
     0.026351295        1.3375971 
     0.026425524        1.3192526 
     0.026499753       1.30118772 
     0.026573982       1.28340247 
     0.026648211       1.26589685 
      0.02672244       1.24949248 
     0.026796669       1.23248967 
     0.026870898        1.2157143 
     0.026945127       1.19916636 
     0.027019356       1.18284585 
     0.027093585       1.16675278 
     0.027167814       1.15088714 
     0.027242043       1.13524894 
     0.027316272       1.11983816 
     0.027390501       1.10465482 
      0.02746473       1.08969892 
     0.027538959       1.07497044 
     0.027613188        1.0604694 
     0.027687417        1.0461958 
     0.027761646       1.03214962 
     0.027835875       1.01833088 
     0.027910104       1.00538492 
     0.027984333      0.991960149 
     0.028058562      0.978720714 
     0.028132791      0.965666614 
      0.02820702      0.952797848 
     0.028281249      0.940114417 
     0.028355478       0.92761632 
     0.028429707      0.915303558 
     0.028503936      0.903176131 
     0.028578165      0.891234038 
     0.028652394       0.87947728 
     0.028726623      0.867905857 
     0.028800852      0.856519768 
     0.028875081      0.845319014 
      0.02894931      0.834303594 
     0.029023539      0.824005206 
     0.029097768      0.813333403 
     0.029171997      0.802813347 
     0.029246226      0.792445037 
     0.029320455      0.782228473 
     0.029394684      0.772163657 
     0.029468913      0.762250587 
     0.029543142      0.752489263 
     0.029617371      0.742879687 
       0.0296916      0.733421857 
     0.029765829      0.724115773 
     0.029840058      0.714961437 
     0.029914287      0.705958847 
     0.029988516      0.697108003 
     0.030062745      0.688408907 
     0.030136974      0.679861556 
     0.030211203      0.671893081 
     0.030285432      0.663618659 
     0.030359661      0.655469536 
      0.03043389      0.647445711 
     0.030508119      0.639547184 
     0.030582348      0.631773954 
     0.030656577      0.624126023 
     0.030730806       0.61660339 
     0.030805035      0.609206055 
     0.030879264      0.601934019 
     0.030953493       0.59478728 
     0.031027722      0.587765839 
     0.031101951      0.580869697 
      0.03117618      0.574098852 
     0.031250409      0.567453306 
     0.031324638      0.561298513 
     0.031398867      0.554893549 
     0.031473096       0.54859342 
     0.031547325      0.542398124 
     0.031621554      0.536307663 
     0.031695783      0.530322035 
     0.031770012      0.524441241 
     0.031844241      0.518665282 
      0.03191847      0.512994156 
     0.031992699      0.507427864 
     0.032066928      0.501966406 
     0.032141157      0.496609783 
     0.032215386      0.491357993 
     0.032289615      0.486211037 
     0.032363844      0.481168915 
     0.032438073      0.476231627 
     0.032512302      0.471742415 
     0.032586531      0.467002929 
      0.03266076      0.462352755 
     0.032734989      0.457791892 
     0.032809218       0.45332034 
     0.032883447        0.4489381 
     0.032957676      0.444645171 
     0.033031905      0.440441554 
     0.033106134      0.436327247 
     0.033180363      0.432302252 
     0.033254592      0.428366569 
     0.033328821      0.424520196 
      0.03340305      0.420763135 
     0.033477279      0.417095385 
     0.033551508      0.413516947 
     0.033625737       0.41002782 
     0.033699966        0.4083212 
     0.033774195      0.405043489 
     0.033848424      0.401837815 
     0.033922653      0.398704178 
     0.033996882      0.395642579 
     0.034071111      0.392653018 
      0.03414534      0.389735495 
     0.034219569      0.386890009 
     0.034293798      0.384116561 
     0.034368027       0.38141515 
     0.034442256      0.378785777 
     0.034516485      0.376228442 
     0.034590714      0.373743144 
     0.034664943      0.371329884 
     0.034739172      0.368988661 
     0.034813401      0.365466658 
      0.03488763      0.363266173 
     0.034961859      0.361137835 
     0.035036088      0.359081644 
     0.035110317        0.3570976 
     0.035184546      0.355185704 
     0.035258775      0.353345954 
     0.035333004      0.351578351 
     0.035407233      0.349882896 
     0.035481462      0.348259587 
     0.035555691      0.346708426 
      0.03562992      0.345229411 
     0.035704149      0.343822544 
     0.035778378      0.342487824 
     0.035852607       0.34122525 
     0.035926836      0.340034824 
     0.036001065      0.338228401 
     0.036075294      0.337123636 
     0.036149523      0.336095061 
     0.036223752      0.335142677 
     0.036297981      0.334266483 
      0.03637221      0.333466481 
     0.036446439      0.332742669 
     0.036520668      0.332095047 
     0.036594897      0.331523617 
     0.036669126      0.331028377 
     0.036743355      0.330609328 
     0.036817584       0.33026647 
     0.036891813      0.329999802 
     0.036966042      0.329809326 
     0.037040271      0.329695039 
       0.0371145      0.329656944 
