      -0.0450945     0.0791842599 
    -0.045004311     0.0791977406 
    -0.044914122     0.0792381827 
    -0.044823933     0.0793055861 
    -0.044733744     0.0793999509 
    -0.044643555      0.079521277 
    -0.044553366     0.0796695646 
    -0.044463177     0.0798448135 
    -0.044372988     0.0800470237 
    -0.044282799     0.0802761954 
     -0.04419261     0.0805323284 
    -0.044102421     0.0808154227 
    -0.044012232     0.0811254785 
    -0.043922043     0.0816039974 
    -0.043831854      0.081949114 
    -0.043741665     0.0823197947 
    -0.043651476     0.0827160397 
    -0.043561287     0.0831378488 
    -0.043471098     0.0835852221 
    -0.043380909     0.0840581596 
     -0.04329072     0.0845566613 
    -0.043200531     0.0850807272 
    -0.043110342     0.0856303573 
    -0.043020153     0.0862055515 
    -0.042929964       0.08680631 
    -0.042839775     0.0874326326 
    -0.042749586      0.088370061 
    -0.042659397     0.0890465607 
    -0.042569208     0.0897485888 
    -0.042479019     0.0904761451 
     -0.04238883     0.0912292297 
    -0.042298641     0.0920078426 
    -0.042208452     0.0928119837 
    -0.042118263     0.0936416532 
    -0.042028074      0.094496851 
    -0.041937885     0.0953775771 
    -0.041847696     0.0962838314 
    -0.041757507     0.0972156141 
    -0.041667318      0.098172925 
    -0.041577129     0.0987963479 
     -0.04148694     0.0998294811 
    -0.041396751      0.100894145 
    -0.041306562       0.10199034 
    -0.041216373      0.103118066 
    -0.041126184      0.104277322 
    -0.041035995      0.105468109 
    -0.040945806      0.106690427 
    -0.040855617      0.107944276 
    -0.040765428      0.109229656 
    -0.040675239      0.110546566 
     -0.04058505      0.111895007 
    -0.040494861      0.113198843 
    -0.040404672      0.114615679 
    -0.040314483      0.116069453 
    -0.040224294      0.117560165 
    -0.040134105      0.119087816 
    -0.040043916      0.120652405 
    -0.039953727      0.122253931 
    -0.039863538      0.123892397 
    -0.039773349        0.1255678 
     -0.03968316      0.127280141 
    -0.039592971      0.129029421 
    -0.039502782      0.130815639 
    -0.039412593      0.132638795 
    -0.039322404      0.134420229 
    -0.039232215      0.136326048 
    -0.039142026       0.13827595 
    -0.039051837      0.140269937 
    -0.038961648      0.142308007 
    -0.038871459      0.144390162 
     -0.03878127      0.146516401 
    -0.038691081      0.148686724 
    -0.038600892      0.150901132 
    -0.038510703      0.153159623 
    -0.038420514      0.155462199 
    -0.038330325      0.157808859 
    -0.038240136      0.160199603 
    -0.038149947      0.162544427 
    -0.038059758      0.165037431 
    -0.037969569      0.167583791 
     -0.03787938      0.170183507 
    -0.037789191       0.17283658 
    -0.037699002      0.175543009 
    -0.037608813      0.178302794 
    -0.037518624      0.181115936 
    -0.037428435      0.183982434 
    -0.037338246      0.186902288 
    -0.037248057      0.189875499 
    -0.037157868      0.192902066 
    -0.037067679      0.195866146 
     -0.03697749      0.199009173 
    -0.036887301      0.202217403 
    -0.036797112      0.205490836 
    -0.036706923      0.208829471 
    -0.036616734      0.212233308 
    -0.036526545      0.215702348 
    -0.036436356       0.21923659 
    -0.036346167      0.222836035 
    -0.036255978      0.226500682 
    -0.036165789      0.230230531 
      -0.0360756      0.234025583 
    -0.035985411      0.237885838 
    -0.035895222      0.241669563 
    -0.035805033      0.245677186 
    -0.035714844      0.249764991 
    -0.035624655       0.25393298 
    -0.035534466      0.258181152 
    -0.035444277      0.262509506 
    -0.035354088      0.266918044 
    -0.035263899      0.271406765 
     -0.03517371      0.275975668 
    -0.035083521      0.280624755 
    -0.034993332      0.285354024 
    -0.034903143      0.290163477 
    -0.034812954      0.295053112 
    -0.034722765      0.299850886 
    -0.034632576      0.304928091 
    -0.034542387      0.310104292 
    -0.034452198      0.315379489 
    -0.034362009      0.320753683 
     -0.03427182      0.326226873 
    -0.034181631      0.331799059 
    -0.034091442      0.337470242 
    -0.034001253      0.343240421 
    -0.033911064      0.349109597 
    -0.033820875      0.355077769 
    -0.033730686      0.361144938 
    -0.033640497      0.367086646 
    -0.033550308      0.373369735 
    -0.033460119       0.37977533 
     -0.03336993      0.386303431 
    -0.033279741      0.392954038 
    -0.033189552      0.399727151 
    -0.033099363       0.40662277 
    -0.033009174      0.413640895 
    -0.032918985      0.420781526 
    -0.032828796      0.428044663 
    -0.032738607      0.435430305 
    -0.032648418      0.442938454 
    -0.032558229      0.450569109 
     -0.03246804      0.458045798 
    -0.032377851       0.46595312 
    -0.032287662      0.474012209 
    -0.032197473      0.482223066 
    -0.032107284      0.490585691 
    -0.032017095      0.499100085 
    -0.031926906      0.507766246 
    -0.031836717      0.516584175 
    -0.031746528      0.525553873 
    -0.031656339      0.534675338 
     -0.03156615      0.543948571 
    -0.031475961      0.553373573 
    -0.031385772      0.562950342 
    -0.031295583      0.572341611 
    -0.031205394      0.582272845 
    -0.031115205       0.59239214 
    -0.031025016      0.602699496 
    -0.030934827      0.613194913 
    -0.030844638      0.623878391 
    -0.030754449       0.63474993 
     -0.03066426      0.645809529 
    -0.030574071       0.65705719 
    -0.030483882      0.668492911 
    -0.030393693      0.680116694 
    -0.030303504      0.691928537 
    -0.030213315      0.703487898 
    -0.030123126      0.715708474 
    -0.030032937      0.728161959 
    -0.029942748      0.740848354 
    -0.029852559      0.753767658 
     -0.02976237      0.766919871 
    -0.029672181      0.780304993 
    -0.029581992      0.793923024 
    -0.029491803      0.807773965 
    -0.029401614      0.821857815 
    -0.029311425      0.836174574 
    -0.029221236      0.850724242 
    -0.029131047      0.865506819 
    -0.029040858      0.879973613 
    -0.028950669      0.895280159 
     -0.02886048      0.910874798 
    -0.028770291      0.926757533 
    -0.028680102      0.942928362 
    -0.028589913      0.959387285 
    -0.028499724      0.976134304 
    -0.028409535      0.993169417 
    -0.028319346       1.01049262 
    -0.028229157       1.02810393 
    -0.028138968       1.04600332 
    -0.028048779       1.06419081 
     -0.02795859        1.0826664 
    -0.027868401       1.10074567 
    -0.027778212       1.11989091 
    -0.027688023       1.13939178 
    -0.027597834       1.15924828 
    -0.027507645       1.17946041 
    -0.027417456       1.20002818 
    -0.027327267       1.22095158 
    -0.027237078        1.2422306 
    -0.027146889       1.26386526 
      -0.0270567       1.28585556 
    -0.026966511       1.30820148 
    -0.026876322       1.33090303 
    -0.026786133       1.35303277 
    -0.026695944       1.37650463 
    -0.026605755       1.40041417 
    -0.026515566        1.4247614 
    -0.026425377       1.44954632 
    -0.026335188       1.47476891 
    -0.026244999       1.50042919 
     -0.02615481       1.52652716 
    -0.026064621       1.55306281 
    -0.025974432       1.58003614 
    -0.025884243       1.60744716 
    -0.025794054       1.63529586 
    -0.025703865       1.66358225 
    -0.025613676        1.6910676 
    -0.025523487       1.72033442 
    -0.025433298       1.75013786 
    -0.025343109       1.78047792 
     -0.02525292       1.81135459 
    -0.025162731       1.84276788 
    -0.025072542       1.87471778 
    -0.024982353        1.9072043 
    -0.024892164       1.94022743 
    -0.024801975       1.97378718 
    -0.024711786       2.00788355 
    -0.024621597       2.04251653 
    -0.024531408       2.07768612 
    -0.024441219       2.11115597 
     -0.02435103         2.147569 
    -0.024260841       2.18463454 
    -0.024170652       2.22235261 
    -0.024080463        2.2607232 
    -0.023990274        2.2997463 
    -0.023900085       2.33942194 
    -0.023809896       2.37975009 
    -0.023719707       2.42073076 
    -0.023629518       2.46236396 
    -0.023539329       2.50464968 
     -0.02344914       2.54758791 
    -0.023358951       2.58392504 
    -0.023268762       2.62832572 
    -0.023178573       2.67348012 
    -0.023088384       2.71938825 
    -0.022998195        2.7660501 
    -0.022908006       2.81346567 
    -0.022817817       2.86163497 
    -0.022727628       2.91055798 
    -0.022637439       2.96023473 
     -0.02254725       3.01066519 
    -0.022457061       3.06184938 
    -0.022366872       3.11378729 
    -0.022276683       3.16647892 
    -0.022186494       3.21881604 
    -0.022096305       3.27320016 
    -0.022006116        3.3283983 
    -0.021915927       3.38441046 
    -0.021825738       3.44123664 
    -0.021735549       3.49887683 
     -0.02164536       3.55733104 
    -0.021555171       3.61659927 
    -0.021464982       3.67668152 
    -0.021374793       3.73757778 
    -0.021284604       3.79928806 
    -0.021194415       3.86181236 
    -0.021104226       3.92515068 
    -0.021014037       3.98791355 
    -0.020923848       4.05379779 
    -0.020833659       4.12071302 
     -0.02074347       4.18865924 
    -0.020653281       4.25763644 
    -0.020563092       4.32764464 
    -0.020472903       4.39443134 
    -0.020382714       4.46738009 
    -0.020292525       4.54174194 
    -0.020202336        4.6175169 
    -0.020112147       4.69470497 
    -0.020021958       4.77330614 
    -0.019931769       4.85332042 
     -0.01984158       4.94770547 
    -0.019751391       5.03012948 
    -0.019661202       5.11381387 
    -0.019571013       5.19875863 
    -0.019480824       5.28496375 
    -0.019390635       5.37242925 
    -0.019300446       5.46115512 
    -0.019210257       5.55107769 
    -0.019120068       5.64239998 
    -0.019029879       5.73509176 
     -0.01893969       5.82915302 
    -0.018849501       5.92458377 
    -0.018759312       6.02138401 
    -0.018669123        6.1204176 
    -0.018578934       6.22004403 
    -0.018488745       6.32115579 
    -0.018398556       6.42375288 
    -0.018308367       6.52783529 
    -0.018218178       6.63340304 
    -0.018127989       6.74045612 
      -0.0180378        6.8497503 
    -0.017947611       6.95988309 
    -0.017857422       7.07160438 
    -0.017767233       7.18491418 
    -0.017677044        7.2998125 
    -0.017586855       7.41629932 
    -0.017496666       7.53437466 
    -0.017406477       7.65472713 
    -0.017316288       7.77611011 
    -0.017226099        7.8991756 
     -0.01713591       8.02392361 
    -0.017045721       8.15035414 
    -0.016955532       8.27846718 
    -0.016865343       8.40879803 
    -0.016775154       8.54033631 
    -0.016684965       8.67363906 
    -0.016594776       8.80870629 
    -0.016504587       8.94553799 
    -0.016414398       9.08413416 
    -0.016324209       9.22449481 
     -0.01623402       9.36702057 
    -0.016143831       9.51098237 
    -0.016053642       9.65677403 
    -0.015963453       9.80439553 
    -0.015873264       9.95384689 
    -0.015783075       10.1051281 
    -0.015692886       10.2582392 
    -0.015602697       10.4134132 
    -0.015512508        10.570251 
    -0.015422319        10.728962 
     -0.01533213       10.8895463 
    -0.015241941       11.0520038 
    -0.015151752       11.2163346 
    -0.015061563       11.3825271 
    -0.014971374       11.5506274 
    -0.014881185       11.7206164 
    -0.014790996       11.8924942 
    -0.014700807       12.0662607 
    -0.014610618        12.241916 
    -0.014520429       12.4194599 
     -0.01443024       12.5985983 
    -0.014340051        12.779919 
    -0.014249862         12.96311 
    -0.014159673       13.1481712 
    -0.014069484       13.3351028 
    -0.013979295       13.5239046 
    -0.013889106       13.7145767 
    -0.013798917       13.9064321 
    -0.013708728       14.1007915 
    -0.013618539       14.2969632 
     -0.01352835       14.4949472 
    -0.013438161       14.6947434 
    -0.013347972       14.8963519 
    -0.013257783       15.0984675 
    -0.013167594       15.3036646 
    -0.013077405       15.5105724 
    -0.012987216       15.7191908 
    -0.012897027       15.9295197 
    -0.012806838       16.1415592 
    -0.012716649       16.3553093 
     -0.01262646       16.5678071 
    -0.012536271       16.7848779 
    -0.012446082       17.0035133 
    -0.012355893       17.2237133 
    -0.012265704       17.4454779 
    -0.012175515       17.6688071 
    -0.012085326       17.8937008 
    -0.011995137       18.1135185 
    -0.011904948       18.3413674 
    -0.011814759       18.5705394 
     -0.01172457       18.8010345 
    -0.011634381       19.0328526 
    -0.011544192       19.2659938 
    -0.011454003       19.4834945 
    -0.011363814       19.7195751 
    -0.011273625       19.9569399 
    -0.011183436       20.1955887 
    -0.011093247       20.4355217 
    -0.011003058       20.6767387 
    -0.010912869       20.9192398 
     -0.01082268       21.1689965 
    -0.010732491       21.4113971 
    -0.010642302       21.6543157 
    -0.010552113       21.8862256 
    -0.010461924       22.1310534 
    -0.010371735       22.3774547 
    -0.010281546       22.6254294 
    -0.010191357       22.8874094 
    -0.010101168       23.1366107 
    -0.010010979       23.3865631 
     -0.00992079        23.639196 
    -0.009830601       23.8899009 
    -0.009740412       24.1409929 
    -0.009650223       24.3919595 
    -0.009560034       24.6436415 
    -0.009469845       24.8955303 
    -0.009379656       25.1464956 
    -0.009289467       25.3986769 
    -0.009199278       25.6508857 
    -0.009109089       25.9031221 
      -0.0090189       26.1538723 
    -0.008928711        26.405895 
    -0.008838522       26.6577599 
    -0.008748333       26.9078067 
    -0.008658144       27.1591209 
    -0.008567955        27.410088 
    -0.008477766       27.6589811 
    -0.008387577       27.9090572 
    -0.008297388       28.1585965 
    -0.008207199       28.4058828 
     -0.00811701       28.6541928 
    -0.008026821       28.9017804 
    -0.007936632       29.1470463 
    -0.007846443        29.393075 
    -0.007756254        29.638207 
    -0.007666065       29.8824423 
    -0.007575876       30.1243994 
    -0.007485687       30.3666153 
    -0.007395498       30.6077854 
    -0.007305309        30.847139 
     -0.00721512       31.0860666 
    -0.007124931       31.3238559 
    -0.007034742       31.5607344 
    -0.006944553       31.7961836 
    -0.006854364       32.0305408 
    -0.006764175       32.2632863 
    -0.006673986       32.4955308 
    -0.006583797       32.7266759 
    -0.006493608       32.9567215 
    -0.006403419       33.1946596 
     -0.00631323       33.4200554 
    -0.006223041       33.6410016 
    -0.006132852       33.8413085 
    -0.006042663        34.054549 
    -0.005952474       34.2651393 
    -0.005862285       34.4730794 
    -0.005772096       34.6783692 
    -0.005681907       34.8810088 
    -0.005591718       35.0587513 
    -0.005501529       35.2585138 
     -0.00541134       35.4572254 
    -0.005321151       35.6548862 
    -0.005230962       35.8514961 
    -0.005140773       36.0470551 
    -0.005050584       36.2415633 
    -0.004960395       36.4650502 
    -0.004870206       36.6560781 
    -0.004780017       36.8427621 
    -0.004689828       37.0251021 
    -0.004599639       37.2030982 
     -0.00450945       37.3767503 
    -0.004419261       37.5460585 
    -0.004329072       37.7439952 
    -0.004238883       37.9066471 
    -0.004148694       38.0651241 
    -0.004058505       38.2194262 
    -0.003968316       38.3695534 
    -0.003878127       38.5155056 
    -0.003787938        38.657283 
    -0.003697749       38.7948855 
     -0.00360756       38.9283131 
    -0.003517371       39.0575658 
    -0.003427182       39.1826436 
    -0.003336993       39.3035465 
    -0.003246804       39.2705706 
    -0.003156615       39.3888324 
    -0.003066426       39.5046036 
    -0.002976237       39.6178841 
    -0.002886048        39.728674 
    -0.002795859       39.8369732 
     -0.00270567       39.9427819 
    -0.002615481       40.0460998 
    -0.002525292       40.1469272 
    -0.002435103       40.2452638 
    -0.002344914       40.3411099 
    -0.002254725       40.4344653 
    -0.002164536       40.6575705 
    -0.002074347       40.7439535 
    -0.001984158       40.8266606 
    -0.001893969       40.9056919 
     -0.00180378       40.9810472 
    -0.001713591       41.0527267 
    -0.001623402       41.1207303 
    -0.001533213       41.1850581 
    -0.001443024         41.24571 
    -0.001352835        41.302686 
    -0.001262646       41.3559861 
    -0.001172457       41.4056104 
    -0.001082268       41.4541086 
    -0.000992079       41.4992786 
     -0.00090189       41.5405208 
    -0.000811701       41.5778351 
    -0.000721512       41.6112217 
    -0.000631323       41.6406804 
    -0.000541134       41.6662112 
    -0.000450945       41.6878143 
    -0.000360756       41.7054895 
    -0.000270567       41.7192369 
    -0.000180378       41.7290565 
     -9.0189e-05       41.7349482 
               0       41.7369121 
      9.0189e-05       41.7349482 
     0.000180378       41.7290565 
     0.000270567       41.7192369 
     0.000360756       41.7054895 
     0.000450945       41.6878143 
     0.000541134       41.6662112 
     0.000631323       41.6406804 
     0.000721512       41.6112217 
     0.000811701       41.5778351 
      0.00090189       41.5405208 
     0.000992079       41.4992786 
     0.001082268       41.4541086 
     0.001172457       41.4056104 
     0.001262646       41.3559861 
     0.001352835        41.302686 
     0.001443024         41.24571 
     0.001533213       41.1850581 
     0.001623402       41.1207303 
     0.001713591       41.0527267 
      0.00180378       40.9810472 
     0.001893969       40.9056919 
     0.001984158       40.8266606 
     0.002074347       40.7439535 
     0.002164536       40.6575705 
     0.002254725       40.4344653 
     0.002344914       40.3411099 
     0.002435103       40.2452638 
     0.002525292       40.1469272 
     0.002615481       40.0460998 
      0.00270567       39.9427819 
     0.002795859       39.8369732 
     0.002886048        39.728674 
     0.002976237       39.6178841 
     0.003066426       39.5046036 
     0.003156615       39.3888324 
     0.003246804       39.2705706 
     0.003336993       39.3035465 
     0.003427182       39.1826436 
     0.003517371       39.0575658 
      0.00360756       38.9283131 
     0.003697749       38.7948855 
     0.003787938        38.657283 
     0.003878127       38.5155056 
     0.003968316       38.3695534 
     0.004058505       38.2194262 
     0.004148694       38.0651241 
     0.004238883       37.9066471 
     0.004329072       37.7439952 
     0.004419261       37.5460585 
      0.00450945       37.3767503 
     0.004599639       37.2030982 
     0.004689828       37.0251021 
     0.004780017       36.8427621 
     0.004870206       36.6560781 
     0.004960395       36.4650502 
     0.005050584       36.2415633 
     0.005140773       36.0470551 
     0.005230962       35.8514961 
     0.005321151       35.6548862 
      0.00541134       35.4572254 
     0.005501529       35.2585138 
     0.005591718       35.0587513 
     0.005681907       34.8810088 
     0.005772096       34.6783692 
     0.005862285       34.4730794 
     0.005952474       34.2651393 
     0.006042663        34.054549 
     0.006132852       33.8413085 
     0.006223041       33.6410016 
      0.00631323       33.4200554 
     0.006403419       33.1946596 
     0.006493608       32.9567215 
     0.006583797       32.7266759 
     0.006673986       32.4955308 
     0.006764175       32.2632863 
     0.006854364       32.0305408 
     0.006944553       31.7961836 
     0.007034742       31.5607344 
     0.007124931       31.3238559 
      0.00721512       31.0860666 
     0.007305309        30.847139 
     0.007395498       30.6077854 
     0.007485687       30.3666153 
     0.007575876       30.1243994 
     0.007666065       29.8824423 
     0.007756254        29.638207 
     0.007846443        29.393075 
     0.007936632       29.1470463 
     0.008026821       28.9017804 
      0.00811701       28.6541928 
     0.008207199       28.4058828 
     0.008297388       28.1585965 
     0.008387577       27.9090572 
     0.008477766       27.6589811 
     0.008567955        27.410088 
     0.008658144       27.1591209 
     0.008748333       26.9078067 
     0.008838522       26.6577599 
     0.008928711        26.405895 
       0.0090189       26.1538723 
     0.009109089       25.9031221 
     0.009199278       25.6508857 
     0.009289467       25.3986769 
     0.009379656       25.1464956 
     0.009469845       24.8955303 
     0.009560034       24.6436415 
     0.009650223       24.3919595 
     0.009740412       24.1409929 
     0.009830601       23.8899009 
      0.00992079        23.639196 
     0.010010979       23.3865631 
     0.010101168       23.1366107 
     0.010191357       22.8874094 
     0.010281546       22.6254294 
     0.010371735       22.3774547 
     0.010461924       22.1310534 
     0.010552113       21.8862256 
     0.010642302       21.6543157 
     0.010732491       21.4113971 
      0.01082268       21.1689965 
     0.010912869       20.9192398 
     0.011003058       20.6767387 
     0.011093247       20.4355217 
     0.011183436       20.1955887 
     0.011273625       19.9569399 
     0.011363814       19.7195751 
     0.011454003       19.4834945 
     0.011544192       19.2659938 
     0.011634381       19.0328526 
      0.01172457       18.8010345 
     0.011814759       18.5705394 
     0.011904948       18.3413674 
     0.011995137       18.1135185 
     0.012085326       17.8937008 
     0.012175515       17.6688071 
     0.012265704       17.4454779 
     0.012355893       17.2237133 
     0.012446082       17.0035133 
     0.012536271       16.7848779 
      0.01262646       16.5678071 
     0.012716649       16.3553093 
     0.012806838       16.1415592 
     0.012897027       15.9295197 
     0.012987216       15.7191908 
     0.013077405       15.5105724 
     0.013167594       15.3036646 
     0.013257783       15.0984675 
     0.013347972       14.8963519 
     0.013438161       14.6947434 
      0.01352835       14.4949472 
     0.013618539       14.2969632 
     0.013708728       14.1007915 
     0.013798917       13.9064321 
     0.013889106       13.7145767 
     0.013979295       13.5239046 
     0.014069484       13.3351028 
     0.014159673       13.1481712 
     0.014249862         12.96311 
     0.014340051        12.779919 
      0.01443024       12.5985983 
     0.014520429       12.4194599 
     0.014610618        12.241916 
     0.014700807       12.0662607 
     0.014790996       11.8924942 
     0.014881185       11.7206164 
     0.014971374       11.5506274 
     0.015061563       11.3825271 
     0.015151752       11.2163346 
     0.015241941       11.0520038 
      0.01533213       10.8895463 
     0.015422319        10.728962 
     0.015512508        10.570251 
     0.015602697       10.4134132 
     0.015692886       10.2582392 
     0.015783075       10.1051281 
     0.015873264       9.95384689 
     0.015963453       9.80439553 
     0.016053642       9.65677403 
     0.016143831       9.51098237 
      0.01623402       9.36702057 
     0.016324209       9.22449481 
     0.016414398       9.08413416 
     0.016504587       8.94553799 
     0.016594776       8.80870629 
     0.016684965       8.67363906 
     0.016775154       8.54033631 
     0.016865343       8.40879803 
     0.016955532       8.27846718 
     0.017045721       8.15035414 
      0.01713591       8.02392361 
     0.017226099        7.8991756 
     0.017316288       7.77611011 
     0.017406477       7.65472713 
     0.017496666       7.53437466 
     0.017586855       7.41629932 
     0.017677044        7.2998125 
     0.017767233       7.18491418 
     0.017857422       7.07160438 
     0.017947611       6.95988309 
       0.0180378        6.8497503 
     0.018127989       6.74045612 
     0.018218178       6.63340304 
     0.018308367       6.52783529 
     0.018398556       6.42375288 
     0.018488745       6.32115579 
     0.018578934       6.22004403 
     0.018669123        6.1204176 
     0.018759312       6.02138401 
     0.018849501       5.92458377 
      0.01893969       5.82915302 
     0.019029879       5.73509176 
     0.019120068       5.64239998 
     0.019210257       5.55107769 
     0.019300446       5.46115512 
     0.019390635       5.37242925 
     0.019480824       5.28496375 
     0.019571013       5.19875863 
     0.019661202       5.11381387 
     0.019751391       5.03012948 
      0.01984158       4.94770547 
     0.019931769       4.85332042 
     0.020021958       4.77330614 
     0.020112147       4.69470497 
     0.020202336        4.6175169 
     0.020292525       4.54174194 
     0.020382714       4.46738009 
     0.020472903       4.39443134 
     0.020563092       4.32764464 
     0.020653281       4.25763644 
      0.02074347       4.18865924 
     0.020833659       4.12071302 
     0.020923848       4.05379779 
     0.021014037       3.98791355 
     0.021104226       3.92515068 
     0.021194415       3.86181236 
     0.021284604       3.79928806 
     0.021374793       3.73757778 
     0.021464982       3.67668152 
     0.021555171       3.61659927 
      0.02164536       3.55733104 
     0.021735549       3.49887683 
     0.021825738       3.44123664 
     0.021915927       3.38441046 
     0.022006116        3.3283983 
     0.022096305       3.27320016 
     0.022186494       3.21881604 
     0.022276683       3.16647892 
     0.022366872       3.11378729 
     0.022457061       3.06184938 
      0.02254725       3.01066519 
     0.022637439       2.96023473 
     0.022727628       2.91055798 
     0.022817817       2.86163497 
     0.022908006       2.81346567 
     0.022998195        2.7660501 
     0.023088384       2.71938825 
     0.023178573       2.67348012 
     0.023268762       2.62832572 
     0.023358951       2.58392504 
      0.02344914       2.54758791 
     0.023539329       2.50464968 
     0.023629518       2.46236396 
     0.023719707       2.42073076 
     0.023809896       2.37975009 
     0.023900085       2.33942194 
     0.023990274        2.2997463 
     0.024080463        2.2607232 
     0.024170652       2.22235261 
     0.024260841       2.18463454 
      0.02435103         2.147569 
     0.024441219       2.11115597 
     0.024531408       2.07768612 
     0.024621597       2.04251653 
     0.024711786       2.00788355 
     0.024801975       1.97378718 
     0.024892164       1.94022743 
     0.024982353        1.9072043 
     0.025072542       1.87471778 
     0.025162731       1.84276788 
      0.02525292       1.81135459 
     0.025343109       1.78047792 
     0.025433298       1.75013786 
     0.025523487       1.72033442 
     0.025613676        1.6910676 
     0.025703865       1.66358225 
     0.025794054       1.63529586 
     0.025884243       1.60744716 
     0.025974432       1.58003614 
     0.026064621       1.55306281 
      0.02615481       1.52652716 
     0.026244999       1.50042919 
     0.026335188       1.47476891 
     0.026425377       1.44954632 
     0.026515566        1.4247614 
     0.026605755       1.40041417 
     0.026695944       1.37650463 
     0.026786133       1.35303277 
     0.026876322       1.33090303 
     0.026966511       1.30820148 
       0.0270567       1.28585556 
     0.027146889       1.26386526 
     0.027237078        1.2422306 
     0.027327267       1.22095158 
     0.027417456       1.20002818 
     0.027507645       1.17946041 
     0.027597834       1.15924828 
     0.027688023       1.13939178 
     0.027778212       1.11989091 
     0.027868401       1.10074567 
      0.02795859        1.0826664 
     0.028048779       1.06419081 
     0.028138968       1.04600332 
     0.028229157       1.02810393 
     0.028319346       1.01049262 
     0.028409535      0.993169417 
     0.028499724      0.976134304 
     0.028589913      0.959387285 
     0.028680102      0.942928362 
     0.028770291      0.926757533 
      0.02886048      0.910874798 
     0.028950669      0.895280159 
     0.029040858      0.879973613 
     0.029131047      0.865506819 
     0.029221236      0.850724242 
     0.029311425      0.836174574 
     0.029401614      0.821857815 
     0.029491803      0.807773965 
     0.029581992      0.793923024 
     0.029672181      0.780304993 
      0.02976237      0.766919871 
     0.029852559      0.753767658 
     0.029942748      0.740848354 
     0.030032937      0.728161959 
     0.030123126      0.715708474 
     0.030213315      0.703487898 
     0.030303504      0.691928537 
     0.030393693      0.680116694 
     0.030483882      0.668492911 
     0.030574071       0.65705719 
      0.03066426      0.645809529 
     0.030754449       0.63474993 
     0.030844638      0.623878391 
     0.030934827      0.613194913 
     0.031025016      0.602699496 
     0.031115205       0.59239214 
     0.031205394      0.582272845 
     0.031295583      0.572341611 
     0.031385772      0.562950342 
     0.031475961      0.553373573 
      0.03156615      0.543948571 
     0.031656339      0.534675338 
     0.031746528      0.525553873 
     0.031836717      0.516584175 
     0.031926906      0.507766246 
     0.032017095      0.499100085 
     0.032107284      0.490585691 
     0.032197473      0.482223066 
     0.032287662      0.474012209 
     0.032377851       0.46595312 
      0.03246804      0.458045798 
     0.032558229      0.450569109 
     0.032648418      0.442938454 
     0.032738607      0.435430305 
     0.032828796      0.428044663 
     0.032918985      0.420781526 
     0.033009174      0.413640895 
     0.033099363       0.40662277 
     0.033189552      0.399727151 
     0.033279741      0.392954038 
      0.03336993      0.386303431 
     0.033460119       0.37977533 
     0.033550308      0.373369735 
     0.033640497      0.367086646 
     0.033730686      0.361144938 
     0.033820875      0.355077769 
     0.033911064      0.349109597 
     0.034001253      0.343240421 
     0.034091442      0.337470242 
     0.034181631      0.331799059 
      0.03427182      0.326226873 
     0.034362009      0.320753683 
     0.034452198      0.315379489 
     0.034542387      0.310104292 
     0.034632576      0.304928091 
     0.034722765      0.299850886 
     0.034812954      0.295053112 
     0.034903143      0.290163477 
     0.034993332      0.285354024 
     0.035083521      0.280624755 
      0.03517371      0.275975668 
     0.035263899      0.271406765 
     0.035354088      0.266918044 
     0.035444277      0.262509506 
     0.035534466      0.258181152 
     0.035624655       0.25393298 
     0.035714844      0.249764991 
     0.035805033      0.245677186 
     0.035895222      0.241669563 
     0.035985411      0.237885838 
       0.0360756      0.234025583 
     0.036165789      0.230230531 
     0.036255978      0.226500682 
     0.036346167      0.222836035 
     0.036436356       0.21923659 
     0.036526545      0.215702348 
     0.036616734      0.212233308 
     0.036706923      0.208829471 
     0.036797112      0.205490836 
     0.036887301      0.202217403 
      0.03697749      0.199009173 
     0.037067679      0.195866146 
     0.037157868      0.192902066 
     0.037248057      0.189875499 
     0.037338246      0.186902288 
     0.037428435      0.183982434 
     0.037518624      0.181115936 
     0.037608813      0.178302794 
     0.037699002      0.175543009 
     0.037789191       0.17283658 
      0.03787938      0.170183507 
     0.037969569      0.167583791 
     0.038059758      0.165037431 
     0.038149947      0.162544427 
     0.038240136      0.160199603 
     0.038330325      0.157808859 
     0.038420514      0.155462199 
     0.038510703      0.153159623 
     0.038600892      0.150901132 
     0.038691081      0.148686724 
      0.03878127      0.146516401 
     0.038871459      0.144390162 
     0.038961648      0.142308007 
     0.039051837      0.140269937 
     0.039142026       0.13827595 
     0.039232215      0.136326048 
     0.039322404      0.134420229 
     0.039412593      0.132638795 
     0.039502782      0.130815639 
     0.039592971      0.129029421 
      0.03968316      0.127280141 
     0.039773349        0.1255678 
     0.039863538      0.123892397 
     0.039953727      0.122253931 
     0.040043916      0.120652405 
     0.040134105      0.119087816 
     0.040224294      0.117560165 
     0.040314483      0.116069453 
     0.040404672      0.114615679 
     0.040494861      0.113198843 
      0.04058505      0.111895007 
     0.040675239      0.110546566 
     0.040765428      0.109229656 
     0.040855617      0.107944276 
     0.040945806      0.106690427 
     0.041035995      0.105468109 
     0.041126184      0.104277322 
     0.041216373      0.103118066 
     0.041306562       0.10199034 
     0.041396751      0.100894145 
      0.04148694     0.0998294811 
     0.041577129     0.0987963479 
     0.041667318      0.098172925 
     0.041757507     0.0972156141 
     0.041847696     0.0962838314 
     0.041937885     0.0953775771 
     0.042028074      0.094496851 
     0.042118263     0.0936416532 
     0.042208452     0.0928119837 
     0.042298641     0.0920078426 
      0.04238883     0.0912292297 
     0.042479019     0.0904761451 
     0.042569208     0.0897485888 
     0.042659397     0.0890465607 
     0.042749586      0.088370061 
     0.042839775     0.0874326326 
     0.042929964       0.08680631 
     0.043020153     0.0862055515 
     0.043110342     0.0856303573 
     0.043200531     0.0850807272 
      0.04329072     0.0845566613 
     0.043380909     0.0840581596 
     0.043471098     0.0835852221 
     0.043561287     0.0831378488 
     0.043651476     0.0827160397 
     0.043741665     0.0823197947 
     0.043831854      0.081949114 
     0.043922043     0.0816039974 
     0.044012232     0.0811254785 
     0.044102421     0.0808154227 
      0.04419261     0.0805323284 
     0.044282799     0.0802761954 
     0.044372988     0.0800470237 
     0.044463177     0.0798448135 
     0.044553366     0.0796695646 
     0.044643555      0.079521277 
     0.044733744     0.0793999509 
     0.044823933     0.0793055861 
     0.044914122     0.0792381827 
     0.045004311     0.0791977406 
       0.0450945     0.0791842599 
