       -0.040629      0.174084871 
    -0.040547742       0.17410899 
    -0.040466484      0.174181349 
    -0.040385226      0.174301947 
    -0.040303968      0.174470784 
     -0.04022271       0.17468786 
    -0.040141452      0.174953175 
    -0.040060194      0.175266729 
    -0.039978936      0.175628523 
    -0.039897678      0.176038555 
     -0.03981642      0.176496827 
    -0.039735162      0.177003338 
    -0.039653904      0.177558088 
    -0.039572646      0.178161077 
    -0.039491388      0.178812305 
     -0.03941013      0.179824972 
    -0.039328872      0.180533172 
    -0.039247614      0.181287062 
    -0.039166356      0.182086643 
    -0.039085098      0.182931914 
     -0.03900384      0.183822875 
    -0.038922582      0.184759527 
    -0.038841324      0.185741868 
    -0.038760066        0.1867699 
    -0.038678808      0.187843623 
     -0.03859755      0.188963036 
    -0.038516292      0.190128139 
    -0.038435034      0.191338932 
    -0.038353776      0.192595416 
    -0.038272518      0.194556183 
     -0.03819126      0.195902215 
    -0.038110002      0.197293875 
    -0.038028744      0.198731163 
    -0.037947486      0.200214079 
    -0.037866228      0.201742624 
     -0.03778497      0.203316796 
    -0.037703712      0.204936597 
    -0.037622454      0.206602027 
    -0.037541196      0.208313084 
    -0.037459938      0.210069769 
     -0.03737868      0.211872083 
    -0.037297422      0.213720025 
    -0.037216164      0.215613595 
    -0.037134906      0.216692532 
    -0.037053648      0.218718519 
     -0.03697239      0.220801103 
    -0.036891132      0.222940286 
    -0.036809874      0.225136066 
    -0.036728616      0.227388443 
    -0.036647358      0.229697418 
      -0.0365661      0.232062991 
    -0.036484842      0.234485161 
    -0.036403584      0.236963929 
    -0.036322326      0.239499295 
    -0.036241068      0.242091258 
     -0.03615981      0.244739818 
    -0.036078552      0.247444977 
    -0.035997294      0.250027067 
    -0.035916036      0.252852729 
    -0.035834778      0.255744868 
     -0.03575352      0.258703484 
    -0.035672262      0.261728576 
    -0.035591004      0.264820145 
    -0.035509746       0.26797819 
    -0.035428488      0.271202712 
     -0.03534723      0.274493711 
    -0.035265972      0.277851186 
    -0.035184714      0.281275138 
    -0.035103456      0.284765566 
    -0.035022198      0.288322471 
     -0.03494094      0.291945852 
    -0.034859682      0.295635711 
    -0.034778424      0.299206345 
    -0.034697166      0.303047504 
    -0.034615908      0.306968199 
     -0.03453465       0.31096843 
    -0.034453392      0.315048197 
    -0.034372134      0.319207499 
    -0.034290876      0.323446337 
    -0.034209618       0.32776471 
     -0.03412836      0.332162619 
    -0.034047102      0.336640064 
    -0.033965844      0.341197044 
    -0.033884586       0.34583356 
    -0.033803328      0.350549612 
     -0.03372207        0.3553452 
    -0.033640812       0.35999739 
    -0.033559554      0.364971079 
    -0.033478296      0.370041245 
    -0.033397038      0.375207888 
     -0.03331578      0.380471009 
    -0.033234522      0.385830606 
    -0.033153264      0.391286682 
    -0.033072006      0.396839235 
    -0.032990748      0.402488265 
     -0.03290949      0.408233772 
    -0.032828232      0.414075757 
    -0.032746974      0.420014219 
    -0.032665716      0.426049158 
    -0.032584458      0.432180575 
      -0.0325032       0.43813103 
    -0.032421942      0.444473919 
    -0.032340684      0.450934913 
    -0.032259426      0.457514013 
    -0.032178168      0.464211219 
     -0.03209691       0.47102653 
    -0.032015652      0.477959946 
    -0.031934394      0.485011468 
    -0.031853136      0.492181095 
    -0.031771878      0.499468828 
     -0.03169062      0.506874666 
    -0.031609362      0.514398609 
    -0.031528104      0.522040658 
    -0.031446846      0.529800813 
    -0.031365588      0.537331839 
     -0.03128433      0.545344493 
    -0.031203072      0.553502558 
    -0.031121814      0.561806035 
    -0.031040556      0.570254922 
    -0.030959298       0.57884922 
     -0.03087804      0.587588929 
    -0.030796782      0.596474049 
    -0.030715524       0.60550458 
    -0.030634266      0.614680522 
    -0.030553008      0.624001875 
     -0.03047175      0.633468638 
    -0.030390492      0.643080813 
    -0.030309234      0.652838399 
    -0.030227976      0.662741395 
    -0.030146718       0.67236784 
     -0.03006546      0.682607541 
    -0.029984202      0.693026846 
    -0.029902944      0.703625753 
    -0.029821686      0.714404264 
    -0.029740428      0.725362378 
     -0.02965917      0.736500095 
    -0.029577912      0.747817415 
    -0.029496654      0.759314338 
    -0.029415396      0.770990864 
    -0.029334138      0.782846994 
     -0.02925288      0.794882727 
    -0.029171622      0.807098063 
    -0.029090364      0.819493002 
    -0.029009106      0.831531861 
    -0.028927848      0.844332414 
     -0.02884659      0.857355099 
    -0.028765332      0.870599914 
    -0.028684074      0.884066861 
    -0.028602816      0.897755938 
    -0.028521558      0.911667146 
      -0.0284403      0.925800485 
    -0.028359042      0.940155954 
    -0.028277784      0.954733555 
    -0.028196526      0.969533286 
    -0.028115268      0.984555149 
     -0.02803401      0.999799142 
    -0.027952752       1.01526527 
    -0.027871494       1.03027594 
    -0.027790236        1.0462307 
    -0.027708978       1.06246014 
     -0.02762772       1.07896427 
    -0.027546462       1.09574309 
    -0.027465204        1.1127966 
    -0.027383946        1.1301248 
    -0.027302688       1.14772768 
     -0.02722143       1.16560525 
    -0.027140172        1.1837575 
    -0.027058914       1.20218445 
    -0.026977656       1.22088608 
    -0.026896398        1.2398624 
     -0.02681514        1.2591134 
    -0.026733882       1.27778306 
    -0.026652624       1.29762221 
    -0.026571366       1.31780055 
    -0.026490108       1.33831806 
     -0.02640885       1.35917477 
    -0.026327592       1.38037065 
    -0.026246334       1.40190572 
    -0.026165076       1.42377997 
    -0.026083818       1.44599341 
     -0.02600256       1.46854603 
    -0.025921302       1.49143783 
    -0.025840044       1.51466882 
    -0.025758786       1.53823899 
    -0.025677528       1.56214834 
     -0.02559627       1.58639688 
    -0.025515012       1.60992645 
    -0.025433754        1.6349603 
    -0.025352496        1.6604118 
    -0.025271238       1.68628095 
     -0.02518998       1.71256775 
    -0.025108722        1.7392722 
    -0.025027464        1.7663943 
    -0.024946206       1.79393405 
    -0.024864948       1.82189145 
     -0.02478369        1.8502665 
    -0.024702432        1.8790592 
    -0.024621174       1.90826956 
    -0.024539916       1.93789756 
    -0.024458658       1.96794322 
      -0.0243774       1.99701471 
    -0.024296142        2.0280025 
    -0.024214884       2.05950233 
    -0.024133626        2.0915142 
    -0.024052368        2.1240381 
     -0.02397111       2.15707405 
    -0.023889852       2.19062204 
    -0.023808594       2.22468207 
    -0.023727336       2.25925413 
    -0.023646078       2.29433824 
     -0.02356482       2.32993439 
    -0.023483562       2.36604257 
    -0.023402304        2.4026628 
    -0.023321046       2.43979506 
    -0.023239788       2.47556484 
     -0.02315853       2.51382313 
    -0.023077272       2.55270551 
    -0.022996014       2.59221197 
    -0.022914756       2.63234252 
    -0.022833498       2.67309717 
     -0.02275224        2.7144759 
    -0.022670982       2.75647873 
    -0.022589724       2.79910564 
    -0.022508466       2.84235664 
    -0.022427208       2.88623173 
     -0.02234595       2.93073091 
    -0.022264692       2.97585419 
    -0.022183434       3.02160155 
    -0.022102176       3.06454575 
    -0.022020918       3.11163933 
     -0.02193966       3.15948482 
    -0.021858402       3.20808221 
    -0.021777144        3.2574315 
    -0.021695886        3.3075327 
    -0.021614628        3.3583858 
     -0.02153337       3.40999081 
    -0.021452112       3.46234771 
    -0.021370854       3.51545652 
    -0.021289596       3.56931724 
    -0.021208338       3.62392986 
     -0.02112708       3.67929438 
    -0.021045822       3.73541081 
    -0.020964564       3.79227913 
    -0.020883306       3.83953614 
    -0.020802048       3.89816526 
     -0.02072079       3.95764978 
    -0.020639532        4.0179897 
    -0.020558274       4.07918502 
    -0.020477016       4.14123573 
    -0.020395758       4.20414185 
      -0.0203145       4.26790336 
    -0.020233242       4.33252027 
    -0.020151984       4.39799258 
    -0.020070726       4.46432029 
    -0.019989468        4.5315034 
     -0.01990821        4.5995419 
    -0.019826952       4.66843581 
    -0.019745694       4.73675992 
    -0.019664436       4.80758582 
    -0.019583178       4.87932458 
     -0.01950192       4.95197618 
    -0.019420662       5.02554065 
    -0.019339404       5.10001796 
    -0.019258146       5.17540814 
    -0.019176888       5.25171116 
     -0.01909563       5.32892705 
    -0.019014372       5.40705578 
    -0.018933114       5.48609737 
    -0.018851856       5.56605182 
    -0.018770598       5.64691912 
     -0.01868934       5.72869928 
    -0.018608082       5.80763292 
    -0.018526824       5.89227635 
    -0.018445566       5.97807699 
    -0.018364308       6.06503485 
     -0.01828305       6.15314991 
    -0.018201792       6.24242219 
    -0.018120534       6.33285169 
    -0.018039276       6.41944618 
    -0.017958018       6.51319309 
     -0.01787676       6.60850138 
    -0.017795502       6.70537105 
    -0.017714244       6.80380208 
    -0.017632986       6.90379449 
    -0.017551728       7.00534828 
     -0.01747047       7.12704959 
    -0.017389212       7.23123507 
    -0.017307954       7.33676617 
    -0.017226696       7.44364289 
    -0.017145438       7.55186522 
     -0.01706418       7.66143318 
    -0.016982922       7.77234676 
    -0.016901664       7.88460595 
    -0.016820406       7.99827284 
    -0.016739148       8.11324369 
     -0.01665789       8.22964299 
    -0.016576632       8.34747074 
    -0.016495374       8.46672692 
    -0.016414116       8.58741156 
    -0.016332858       8.70952463 
      -0.0162516       8.83406968 
    -0.016170342       8.95916244 
    -0.016089084       9.08576971 
    -0.016007826       9.21389148 
    -0.015926568       9.34352776 
     -0.01584531       9.47467855 
    -0.015764052       9.60734386 
    -0.015682794       9.74226135 
    -0.015601536       9.87803802 
    -0.015520278        10.015393 
     -0.01543902       10.1543263 
    -0.015357762       10.2948379 
    -0.015276504       10.4369279 
    -0.015195246       10.5805962 
    -0.015113988       10.7263622 
     -0.01503273        10.873242 
    -0.014951472        11.021745 
    -0.014870214       11.1718712 
    -0.014788956       11.3236206 
    -0.014707698       11.4769933 
     -0.01462644       11.6319892 
    -0.014545182       11.7888742 
    -0.014463924       11.9471475 
    -0.014382666       12.1070668 
    -0.014301408       12.2686322 
     -0.01422015       12.4318436 
    -0.014138892       12.5967011 
    -0.014057634       12.7632047 
    -0.013976376       12.9313309 
    -0.013895118       13.1011378 
     -0.01381386       13.2725871 
    -0.013732602       13.4456786 
    -0.013651344       13.6204126 
    -0.013570086       13.7967888 
    -0.013488828       13.9748074 
     -0.01340757       14.1544684 
    -0.013326312       14.3353991 
    -0.013245054       14.5183073 
    -0.013163796       14.7028227 
    -0.013082538       14.8889454 
     -0.01300128       15.0766754 
    -0.012920022       15.2660126 
    -0.012838764       15.4569571 
    -0.012757506       15.6486864 
    -0.012676248       15.8427671 
     -0.01259499       16.0383843 
    -0.012513732       16.2355381 
    -0.012432474       16.4342283 
    -0.012351216        16.634455 
    -0.012269958       16.8362182 
      -0.0121887       17.0380123 
    -0.012107442       17.2427374 
    -0.012026184       17.4488896 
    -0.011944926       17.6564691 
    -0.011863668       17.8654757 
     -0.01178241       18.0759097 
    -0.011701152       18.2877708 
    -0.011619894       18.4978614 
    -0.011538636       18.7124496 
    -0.011457378       18.9283186 
     -0.01137612       19.1454683 
    -0.011294862       19.3638986 
    -0.011213604       19.5836097 
    -0.011132346       19.8046014 
    -0.011051088       20.0201321 
     -0.01096983       20.2435914 
    -0.010888572       20.4681049 
    -0.010807314       20.6936727 
    -0.010726056       20.9202947 
    -0.010644798        21.147971 
     -0.01056354       21.3767015 
    -0.010482282       21.5881971 
    -0.010401024       21.8193158 
    -0.010319766       22.0514299 
    -0.010238508       22.2845394 
     -0.01015725       22.5186442 
    -0.010075992       22.7537445 
    -0.009994734       22.9898402 
    -0.009913476       23.2349334 
    -0.009832218       23.4706051 
     -0.00975096       23.7065245 
    -0.009669702       23.9426916 
    -0.009588444       24.1656423 
    -0.009507186       24.4034802 
    -0.009425928       24.6425214 
     -0.00934467       24.8827659 
    -0.009263412       25.1372498 
    -0.009182154       25.3782413 
    -0.009100896       25.6197057 
    -0.009019638       25.8636436 
     -0.00893838       26.1055308 
    -0.008857122        26.347556 
    -0.008775864       26.5897192 
    -0.008694606       26.8312114 
    -0.008613348       27.0734687 
     -0.00853209       27.3156881 
    -0.008450832       27.5578697 
    -0.008369574        27.798529 
    -0.008288316       28.0404144 
    -0.008207058       28.2820869 
      -0.0081258       28.5218015 
    -0.008044542       28.7629393 
    -0.007963284       29.0036846 
    -0.007882026       29.2440372 
    -0.007800768       29.4820598 
     -0.00771951       29.7214506 
    -0.007638252       29.9602668 
    -0.007556994       30.1985086 
    -0.007475736       30.4341335 
    -0.007394478       30.6709846 
     -0.00731322       30.9070814 
    -0.007231962       31.1405114 
    -0.007150704       31.3749742 
    -0.007069446       31.6085111 
    -0.006988188       31.8411221 
     -0.00690693       32.0711358 
    -0.006825672       32.3017197 
    -0.006744414       32.5312259 
    -0.006663156       32.7596543 
    -0.006581898       32.9858698 
     -0.00650064       33.2119562 
    -0.006419382        33.436859 
    -0.006338124       33.6605295 
    -0.006256866       33.8829733 
    -0.006175608       34.1042419 
     -0.00609435       34.3243351 
    -0.006013092       34.5424315 
    -0.005931834       34.7602142 
    -0.005850576       34.9767953 
    -0.005769318       35.1921751 
     -0.00568806        35.415642 
    -0.005606802       35.6269865 
    -0.005525544       35.8343181 
    -0.005444286       36.0212177 
    -0.005363028       36.2209188 
     -0.00528177        36.418043 
    -0.005200512       36.6125904 
    -0.005119254       36.8045609 
    -0.005037996       36.9939547 
    -0.004956738       37.1807716 
     -0.00487548       37.3650117 
    -0.004794222        37.525487 
    -0.004712964       37.7078551 
    -0.004631706       37.8890158 
    -0.004550448       38.0689691 
     -0.00446919        38.247715 
    -0.004387932       38.4252536 
    -0.004306674       38.6015848 
    -0.004225416       38.8189612 
    -0.004144158       38.9917681 
      -0.0040629       39.1602345 
    -0.003981642       39.3243606 
    -0.003900384       39.4841462 
    -0.003819126       39.6395914 
    -0.003737868       39.7906962 
     -0.00365661       39.9564858 
    -0.003575352       40.0997978 
    -0.003494094       40.2392843 
    -0.003412836       40.3749451 
    -0.003331578       40.5067804 
     -0.00325032       40.6347902 
    -0.003169062       40.7589743 
    -0.003087804       40.8793329 
    -0.003006546       40.9958659 
    -0.002925288       41.1085733 
     -0.00284403       41.2174551 
    -0.002762772       41.3225113 
    -0.002681514        41.423742 
    -0.002600256       41.5211471 
    -0.002518998       41.6147266 
     -0.00243774       41.7187904 
    -0.002356482       41.8104017 
    -0.002275224       41.8989076 
    -0.002193966        41.984308 
    -0.002112708        42.066603 
     -0.00203145       42.1457924 
    -0.001950192       42.2218764 
    -0.001868934        42.294855 
    -0.001787676        42.364728 
    -0.001706418       42.4314956 
     -0.00162516       42.4951578 
    -0.001543902       42.5557144 
    -0.001462644       42.6131656 
    -0.001381386       42.6675113 
    -0.001300128       42.7187516 
     -0.00121887       42.8337733 
    -0.001137612       42.8884691 
    -0.001056354       42.9393927 
    -0.000975096       42.9865443 
    -0.000893838       43.0299237 
     -0.00081258        43.069531 
    -0.000731322       43.1053661 
    -0.000650064       43.1374292 
    -0.000568806       43.1657201 
    -0.000487548       43.1902389 
     -0.00040629       43.2109856 
    -0.000325032       43.2279601 
    -0.000243774       43.2411626 
    -0.000162516       43.2505929 
     -8.1258e-05        43.256251 
               0       43.2581371 
      8.1258e-05        43.256251 
     0.000162516       43.2505929 
     0.000243774       43.2411626 
     0.000325032       43.2279601 
      0.00040629       43.2109856 
     0.000487548       43.1902389 
     0.000568806       43.1657201 
     0.000650064       43.1374292 
     0.000731322       43.1053661 
      0.00081258        43.069531 
     0.000893838       43.0299237 
     0.000975096       42.9865443 
     0.001056354       42.9393927 
     0.001137612       42.8884691 
      0.00121887       42.8337733 
     0.001300128       42.7187516 
     0.001381386       42.6675113 
     0.001462644       42.6131656 
     0.001543902       42.5557144 
      0.00162516       42.4951578 
     0.001706418       42.4314956 
     0.001787676        42.364728 
     0.001868934        42.294855 
     0.001950192       42.2218764 
      0.00203145       42.1457924 
     0.002112708        42.066603 
     0.002193966        41.984308 
     0.002275224       41.8989076 
     0.002356482       41.8104017 
      0.00243774       41.7187904 
     0.002518998       41.6147266 
     0.002600256       41.5211471 
     0.002681514        41.423742 
     0.002762772       41.3225113 
      0.00284403       41.2174551 
     0.002925288       41.1085733 
     0.003006546       40.9958659 
     0.003087804       40.8793329 
     0.003169062       40.7589743 
      0.00325032       40.6347902 
     0.003331578       40.5067804 
     0.003412836       40.3749451 
     0.003494094       40.2392843 
     0.003575352       40.0997978 
      0.00365661       39.9564858 
     0.003737868       39.7906962 
     0.003819126       39.6395914 
     0.003900384       39.4841462 
     0.003981642       39.3243606 
       0.0040629       39.1602345 
     0.004144158       38.9917681 
     0.004225416       38.8189612 
     0.004306674       38.6015848 
     0.004387932       38.4252536 
      0.00446919        38.247715 
     0.004550448       38.0689691 
     0.004631706       37.8890158 
     0.004712964       37.7078551 
     0.004794222        37.525487 
      0.00487548       37.3650117 
     0.004956738       37.1807716 
     0.005037996       36.9939547 
     0.005119254       36.8045609 
     0.005200512       36.6125904 
      0.00528177        36.418043 
     0.005363028       36.2209188 
     0.005444286       36.0212177 
     0.005525544       35.8343181 
     0.005606802       35.6269865 
      0.00568806        35.415642 
     0.005769318       35.1921751 
     0.005850576       34.9767953 
     0.005931834       34.7602142 
     0.006013092       34.5424315 
      0.00609435       34.3243351 
     0.006175608       34.1042419 
     0.006256866       33.8829733 
     0.006338124       33.6605295 
     0.006419382        33.436859 
      0.00650064       33.2119562 
     0.006581898       32.9858698 
     0.006663156       32.7596543 
     0.006744414       32.5312259 
     0.006825672       32.3017197 
      0.00690693       32.0711358 
     0.006988188       31.8411221 
     0.007069446       31.6085111 
     0.007150704       31.3749742 
     0.007231962       31.1405114 
      0.00731322       30.9070814 
     0.007394478       30.6709846 
     0.007475736       30.4341335 
     0.007556994       30.1985086 
     0.007638252       29.9602668 
      0.00771951       29.7214506 
     0.007800768       29.4820598 
     0.007882026       29.2440372 
     0.007963284       29.0036846 
     0.008044542       28.7629393 
       0.0081258       28.5218015 
     0.008207058       28.2820869 
     0.008288316       28.0404144 
     0.008369574        27.798529 
     0.008450832       27.5578697 
      0.00853209       27.3156881 
     0.008613348       27.0734687 
     0.008694606       26.8312114 
     0.008775864       26.5897192 
     0.008857122        26.347556 
      0.00893838       26.1055308 
     0.009019638       25.8636436 
     0.009100896       25.6197057 
     0.009182154       25.3782413 
     0.009263412       25.1372498 
      0.00934467       24.8827659 
     0.009425928       24.6425214 
     0.009507186       24.4034802 
     0.009588444       24.1656423 
     0.009669702       23.9426916 
      0.00975096       23.7065245 
     0.009832218       23.4706051 
     0.009913476       23.2349334 
     0.009994734       22.9898402 
     0.010075992       22.7537445 
      0.01015725       22.5186442 
     0.010238508       22.2845394 
     0.010319766       22.0514299 
     0.010401024       21.8193158 
     0.010482282       21.5881971 
      0.01056354       21.3767015 
     0.010644798        21.147971 
     0.010726056       20.9202947 
     0.010807314       20.6936727 
     0.010888572       20.4681049 
      0.01096983       20.2435914 
     0.011051088       20.0201321 
     0.011132346       19.8046014 
     0.011213604       19.5836097 
     0.011294862       19.3638986 
      0.01137612       19.1454683 
     0.011457378       18.9283186 
     0.011538636       18.7124496 
     0.011619894       18.4978614 
     0.011701152       18.2877708 
      0.01178241       18.0759097 
     0.011863668       17.8654757 
     0.011944926       17.6564691 
     0.012026184       17.4488896 
     0.012107442       17.2427374 
       0.0121887       17.0380123 
     0.012269958       16.8362182 
     0.012351216        16.634455 
     0.012432474       16.4342283 
     0.012513732       16.2355381 
      0.01259499       16.0383843 
     0.012676248       15.8427671 
     0.012757506       15.6486864 
     0.012838764       15.4569571 
     0.012920022       15.2660126 
      0.01300128       15.0766754 
     0.013082538       14.8889454 
     0.013163796       14.7028227 
     0.013245054       14.5183073 
     0.013326312       14.3353991 
      0.01340757       14.1544684 
     0.013488828       13.9748074 
     0.013570086       13.7967888 
     0.013651344       13.6204126 
     0.013732602       13.4456786 
      0.01381386       13.2725871 
     0.013895118       13.1011378 
     0.013976376       12.9313309 
     0.014057634       12.7632047 
     0.014138892       12.5967011 
      0.01422015       12.4318436 
     0.014301408       12.2686322 
     0.014382666       12.1070668 
     0.014463924       11.9471475 
     0.014545182       11.7888742 
      0.01462644       11.6319892 
     0.014707698       11.4769933 
     0.014788956       11.3236206 
     0.014870214       11.1718712 
     0.014951472        11.021745 
      0.01503273        10.873242 
     0.015113988       10.7263622 
     0.015195246       10.5805962 
     0.015276504       10.4369279 
     0.015357762       10.2948379 
      0.01543902       10.1543263 
     0.015520278        10.015393 
     0.015601536       9.87803802 
     0.015682794       9.74226135 
     0.015764052       9.60734386 
      0.01584531       9.47467855 
     0.015926568       9.34352776 
     0.016007826       9.21389148 
     0.016089084       9.08576971 
     0.016170342       8.95916244 
       0.0162516       8.83406968 
     0.016332858       8.70952463 
     0.016414116       8.58741156 
     0.016495374       8.46672692 
     0.016576632       8.34747074 
      0.01665789       8.22964299 
     0.016739148       8.11324369 
     0.016820406       7.99827284 
     0.016901664       7.88460595 
     0.016982922       7.77234676 
      0.01706418       7.66143318 
     0.017145438       7.55186522 
     0.017226696       7.44364289 
     0.017307954       7.33676617 
     0.017389212       7.23123507 
      0.01747047       7.12704959 
     0.017551728       7.00534828 
     0.017632986       6.90379449 
     0.017714244       6.80380208 
     0.017795502       6.70537105 
      0.01787676       6.60850138 
     0.017958018       6.51319309 
     0.018039276       6.41944618 
     0.018120534       6.33285169 
     0.018201792       6.24242219 
      0.01828305       6.15314991 
     0.018364308       6.06503485 
     0.018445566       5.97807699 
     0.018526824       5.89227635 
     0.018608082       5.80763292 
      0.01868934       5.72869928 
     0.018770598       5.64691912 
     0.018851856       5.56605182 
     0.018933114       5.48609737 
     0.019014372       5.40705578 
      0.01909563       5.32892705 
     0.019176888       5.25171116 
     0.019258146       5.17540814 
     0.019339404       5.10001796 
     0.019420662       5.02554065 
      0.01950192       4.95197618 
     0.019583178       4.87932458 
     0.019664436       4.80758582 
     0.019745694       4.73675992 
     0.019826952       4.66843581 
      0.01990821        4.5995419 
     0.019989468        4.5315034 
     0.020070726       4.46432029 
     0.020151984       4.39799258 
     0.020233242       4.33252027 
       0.0203145       4.26790336 
     0.020395758       4.20414185 
     0.020477016       4.14123573 
     0.020558274       4.07918502 
     0.020639532        4.0179897 
      0.02072079       3.95764978 
     0.020802048       3.89816526 
     0.020883306       3.83953614 
     0.020964564       3.79227913 
     0.021045822       3.73541081 
      0.02112708       3.67929438 
     0.021208338       3.62392986 
     0.021289596       3.56931724 
     0.021370854       3.51545652 
     0.021452112       3.46234771 
      0.02153337       3.40999081 
     0.021614628        3.3583858 
     0.021695886        3.3075327 
     0.021777144        3.2574315 
     0.021858402       3.20808221 
      0.02193966       3.15948482 
     0.022020918       3.11163933 
     0.022102176       3.06454575 
     0.022183434       3.02160155 
     0.022264692       2.97585419 
      0.02234595       2.93073091 
     0.022427208       2.88623173 
     0.022508466       2.84235664 
     0.022589724       2.79910564 
     0.022670982       2.75647873 
      0.02275224        2.7144759 
     0.022833498       2.67309717 
     0.022914756       2.63234252 
     0.022996014       2.59221197 
     0.023077272       2.55270551 
      0.02315853       2.51382313 
     0.023239788       2.47556484 
     0.023321046       2.43979506 
     0.023402304        2.4026628 
     0.023483562       2.36604257 
      0.02356482       2.32993439 
     0.023646078       2.29433824 
     0.023727336       2.25925413 
     0.023808594       2.22468207 
     0.023889852       2.19062204 
      0.02397111       2.15707405 
     0.024052368        2.1240381 
     0.024133626        2.0915142 
     0.024214884       2.05950233 
     0.024296142        2.0280025 
       0.0243774       1.99701471 
     0.024458658       1.96794322 
     0.024539916       1.93789756 
     0.024621174       1.90826956 
     0.024702432        1.8790592 
      0.02478369        1.8502665 
     0.024864948       1.82189145 
     0.024946206       1.79393405 
     0.025027464        1.7663943 
     0.025108722        1.7392722 
      0.02518998       1.71256775 
     0.025271238       1.68628095 
     0.025352496        1.6604118 
     0.025433754        1.6349603 
     0.025515012       1.60992645 
      0.02559627       1.58639688 
     0.025677528       1.56214834 
     0.025758786       1.53823899 
     0.025840044       1.51466882 
     0.025921302       1.49143783 
      0.02600256       1.46854603 
     0.026083818       1.44599341 
     0.026165076       1.42377997 
     0.026246334       1.40190572 
     0.026327592       1.38037065 
      0.02640885       1.35917477 
     0.026490108       1.33831806 
     0.026571366       1.31780055 
     0.026652624       1.29762221 
     0.026733882       1.27778306 
      0.02681514        1.2591134 
     0.026896398        1.2398624 
     0.026977656       1.22088608 
     0.027058914       1.20218445 
     0.027140172        1.1837575 
      0.02722143       1.16560525 
     0.027302688       1.14772768 
     0.027383946        1.1301248 
     0.027465204        1.1127966 
     0.027546462       1.09574309 
      0.02762772       1.07896427 
     0.027708978       1.06246014 
     0.027790236        1.0462307 
     0.027871494       1.03027594 
     0.027952752       1.01526527 
      0.02803401      0.999799142 
     0.028115268      0.984555149 
     0.028196526      0.969533286 
     0.028277784      0.954733555 
     0.028359042      0.940155954 
       0.0284403      0.925800485 
     0.028521558      0.911667146 
     0.028602816      0.897755938 
     0.028684074      0.884066861 
     0.028765332      0.870599914 
      0.02884659      0.857355099 
     0.028927848      0.844332414 
     0.029009106      0.831531861 
     0.029090364      0.819493002 
     0.029171622      0.807098063 
      0.02925288      0.794882727 
     0.029334138      0.782846994 
     0.029415396      0.770990864 
     0.029496654      0.759314338 
     0.029577912      0.747817415 
      0.02965917      0.736500095 
     0.029740428      0.725362378 
     0.029821686      0.714404264 
     0.029902944      0.703625753 
     0.029984202      0.693026846 
      0.03006546      0.682607541 
     0.030146718       0.67236784 
     0.030227976      0.662741395 
     0.030309234      0.652838399 
     0.030390492      0.643080813 
      0.03047175      0.633468638 
     0.030553008      0.624001875 
     0.030634266      0.614680522 
     0.030715524       0.60550458 
     0.030796782      0.596474049 
      0.03087804      0.587588929 
     0.030959298       0.57884922 
     0.031040556      0.570254922 
     0.031121814      0.561806035 
     0.031203072      0.553502558 
      0.03128433      0.545344493 
     0.031365588      0.537331839 
     0.031446846      0.529800813 
     0.031528104      0.522040658 
     0.031609362      0.514398609 
      0.03169062      0.506874666 
     0.031771878      0.499468828 
     0.031853136      0.492181095 
     0.031934394      0.485011468 
     0.032015652      0.477959946 
      0.03209691       0.47102653 
     0.032178168      0.464211219 
     0.032259426      0.457514013 
     0.032340684      0.450934913 
     0.032421942      0.444473919 
       0.0325032       0.43813103 
     0.032584458      0.432180575 
     0.032665716      0.426049158 
     0.032746974      0.420014219 
     0.032828232      0.414075757 
      0.03290949      0.408233772 
     0.032990748      0.402488265 
     0.033072006      0.396839235 
     0.033153264      0.391286682 
     0.033234522      0.385830606 
      0.03331578      0.380471009 
     0.033397038      0.375207888 
     0.033478296      0.370041245 
     0.033559554      0.364971079 
     0.033640812       0.35999739 
      0.03372207        0.3553452 
     0.033803328      0.350549612 
     0.033884586       0.34583356 
     0.033965844      0.341197044 
     0.034047102      0.336640064 
      0.03412836      0.332162619 
     0.034209618       0.32776471 
     0.034290876      0.323446337 
     0.034372134      0.319207499 
     0.034453392      0.315048197 
      0.03453465       0.31096843 
     0.034615908      0.306968199 
     0.034697166      0.303047504 
     0.034778424      0.299206345 
     0.034859682      0.295635711 
      0.03494094      0.291945852 
     0.035022198      0.288322471 
     0.035103456      0.284765566 
     0.035184714      0.281275138 
     0.035265972      0.277851186 
      0.03534723      0.274493711 
     0.035428488      0.271202712 
     0.035509746       0.26797819 
     0.035591004      0.264820145 
     0.035672262      0.261728576 
      0.03575352      0.258703484 
     0.035834778      0.255744868 
     0.035916036      0.252852729 
     0.035997294      0.250027067 
     0.036078552      0.247444977 
      0.03615981      0.244739818 
     0.036241068      0.242091258 
     0.036322326      0.239499295 
     0.036403584      0.236963929 
     0.036484842      0.234485161 
       0.0365661      0.232062991 
     0.036647358      0.229697418 
     0.036728616      0.227388443 
     0.036809874      0.225136066 
     0.036891132      0.222940286 
      0.03697239      0.220801103 
     0.037053648      0.218718519 
     0.037134906      0.216692532 
     0.037216164      0.215613595 
     0.037297422      0.213720025 
      0.03737868      0.211872083 
     0.037459938      0.210069769 
     0.037541196      0.208313084 
     0.037622454      0.206602027 
     0.037703712      0.204936597 
      0.03778497      0.203316796 
     0.037866228      0.201742624 
     0.037947486      0.200214079 
     0.038028744      0.198731163 
     0.038110002      0.197293875 
      0.03819126      0.195902215 
     0.038272518      0.194556183 
     0.038353776      0.192595416 
     0.038435034      0.191338932 
     0.038516292      0.190128139 
      0.03859755      0.188963036 
     0.038678808      0.187843623 
     0.038760066        0.1867699 
     0.038841324      0.185741868 
     0.038922582      0.184759527 
      0.03900384      0.183822875 
     0.039085098      0.182931914 
     0.039166356      0.182086643 
     0.039247614      0.181287062 
     0.039328872      0.180533172 
      0.03941013      0.179824972 
     0.039491388      0.178812305 
     0.039572646      0.178161077 
     0.039653904      0.177558088 
     0.039735162      0.177003338 
      0.03981642      0.176496827 
     0.039897678      0.176038555 
     0.039978936      0.175628523 
     0.040060194      0.175266729 
     0.040141452      0.174953175 
      0.04022271       0.17468786 
     0.040303968      0.174470784 
     0.040385226      0.174301947 
     0.040466484      0.174181349 
     0.040547742       0.17410899 
        0.040629      0.174084871 
