        -0.02894       1.42472434 
     -0.02888212       1.42482302 
     -0.02882424       1.42511908 
     -0.02876636        1.4256125 
     -0.02870848        1.4263033 
      -0.0286506       1.42719146 
     -0.02859272         1.428277 
     -0.02853484        1.4295599 
     -0.02847696       1.43104017 
     -0.02841908       1.43271782 
      -0.0283612       1.43459283 
     -0.02830332       1.43666521 
     -0.02824544       1.43893497 
     -0.02818756       1.44140209 
     -0.02812968       1.44406658 
      -0.0280718       1.44692844 
     -0.02801392       1.44998767 
     -0.02795604       1.45324428 
     -0.02789816       1.45669825 
     -0.02784028       1.46034959 
      -0.0277824       1.46652926 
     -0.02772452       1.47036564 
     -0.02766664       1.47438917 
     -0.02760876       1.47859984 
     -0.02755088       1.48299765 
       -0.027493        1.4875826 
     -0.02743512        1.4923547 
     -0.02737724       1.49731393 
     -0.02731936        1.5024603 
     -0.02726148       1.50779382 
      -0.0272036       1.51331447 
     -0.02714572       1.51902227 
     -0.02708784       1.52491721 
     -0.02702996       1.53099928 
     -0.02697208        1.5372685 
      -0.0269142       1.54372486 
     -0.02685632       1.55036836 
     -0.02679844         1.557199 
     -0.02674056       1.56421679 
     -0.02668268       1.57142171 
      -0.0266248       1.58345108 
     -0.02656692       1.59100555 
     -0.02650904       1.59874655 
     -0.02645116       1.60667408 
     -0.02639328       1.61478814 
      -0.0263354       1.62308873 
     -0.02627752       1.63157585 
     -0.02621964        1.6402495 
     -0.02616176       1.64910968 
     -0.02610388       1.65815639 
       -0.026046       1.66738963 
     -0.02598812        1.6768094 
     -0.02593024        1.6864157 
     -0.02587236       1.69620853 
     -0.02581448       1.70618789 
      -0.0257566       1.71635379 
     -0.02569872       1.72670621 
     -0.02564084       1.73724516 
     -0.02558296       1.74797064 
     -0.02552508       1.75279405 
      -0.0254672       1.76409038 
     -0.02540932       1.77561333 
     -0.02535144       1.78736289 
     -0.02529356       1.79933906 
     -0.02523568       1.81154185 
      -0.0251778       1.82397125 
     -0.02511992       1.83662726 
     -0.02506204       1.84950988 
     -0.02500416       1.86261912 
     -0.02494628       1.87595497 
      -0.0248884       1.88951743 
     -0.02483052       1.90330651 
     -0.02477264        1.9173222 
     -0.02471476        1.9315645 
     -0.02465688       1.94603341 
       -0.024599       1.96072894 
     -0.02454112       1.97565108 
     -0.02448324       1.99079983 
     -0.02442536       2.00617519 
     -0.02436748       2.02052488 
      -0.0243096       2.03640936 
     -0.02425172       2.05255577 
     -0.02419384        2.0689641 
     -0.02413596       2.08563434 
     -0.02407808       2.10256651 
      -0.0240202        2.1197606 
     -0.02396232       2.13721662 
     -0.02390444       2.15493455 
     -0.02384656        2.1729144 
     -0.02378868       2.19115618 
      -0.0237308       2.20965987 
     -0.02367292       2.22842549 
     -0.02361504       2.24745302 
     -0.02355716       2.26674248 
     -0.02349928       2.28629386 
      -0.0234414       2.30610716 
     -0.02338352       2.32618238 
     -0.02332564       2.34651952 
     -0.02326776       2.36581095 
     -0.02320988       2.38671307 
       -0.023152       2.40792238 
     -0.02309412       2.42943889 
     -0.02303624        2.4512626 
     -0.02297836        2.4733935 
     -0.02292048       2.49583159 
      -0.0228626       2.51857688 
     -0.02280472       2.54162936 
     -0.02274684       2.56498904 
     -0.02268896       2.58865591 
     -0.02263108       2.61262998 
      -0.0225732       2.63691124 
     -0.02251532       2.66149969 
     -0.02245744       2.68639534 
     -0.02239956       2.71159819 
     -0.02234168       2.73710822 
      -0.0222838       2.76292546 
     -0.02222592       2.78904988 
     -0.02216804        2.8154815 
     -0.02211016       2.84071363 
     -0.02205228       2.86783362 
      -0.0219944        2.8953172 
     -0.02193652       2.92316437 
     -0.02187864       2.95137512 
     -0.02182076       2.97994947 
     -0.02176288       3.00888741 
       -0.021705       3.03818893 
     -0.02164712       3.06785405 
     -0.02158924       3.09788275 
     -0.02153136       3.12827504 
     -0.02147348       3.15903092 
      -0.0214156       3.19015039 
     -0.02135772       3.22163345 
     -0.02129984        3.2534801 
     -0.02124196       3.28569034 
     -0.02118408       3.31826416 
      -0.0211262       3.35120158 
     -0.02106832       3.38450258 
     -0.02101044        3.4163029 
     -0.02095256       3.45038153 
     -0.02089468       3.48489187 
      -0.0208368       3.51983391 
     -0.02077892       3.55520765 
     -0.02072104       3.59101309 
     -0.02066316       3.62725023 
     -0.02060528       3.66391907 
      -0.0205474       3.70101962 
     -0.02048952       3.73855186 
     -0.02043164       3.77651581 
     -0.02037376       3.81491146 
     -0.02031588       3.85373881 
       -0.020258       3.89299786 
     -0.02020012       3.93268861 
     -0.02014224       3.97281106 
     -0.02008436       4.01336522 
     -0.02002648       4.05435107 
      -0.0199686       4.09576863 
     -0.01991072       4.13761789 
     -0.01985284       4.17756477 
     -0.01979496       4.22037224 
     -0.01973708       4.26369111 
      -0.0196792       4.30752138 
     -0.01962132       4.35186305 
     -0.01956344       4.39671612 
     -0.01950556       4.44208059 
     -0.01944768       4.48795646 
      -0.0193898       4.53434372 
     -0.01933192       4.58124239 
     -0.01927404       4.62865246 
     -0.01921616       4.67657392 
     -0.01915828       4.72500678 
      -0.0191004       4.77395105 
     -0.01904252       4.82340671 
     -0.01898464       4.87337378 
     -0.01892676       4.92385224 
     -0.01886888        4.9748421 
       -0.018811       5.02634336 
     -0.01875312       5.07528092 
     -0.01869524       5.12786444 
     -0.01863736       5.18104936 
     -0.01857948       5.23483569 
      -0.0185216       5.28922342 
     -0.01846372       5.34421256 
     -0.01840584       5.39980311 
     -0.01834796       5.45599506 
     -0.01829008       5.51278842 
      -0.0182322       5.57018318 
     -0.01817432       5.62817935 
     -0.01811644       5.68677693 
     -0.01805856       5.74597591 
     -0.01800068        5.8057763 
      -0.0179428       5.86617809 
     -0.01788492       5.92718129 
     -0.01782704        5.9887859 
     -0.01776916       6.05099191 
     -0.01771128       6.11379933 
      -0.0176534       6.17720815 
     -0.01759552       6.23574497 
     -0.01753764       6.30047605 
     -0.01747976       6.36590378 
     -0.01742188       6.43202814 
       -0.017364       6.49884915 
     -0.01730612        6.5663668 
     -0.01724824       6.63458109 
     -0.01719036       6.70349202 
     -0.01713248        6.7730996 
      -0.0170746       6.84340382 
     -0.01701672       6.91440467 
     -0.01695884       6.98610217 
     -0.01690096       7.05849632 
     -0.01684308        7.1315871 
      -0.0167852       7.20537453 
     -0.01672732       7.27985859 
     -0.01666944        7.3550393 
     -0.01661156       7.43091665 
     -0.01655368       7.50749065 
      -0.0164958       7.58476128 
     -0.01643792       7.64736934 
     -0.01638004       7.72625637 
     -0.01632216       7.80590636 
     -0.01626428       7.88631929 
      -0.0162064       7.96749517 
     -0.01614852         8.049434 
     -0.01609064       8.13213577 
     -0.01603276        8.2156005 
     -0.01597488       8.29982817 
       -0.015917       8.38481879 
     -0.01585912       8.47057235 
     -0.01580124       8.55708887 
     -0.01574336       8.64436833 
     -0.01568548       8.73241074 
      -0.0156276        8.8212161 
     -0.01556972        8.9107844 
     -0.01551184       9.00111566 
     -0.01545396       9.09220986 
     -0.01539608       9.18406701 
      -0.0153382       9.26819882 
     -0.01528032       9.36180495 
     -0.01522244       9.45620637 
     -0.01516456       9.55140309 
     -0.01510668        9.6473951 
      -0.0150488       9.74418242 
     -0.01499092       9.84176503 
     -0.01493304       9.94014293 
     -0.01487516       10.0393161 
     -0.01481728       10.1392846 
      -0.0147594       10.2400484 
     -0.01470152       10.3416075 
     -0.01464364       10.4439619 
     -0.01458576       10.5471116 
     -0.01452788       10.6510566 
        -0.01447       10.7557969 
     -0.01441212       10.8613324 
     -0.01435424       10.9676633 
     -0.01429636       11.0747895 
     -0.01423848       11.1827109 
      -0.0141806        11.291911 
     -0.01412272       11.4019133 
     -0.01406484       11.5128193 
     -0.01400696        11.624629 
     -0.01394908       11.7373426 
      -0.0138912       11.8509598 
     -0.01383332       11.9654808 
     -0.01377544       12.0809056 
     -0.01371756       12.1972341 
     -0.01365968       12.3144664 
      -0.0136018         12.41201 
     -0.01354392       12.5321507 
     -0.01348604       12.6535117 
     -0.01342816       12.7760932 
     -0.01337028       12.8998951 
      -0.0133124       13.0249174 
     -0.01325452       13.1511601 
     -0.01319664       13.2786233 
     -0.01313876       13.4073068 
     -0.01308088       13.5372108 
       -0.013023       13.6873219 
     -0.01296512       13.8192073 
     -0.01290724       13.9521146 
     -0.01284936       14.0860439 
     -0.01279148       14.2209951 
      -0.0127336       14.3569683 
     -0.01267572       14.4939634 
     -0.01261784       14.6319804 
     -0.01255996       14.7710194 
     -0.01250208       14.9110802 
      -0.0124442       15.0521631 
     -0.01238632       15.2009273 
     -0.01232844       15.3426002 
     -0.01227056       15.4850947 
     -0.01221268       15.6284108 
      -0.0121548       15.7725485 
     -0.01209692       15.9103153 
     -0.01203904       16.0569731 
     -0.01198116       16.2049391 
     -0.01192328       16.3542133 
      -0.0118654       16.5047957 
     -0.01180752       16.6699327 
     -0.01174964       16.8224259 
     -0.01169176       16.9759567 
     -0.01163388       17.1305251 
       -0.011576       17.2861312 
     -0.01151812        17.445468 
     -0.01146024       17.6028994 
     -0.01140236       17.7612846 
     -0.01134448       17.9206236 
      -0.0112866       18.0809165 
     -0.01122872       18.2426702 
     -0.01117084        18.404851 
     -0.01111296       18.5679631 
     -0.01105508       18.7320063 
      -0.0109972       18.8969808 
     -0.01093932       19.0628019 
     -0.01088144       19.2296319 
     -0.01082356        19.397365 
     -0.01076568       19.5660011 
      -0.0107078       19.7355401 
     -0.01064992       19.9055125 
     -0.01059204       20.0768523 
     -0.01053416       20.2490585 
     -0.01047628       20.4221313 
      -0.0104184       20.5960705 
     -0.01036052       20.7708762 
     -0.01030264       20.9457497 
     -0.01024476       21.1222395 
     -0.01018688       21.2995508 
       -0.010129       21.4776837 
     -0.01007112       21.6566382 
     -0.01001324       21.8353277 
     -0.00995536       22.0158708 
     -0.00989748       22.1971822 
      -0.0098396        22.379262 
     -0.00978172         22.56211 
     -0.00972384       22.7443745 
     -0.00966596       22.9287007 
     -0.00960808       23.1137336 
      -0.0095502       23.2994733 
     -0.00949232       23.4859197 
     -0.00943444       23.6714697 
     -0.00937656       23.8592687 
     -0.00931868       24.0477044 
      -0.0092608       24.2367769 
     -0.00920292       24.4264861 
     -0.00914504       24.6149877 
     -0.00908716       24.8059089 
     -0.00902928       24.9973885 
      -0.0089714       25.1894265 
     -0.00891352       25.3820228 
     -0.00885564       25.5731005 
     -0.00879776       25.7667534 
     -0.00873988       25.9608779 
       -0.008682       26.1554742 
     -0.00862412       26.3505422 
     -0.00856624       26.5437807 
     -0.00850836        26.739735 
     -0.00845048       26.9360662 
      -0.0083926       27.1327744 
     -0.00833472       27.3298594 
     -0.00827684       27.5248059 
     -0.00821896       27.7225928 
     -0.00816108        27.920654 
      -0.0081032       28.1189895 
     -0.00804532       28.3175993 
     -0.00798744       28.5164835 
     -0.00792956       28.7128787 
     -0.00787168       28.9121563 
      -0.0078138       29.1115983 
     -0.00775592       29.3112046 
     -0.00769804       29.5109753 
     -0.00764016       29.7079669 
     -0.00758228       29.9079128 
      -0.0075244       30.1079062 
     -0.00746652       30.3079471 
     -0.00740864       30.5080355 
     -0.00735076       30.7050663 
     -0.00729288       30.9051003 
       -0.007235       31.1050588 
     -0.00717712       31.3049417 
     -0.00711924       31.5047492 
     -0.00706136       31.7012359 
     -0.00700348       31.9007491 
      -0.0069456       32.1000584 
     -0.00688772       32.2991638 
     -0.00682984       32.4980653 
     -0.00677196       32.6934037 
     -0.00671408       32.8917626 
      -0.0066562       33.0897848 
     -0.00659832       33.2874704 
     -0.00654044       33.4848194 
     -0.00648256        33.678391 
     -0.00642468       33.8749421 
      -0.0063668       34.0710206 
     -0.00630892       34.2666268 
     -0.00625104       34.4617604 
     -0.00619316       34.6529443 
     -0.00613528       34.8470201 
      -0.0060774        35.040486 
     -0.00601952       35.2333421 
     -0.00596164       35.4255884 
     -0.00590376       35.6137802 
     -0.00584588       35.8047068 
       -0.005788       35.9948869 
     -0.00573012       36.1843205 
     -0.00567224       36.3730076 
     -0.00561436       36.5576561 
     -0.00555648       36.7447636 
      -0.0054986       36.9309923 
     -0.00544072       37.1163422 
     -0.00538284       37.3008135 
     -0.00532496        37.484406 
     -0.00526708       37.6641218 
      -0.0052092        37.845761 
     -0.00515132       38.0264006 
     -0.00509344       38.2060404 
     -0.00503556       38.3846806 
     -0.00497768       38.5600645 
      -0.0049198       38.7365416 
     -0.00486192       38.9119247 
     -0.00480404       39.0862139 
     -0.00474616        39.259409 
     -0.00468828       39.4304857 
      -0.0046304       39.6013769 
     -0.00457252       39.7711464 
     -0.00451464       39.9397942 
     -0.00445676       40.1073202 
     -0.00439888       40.2716504 
       -0.004341        40.436946 
     -0.00428312       40.6010794 
     -0.00422524       40.7640504 
     -0.00416736       40.9258591 
     -0.00410948       41.0981118 
      -0.0040516       41.2578815 
     -0.00399372       41.4147118 
     -0.00393584       41.5686025 
     -0.00387796       41.7195537 
     -0.00382008        41.838435 
      -0.0037622       41.9840771 
     -0.00370432       42.1275612 
     -0.00364644       42.2688873 
     -0.00358856       42.4080554 
     -0.00353068       42.5450655 
      -0.0034728       42.6799175 
     -0.00341492       42.8126116 
     -0.00335704       42.9431476 
     -0.00329916       43.0715256 
     -0.00324128       43.1977457 
      -0.0031834       43.2689083 
     -0.00312552       43.3922598 
     -0.00306764       43.5140224 
     -0.00300976       43.6341962 
     -0.00295188       43.7527812 
       -0.002894       43.8697773 
     -0.00283612       43.9851846 
     -0.00277824        44.099003 
     -0.00272036       44.2112326 
     -0.00266248       44.3218734 
      -0.0026046       44.4309254 
     -0.00254672       44.5677217 
     -0.00248884       44.6722267 
     -0.00243096       44.7745603 
     -0.00237308       44.8747223 
      -0.0023152       44.9727129 
     -0.00225732        45.068532 
     -0.00219944       45.1621796 
     -0.00214156       45.2536558 
     -0.00208368       45.3429604 
      -0.0020258       45.4300936 
     -0.00196792       45.5150553 
     -0.00191004       45.6029628 
     -0.00185216       45.6830007 
     -0.00179428       45.7606626 
      -0.0017364       45.8359484 
     -0.00167852       45.9088582 
     -0.00162064       45.9793919 
     -0.00156276       46.0475495 
     -0.00150488       46.1133311 
       -0.001447       46.1767366 
     -0.00138912       46.2377661 
     -0.00133124       46.2964196 
     -0.00127336       46.3698371 
     -0.00121548       46.4236473 
      -0.0011576       46.4749547 
     -0.00109972       46.5237592 
     -0.00104184        46.570061 
     -0.00098396       46.6138599 
     -0.00092608       46.6551561 
      -0.0008682       46.6939495 
     -0.00081032       46.7302401 
     -0.00075244       46.7640278 
     -0.00069456       46.7953128 
     -0.00063668       46.8265354 
      -0.0005788       46.8533358 
     -0.00052092       46.8775838 
     -0.00046304       46.8992794 
     -0.00040516       46.9184225 
     -0.00034728       46.9350133 
      -0.0002894       46.9490516 
     -0.00023152       46.9605375 
     -0.00017364       46.9694709 
     -0.00011576        46.975852 
      -5.788e-05       46.9796806 
               0       46.9809568 
       5.788e-05       46.9796806 
      0.00011576        46.975852 
      0.00017364       46.9694709 
      0.00023152       46.9605375 
       0.0002894       46.9490516 
      0.00034728       46.9350133 
      0.00040516       46.9184225 
      0.00046304       46.8992794 
      0.00052092       46.8775838 
       0.0005788       46.8533358 
      0.00063668       46.8265354 
      0.00069456       46.7953128 
      0.00075244       46.7640278 
      0.00081032       46.7302401 
       0.0008682       46.6939495 
      0.00092608       46.6551561 
      0.00098396       46.6138599 
      0.00104184        46.570061 
      0.00109972       46.5237592 
       0.0011576       46.4749547 
      0.00121548       46.4236473 
      0.00127336       46.3698371 
      0.00133124       46.2964196 
      0.00138912       46.2377661 
        0.001447       46.1767366 
      0.00150488       46.1133311 
      0.00156276       46.0475495 
      0.00162064       45.9793919 
      0.00167852       45.9088582 
       0.0017364       45.8359484 
      0.00179428       45.7606626 
      0.00185216       45.6830007 
      0.00191004       45.6029628 
      0.00196792       45.5150553 
       0.0020258       45.4300936 
      0.00208368       45.3429604 
      0.00214156       45.2536558 
      0.00219944       45.1621796 
      0.00225732        45.068532 
       0.0023152       44.9727129 
      0.00237308       44.8747223 
      0.00243096       44.7745603 
      0.00248884       44.6722267 
      0.00254672       44.5677217 
       0.0026046       44.4309254 
      0.00266248       44.3218734 
      0.00272036       44.2112326 
      0.00277824        44.099003 
      0.00283612       43.9851846 
        0.002894       43.8697773 
      0.00295188       43.7527812 
      0.00300976       43.6341962 
      0.00306764       43.5140224 
      0.00312552       43.3922598 
       0.0031834       43.2689083 
      0.00324128       43.1977457 
      0.00329916       43.0715256 
      0.00335704       42.9431476 
      0.00341492       42.8126116 
       0.0034728       42.6799175 
      0.00353068       42.5450655 
      0.00358856       42.4080554 
      0.00364644       42.2688873 
      0.00370432       42.1275612 
       0.0037622       41.9840771 
      0.00382008        41.838435 
      0.00387796       41.7195537 
      0.00393584       41.5686025 
      0.00399372       41.4147118 
       0.0040516       41.2578815 
      0.00410948       41.0981118 
      0.00416736       40.9258591 
      0.00422524       40.7640504 
      0.00428312       40.6010794 
        0.004341        40.436946 
      0.00439888       40.2716504 
      0.00445676       40.1073202 
      0.00451464       39.9397942 
      0.00457252       39.7711464 
       0.0046304       39.6013769 
      0.00468828       39.4304857 
      0.00474616        39.259409 
      0.00480404       39.0862139 
      0.00486192       38.9119247 
       0.0049198       38.7365416 
      0.00497768       38.5600645 
      0.00503556       38.3846806 
      0.00509344       38.2060404 
      0.00515132       38.0264006 
       0.0052092        37.845761 
      0.00526708       37.6641218 
      0.00532496        37.484406 
      0.00538284       37.3008135 
      0.00544072       37.1163422 
       0.0054986       36.9309923 
      0.00555648       36.7447636 
      0.00561436       36.5576561 
      0.00567224       36.3730076 
      0.00573012       36.1843205 
        0.005788       35.9948869 
      0.00584588       35.8047068 
      0.00590376       35.6137802 
      0.00596164       35.4255884 
      0.00601952       35.2333421 
       0.0060774        35.040486 
      0.00613528       34.8470201 
      0.00619316       34.6529443 
      0.00625104       34.4617604 
      0.00630892       34.2666268 
       0.0063668       34.0710206 
      0.00642468       33.8749421 
      0.00648256        33.678391 
      0.00654044       33.4848194 
      0.00659832       33.2874704 
       0.0066562       33.0897848 
      0.00671408       32.8917626 
      0.00677196       32.6934037 
      0.00682984       32.4980653 
      0.00688772       32.2991638 
       0.0069456       32.1000584 
      0.00700348       31.9007491 
      0.00706136       31.7012359 
      0.00711924       31.5047492 
      0.00717712       31.3049417 
        0.007235       31.1050588 
      0.00729288       30.9051003 
      0.00735076       30.7050663 
      0.00740864       30.5080355 
      0.00746652       30.3079471 
       0.0075244       30.1079062 
      0.00758228       29.9079128 
      0.00764016       29.7079669 
      0.00769804       29.5109753 
      0.00775592       29.3112046 
       0.0078138       29.1115983 
      0.00787168       28.9121563 
      0.00792956       28.7128787 
      0.00798744       28.5164835 
      0.00804532       28.3175993 
       0.0081032       28.1189895 
      0.00816108        27.920654 
      0.00821896       27.7225928 
      0.00827684       27.5248059 
      0.00833472       27.3298594 
       0.0083926       27.1327744 
      0.00845048       26.9360662 
      0.00850836        26.739735 
      0.00856624       26.5437807 
      0.00862412       26.3505422 
        0.008682       26.1554742 
      0.00873988       25.9608779 
      0.00879776       25.7667534 
      0.00885564       25.5731005 
      0.00891352       25.3820228 
       0.0089714       25.1894265 
      0.00902928       24.9973885 
      0.00908716       24.8059089 
      0.00914504       24.6149877 
      0.00920292       24.4264861 
       0.0092608       24.2367769 
      0.00931868       24.0477044 
      0.00937656       23.8592687 
      0.00943444       23.6714697 
      0.00949232       23.4859197 
       0.0095502       23.2994733 
      0.00960808       23.1137336 
      0.00966596       22.9287007 
      0.00972384       22.7443745 
      0.00978172         22.56211 
       0.0098396        22.379262 
      0.00989748       22.1971822 
      0.00995536       22.0158708 
      0.01001324       21.8353277 
      0.01007112       21.6566382 
        0.010129       21.4776837 
      0.01018688       21.2995508 
      0.01024476       21.1222395 
      0.01030264       20.9457497 
      0.01036052       20.7708762 
       0.0104184       20.5960705 
      0.01047628       20.4221313 
      0.01053416       20.2490585 
      0.01059204       20.0768523 
      0.01064992       19.9055125 
       0.0107078       19.7355401 
      0.01076568       19.5660011 
      0.01082356        19.397365 
      0.01088144       19.2296319 
      0.01093932       19.0628019 
       0.0109972       18.8969808 
      0.01105508       18.7320063 
      0.01111296       18.5679631 
      0.01117084        18.404851 
      0.01122872       18.2426702 
       0.0112866       18.0809165 
      0.01134448       17.9206236 
      0.01140236       17.7612846 
      0.01146024       17.6028994 
      0.01151812        17.445468 
        0.011576       17.2861312 
      0.01163388       17.1305251 
      0.01169176       16.9759567 
      0.01174964       16.8224259 
      0.01180752       16.6699327 
       0.0118654       16.5047957 
      0.01192328       16.3542133 
      0.01198116       16.2049391 
      0.01203904       16.0569731 
      0.01209692       15.9103153 
       0.0121548       15.7725485 
      0.01221268       15.6284108 
      0.01227056       15.4850947 
      0.01232844       15.3426002 
      0.01238632       15.2009273 
       0.0124442       15.0521631 
      0.01250208       14.9110802 
      0.01255996       14.7710194 
      0.01261784       14.6319804 
      0.01267572       14.4939634 
       0.0127336       14.3569683 
      0.01279148       14.2209951 
      0.01284936       14.0860439 
      0.01290724       13.9521146 
      0.01296512       13.8192073 
        0.013023       13.6873219 
      0.01308088       13.5372108 
      0.01313876       13.4073068 
      0.01319664       13.2786233 
      0.01325452       13.1511601 
       0.0133124       13.0249174 
      0.01337028       12.8998951 
      0.01342816       12.7760932 
      0.01348604       12.6535117 
      0.01354392       12.5321507 
       0.0136018         12.41201 
      0.01365968       12.3144664 
      0.01371756       12.1972341 
      0.01377544       12.0809056 
      0.01383332       11.9654808 
       0.0138912       11.8509598 
      0.01394908       11.7373426 
      0.01400696        11.624629 
      0.01406484       11.5128193 
      0.01412272       11.4019133 
       0.0141806        11.291911 
      0.01423848       11.1827109 
      0.01429636       11.0747895 
      0.01435424       10.9676633 
      0.01441212       10.8613324 
         0.01447       10.7557969 
      0.01452788       10.6510566 
      0.01458576       10.5471116 
      0.01464364       10.4439619 
      0.01470152       10.3416075 
       0.0147594       10.2400484 
      0.01481728       10.1392846 
      0.01487516       10.0393161 
      0.01493304       9.94014293 
      0.01499092       9.84176503 
       0.0150488       9.74418242 
      0.01510668        9.6473951 
      0.01516456       9.55140309 
      0.01522244       9.45620637 
      0.01528032       9.36180495 
       0.0153382       9.26819882 
      0.01539608       9.18406701 
      0.01545396       9.09220986 
      0.01551184       9.00111566 
      0.01556972        8.9107844 
       0.0156276        8.8212161 
      0.01568548       8.73241074 
      0.01574336       8.64436833 
      0.01580124       8.55708887 
      0.01585912       8.47057235 
        0.015917       8.38481879 
      0.01597488       8.29982817 
      0.01603276        8.2156005 
      0.01609064       8.13213577 
      0.01614852         8.049434 
       0.0162064       7.96749517 
      0.01626428       7.88631929 
      0.01632216       7.80590636 
      0.01638004       7.72625637 
      0.01643792       7.64736934 
       0.0164958       7.58476128 
      0.01655368       7.50749065 
      0.01661156       7.43091665 
      0.01666944        7.3550393 
      0.01672732       7.27985859 
       0.0167852       7.20537453 
      0.01684308        7.1315871 
      0.01690096       7.05849632 
      0.01695884       6.98610217 
      0.01701672       6.91440467 
       0.0170746       6.84340382 
      0.01713248        6.7730996 
      0.01719036       6.70349202 
      0.01724824       6.63458109 
      0.01730612        6.5663668 
        0.017364       6.49884915 
      0.01742188       6.43202814 
      0.01747976       6.36590378 
      0.01753764       6.30047605 
      0.01759552       6.23574497 
       0.0176534       6.17720815 
      0.01771128       6.11379933 
      0.01776916       6.05099191 
      0.01782704        5.9887859 
      0.01788492       5.92718129 
       0.0179428       5.86617809 
      0.01800068        5.8057763 
      0.01805856       5.74597591 
      0.01811644       5.68677693 
      0.01817432       5.62817935 
       0.0182322       5.57018318 
      0.01829008       5.51278842 
      0.01834796       5.45599506 
      0.01840584       5.39980311 
      0.01846372       5.34421256 
       0.0185216       5.28922342 
      0.01857948       5.23483569 
      0.01863736       5.18104936 
      0.01869524       5.12786444 
      0.01875312       5.07528092 
        0.018811       5.02634336 
      0.01886888        4.9748421 
      0.01892676       4.92385224 
      0.01898464       4.87337378 
      0.01904252       4.82340671 
       0.0191004       4.77395105 
      0.01915828       4.72500678 
      0.01921616       4.67657392 
      0.01927404       4.62865246 
      0.01933192       4.58124239 
       0.0193898       4.53434372 
      0.01944768       4.48795646 
      0.01950556       4.44208059 
      0.01956344       4.39671612 
      0.01962132       4.35186305 
       0.0196792       4.30752138 
      0.01973708       4.26369111 
      0.01979496       4.22037224 
      0.01985284       4.17756477 
      0.01991072       4.13761789 
       0.0199686       4.09576863 
      0.02002648       4.05435107 
      0.02008436       4.01336522 
      0.02014224       3.97281106 
      0.02020012       3.93268861 
        0.020258       3.89299786 
      0.02031588       3.85373881 
      0.02037376       3.81491146 
      0.02043164       3.77651581 
      0.02048952       3.73855186 
       0.0205474       3.70101962 
      0.02060528       3.66391907 
      0.02066316       3.62725023 
      0.02072104       3.59101309 
      0.02077892       3.55520765 
       0.0208368       3.51983391 
      0.02089468       3.48489187 
      0.02095256       3.45038153 
      0.02101044        3.4163029 
      0.02106832       3.38450258 
       0.0211262       3.35120158 
      0.02118408       3.31826416 
      0.02124196       3.28569034 
      0.02129984        3.2534801 
      0.02135772       3.22163345 
       0.0214156       3.19015039 
      0.02147348       3.15903092 
      0.02153136       3.12827504 
      0.02158924       3.09788275 
      0.02164712       3.06785405 
        0.021705       3.03818893 
      0.02176288       3.00888741 
      0.02182076       2.97994947 
      0.02187864       2.95137512 
      0.02193652       2.92316437 
       0.0219944        2.8953172 
      0.02205228       2.86783362 
      0.02211016       2.84071363 
      0.02216804        2.8154815 
      0.02222592       2.78904988 
       0.0222838       2.76292546 
      0.02234168       2.73710822 
      0.02239956       2.71159819 
      0.02245744       2.68639534 
      0.02251532       2.66149969 
       0.0225732       2.63691124 
      0.02263108       2.61262998 
      0.02268896       2.58865591 
      0.02274684       2.56498904 
      0.02280472       2.54162936 
       0.0228626       2.51857688 
      0.02292048       2.49583159 
      0.02297836        2.4733935 
      0.02303624        2.4512626 
      0.02309412       2.42943889 
        0.023152       2.40792238 
      0.02320988       2.38671307 
      0.02326776       2.36581095 
      0.02332564       2.34651952 
      0.02338352       2.32618238 
       0.0234414       2.30610716 
      0.02349928       2.28629386 
      0.02355716       2.26674248 
      0.02361504       2.24745302 
      0.02367292       2.22842549 
       0.0237308       2.20965987 
      0.02378868       2.19115618 
      0.02384656        2.1729144 
      0.02390444       2.15493455 
      0.02396232       2.13721662 
       0.0240202        2.1197606 
      0.02407808       2.10256651 
      0.02413596       2.08563434 
      0.02419384        2.0689641 
      0.02425172       2.05255577 
       0.0243096       2.03640936 
      0.02436748       2.02052488 
      0.02442536       2.00617519 
      0.02448324       1.99079983 
      0.02454112       1.97565108 
        0.024599       1.96072894 
      0.02465688       1.94603341 
      0.02471476        1.9315645 
      0.02477264        1.9173222 
      0.02483052       1.90330651 
       0.0248884       1.88951743 
      0.02494628       1.87595497 
      0.02500416       1.86261912 
      0.02506204       1.84950988 
      0.02511992       1.83662726 
       0.0251778       1.82397125 
      0.02523568       1.81154185 
      0.02529356       1.79933906 
      0.02535144       1.78736289 
      0.02540932       1.77561333 
       0.0254672       1.76409038 
      0.02552508       1.75279405 
      0.02558296       1.74797064 
      0.02564084       1.73724516 
      0.02569872       1.72670621 
       0.0257566       1.71635379 
      0.02581448       1.70618789 
      0.02587236       1.69620853 
      0.02593024        1.6864157 
      0.02598812        1.6768094 
        0.026046       1.66738963 
      0.02610388       1.65815639 
      0.02616176       1.64910968 
      0.02621964        1.6402495 
      0.02627752       1.63157585 
       0.0263354       1.62308873 
      0.02639328       1.61478814 
      0.02645116       1.60667408 
      0.02650904       1.59874655 
      0.02656692       1.59100555 
       0.0266248       1.58345108 
      0.02668268       1.57142171 
      0.02674056       1.56421679 
      0.02679844         1.557199 
      0.02685632       1.55036836 
       0.0269142       1.54372486 
      0.02697208        1.5372685 
      0.02702996       1.53099928 
      0.02708784       1.52491721 
      0.02714572       1.51902227 
       0.0272036       1.51331447 
      0.02726148       1.50779382 
      0.02731936        1.5024603 
      0.02737724       1.49731393 
      0.02743512        1.4923547 
        0.027493        1.4875826 
      0.02755088       1.48299765 
      0.02760876       1.47859984 
      0.02766664       1.47438917 
      0.02772452       1.47036564 
       0.0277824       1.46652926 
      0.02784028       1.46034959 
      0.02789816       1.45669825 
      0.02795604       1.45324428 
      0.02801392       1.44998767 
       0.0280718       1.44692844 
      0.02812968       1.44406658 
      0.02818756       1.44140209 
      0.02824544       1.43893497 
      0.02830332       1.43666521 
       0.0283612       1.43459283 
      0.02841908       1.43271782 
      0.02847696       1.43104017 
      0.02853484        1.4295599 
      0.02859272         1.428277 
       0.0286506       1.42719146 
      0.02870848        1.4263033 
      0.02876636        1.4256125 
      0.02882424       1.42511908 
      0.02888212       1.42482302 
         0.02894       1.42472434 
