      -0.0329795      0.686925864 
    -0.032913541      0.686988225 
    -0.032847582      0.687175308 
    -0.032781623      0.687487114 
    -0.032715664      0.687923642 
    -0.032649705      0.688484893 
    -0.032583746      0.689170866 
    -0.032517787      0.689981561 
    -0.032451828      0.690916979 
    -0.032385869      0.691977118 
     -0.03231991      0.693161981 
    -0.032253951      0.694471565 
    -0.032187992      0.695905872 
    -0.032122033      0.697464901 
    -0.032056074      0.699148653 
    -0.031990115      0.700957127 
    -0.031924156      0.702890323 
    -0.031858197      0.704948242 
    -0.031792238      0.708338459 
    -0.031726279      0.710524849 
     -0.03166032      0.712829422 
    -0.031594361      0.715252178 
    -0.031528402      0.717793117 
    -0.031462443       0.72045224 
    -0.031396484      0.723229546 
    -0.031330525      0.726125035 
    -0.031264566      0.729138707 
    -0.031198607      0.732270563 
    -0.031132648      0.735520602 
    -0.031066689      0.738888824 
     -0.03100073      0.742375229 
    -0.030934771      0.745979817 
    -0.030868812      0.749702589 
    -0.030802853      0.753543544 
    -0.030736894      0.757502682 
    -0.030670935      0.764041483 
    -0.030604976      0.768228289 
    -0.030539017      0.772533033 
    -0.030473058      0.776955716 
    -0.030407099      0.781496337 
     -0.03034114      0.786154896 
    -0.030275181      0.790931393 
    -0.030209222      0.795825829 
    -0.030143263      0.800838202 
    -0.030077304      0.805968514 
    -0.030011345      0.811216764 
    -0.029945386      0.816582953 
    -0.029879427      0.822067079 
    -0.029813468      0.827669144 
    -0.029747509      0.833389147 
     -0.02968155      0.839227088 
    -0.029615591      0.845182967 
    -0.029549632      0.851256785 
    -0.029483673      0.854286322 
    -0.029417714      0.860730479 
    -0.029351755      0.867319775 
    -0.029285796       0.87405421 
    -0.029219837      0.880933785 
    -0.029153878        0.8879585 
    -0.029087919      0.895128353 
     -0.02902196      0.902443346 
    -0.028956001      0.909903479 
    -0.028890042      0.917508751 
    -0.028824083      0.925259162 
    -0.028758124      0.933154713 
    -0.028692165      0.941195403 
    -0.028626206      0.949381233 
    -0.028560247      0.957712202 
    -0.028494288       0.96618831 
    -0.028428329      0.974809558 
     -0.02836237       0.98290777 
    -0.028296411      0.991847459 
    -0.028230452       1.00095658 
    -0.028164493       1.01023513 
    -0.028098534       1.01968311 
    -0.028032575       1.02930053 
    -0.027966616       1.03908737 
    -0.027900657       1.04904365 
    -0.027834698       1.05916936 
    -0.027768739       1.06946449 
     -0.02770278       1.07992906 
    -0.027636821       1.09056306 
    -0.027570862       1.10136649 
    -0.027504903       1.11233936 
    -0.027438944       1.12348165 
    -0.027372985       1.13479337 
    -0.027307026       1.14627453 
    -0.027241067       1.15721821 
    -0.027175108       1.16905881 
    -0.027109149        1.1811006 
     -0.02704319       1.19334356 
    -0.026977231        1.2057877 
    -0.026911272       1.21843302 
    -0.026845313       1.23127952 
    -0.026779354        1.2443272 
    -0.026713395       1.25757606 
    -0.026647436        1.2710261 
    -0.026581477       1.28467732 
    -0.026515518       1.29852972 
    -0.026449559        1.3125833 
      -0.0263836       1.32683805 
    -0.026317641       1.34129399 
    -0.026251682       1.35595111 
    -0.026185723        1.3708094 
    -0.026119764       1.38586888 
    -0.026053805       1.40030817 
    -0.025987846       1.41581884 
    -0.025921887       1.43157126 
    -0.025855928       1.44756543 
    -0.025789969       1.46380135 
     -0.02572401       1.48027903 
    -0.025658051       1.49699845 
    -0.025592092       1.51395963 
    -0.025526133       1.53116256 
    -0.025460174       1.54860724 
    -0.025394215       1.56629366 
    -0.025328256       1.58422184 
    -0.025262297       1.60239178 
    -0.025196338       1.62080346 
    -0.025130379       1.63945689 
     -0.02506442       1.65835208 
    -0.024998461       1.67748901 
    -0.024932502       1.69585027 
    -0.024866543       1.71551022 
    -0.024800584       1.73546266 
    -0.024734625       1.75570761 
    -0.024668666       1.77624507 
    -0.024602707       1.79707502 
    -0.024536748       1.81819749 
    -0.024470789       1.83961245 
     -0.02440483       1.86131992 
    -0.024338871       1.88331989 
    -0.024272912       1.90561237 
    -0.024206953       1.92819735 
    -0.024140994       1.95107483 
    -0.024075035       1.97424482 
    -0.024009076       1.99770731 
    -0.023943117       2.02146231 
    -0.023877158       2.04550981 
    -0.023811199       2.06984981 
     -0.02374524       2.09323874 
    -0.023679281       2.11824882 
    -0.023613322       2.14361374 
    -0.023547363        2.1693335 
    -0.023481404       2.19540812 
    -0.023415445       2.22183758 
    -0.023349486       2.24862188 
    -0.023283527       2.27576103 
    -0.023217568       2.30325502 
    -0.023151609       2.33110387 
     -0.02308565       2.35930755 
    -0.023019691       2.38786609 
    -0.022953732       2.41677947 
    -0.022887773       2.44604769 
    -0.022821814       2.47567076 
    -0.022755855       2.50564868 
    -0.022689896       2.53598144 
    -0.022623937       2.56508671 
    -0.022557978       2.59620142 
    -0.022492019       2.62774618 
     -0.02242606       2.65972099 
    -0.022360101       2.69212586 
    -0.022294142       2.72496079 
    -0.022228183       2.75822577 
    -0.022162224        2.7919208 
    -0.022096265       2.82604589 
    -0.022030306       2.86060103 
    -0.021964347       2.89558622 
    -0.021898388       2.93100147 
    -0.021832429       2.96684677 
     -0.02176647       3.00312213 
    -0.021700511       3.03982754 
    -0.021634552       3.07696301 
    -0.021568593       3.11452853 
    -0.021502634       3.15048895 
    -0.021436675       3.18896515 
    -0.021370716        3.2279603 
    -0.021304757       3.26747437 
    -0.021238798       3.30750739 
    -0.021172839       3.34805933 
     -0.02110688       3.38913022 
    -0.021040921       3.43072004 
    -0.020974962       3.47282879 
    -0.020909003       3.51545649 
    -0.020843044       3.55860311 
    -0.020777085       3.60226868 
    -0.020711126       3.64645317 
    -0.020645167       3.69115661 
    -0.020579208       3.73637898 
    -0.020513249       3.78212028 
     -0.02044729       3.82838052 
    -0.020381331        3.8751597 
    -0.020315372       3.91979621 
    -0.020249413       3.96773553 
    -0.020183454       4.01629634 
    -0.020117495       4.06547862 
    -0.020051536       4.11528237 
    -0.019985577       4.16570761 
    -0.019919618       4.21675432 
    -0.019853659       4.26842251 
      -0.0197877       4.32071217 
    -0.019721741       4.37362332 
    -0.019655782       4.42715593 
    -0.019589823       4.48131003 
    -0.019523864        4.5360856 
    -0.019457905       4.59148265 
    -0.019391946       4.64750118 
    -0.019325987       4.70414118 
    -0.019260028       4.76140266 
    -0.019194069       4.81448552 
     -0.01912811       4.87309296 
    -0.019062151       4.93243418 
    -0.018996192       4.99250917 
    -0.018930233       5.05331795 
    -0.018864274        5.1148605 
    -0.018798315       5.17713683 
    -0.018732356       5.24014695 
    -0.018666397       5.30389084 
    -0.018600438       5.36836851 
    -0.018534479       5.43357996 
     -0.01846852       5.49952519 
    -0.018402561        5.5662042 
    -0.018336602       5.63361698 
    -0.018270643       5.70176355 
    -0.018204684        5.7706439 
    -0.018138725       5.84025802 
    -0.018072766       5.91060592 
    -0.018006807       5.96790805 
    -0.017940848       6.03996142 
    -0.017874889       6.11283335 
     -0.01780893       6.18652384 
    -0.017742971       6.26103289 
    -0.017677012        6.3363605 
    -0.017611053       6.41250667 
    -0.017545094        6.4894714 
    -0.017479135       6.56725469 
    -0.017413176       6.64585655 
    -0.017347217       6.72527696 
    -0.017281258       6.80551593 
    -0.017215299       6.88657346 
     -0.01714934       6.96844955 
    -0.017083381        7.0511442 
    -0.017017422       7.13465742 
    -0.016951463       7.21898919 
    -0.016885504       7.29912423 
    -0.016819545       7.38531841 
    -0.016753586       7.47237669 
    -0.016687627       7.56029906 
    -0.016621668       7.64908553 
    -0.016555709        7.7387361 
     -0.01648975       7.82925076 
    -0.016423791       7.92062951 
    -0.016357832       8.01287237 
    -0.016291873       8.10597932 
    -0.016225914       8.19995037 
    -0.016159955       8.29478551 
    -0.016093996       8.39048475 
    -0.016028037       8.48704808 
    -0.015962078       8.58447552 
    -0.015896119       8.68276704 
     -0.01583016       8.78192267 
    -0.015764201       8.87910361 
    -0.015698242       8.98066742 
    -0.015632283       9.08326211 
    -0.015566324       9.18688769 
    -0.015500365       9.29154414 
    -0.015434406       9.39723148 
    -0.015368447        9.5039497 
    -0.015302488        9.6116988 
    -0.015236529       9.72047878 
     -0.01517057       9.83028964 
    -0.015104611        9.9268652 
    -0.015038652       10.0400318 
    -0.014972693       10.1545775 
    -0.014906734       10.2705023 
    -0.014840775       10.3878064 
    -0.014774816       10.5064896 
    -0.014708857        10.626552 
    -0.014642898       10.7479935 
    -0.014576939       10.8708142 
     -0.01451098       11.0108252 
    -0.014445021       11.1358377 
    -0.014379062       11.2620319 
    -0.014313103       11.3894077 
    -0.014247144       11.5179651 
    -0.014181185       11.6477042 
    -0.014115226       11.7786249 
    -0.014049267       11.9107271 
    -0.013983308       12.0440111 
    -0.013917349       12.1840632 
     -0.01385139       12.3184745 
    -0.013785431       12.4538899 
    -0.013719472       12.5903096 
    -0.013653513       12.7219609 
    -0.013587554       12.8611391 
    -0.013521595       13.0018725 
    -0.013455636       13.1441613 
    -0.013389677       13.2880053 
    -0.013323718       13.4447468 
    -0.013257759       13.5909721 
      -0.0131918       13.7384768 
    -0.013125841       13.8872608 
    -0.013059882       14.0399163 
    -0.012993923       14.1910514 
    -0.012927964        14.343398 
    -0.012862005       14.4969562 
    -0.012796046       14.6517259 
    -0.012730087       14.8085174 
    -0.012664128        14.965704 
    -0.012598169       15.1240997 
     -0.01253221       15.2837045 
    -0.012466251       15.4448777 
    -0.012400292       15.6069061 
    -0.012334333       15.7701356 
    -0.012268374       15.9345663 
    -0.012202415        16.100198 
    -0.012136456       16.2670978 
    -0.012070497       16.4351285 
    -0.012004538       16.6043441 
    -0.011938579       16.7747445 
     -0.01187262       16.9463297 
    -0.011806661       17.1189112 
    -0.011740702       17.2928445 
    -0.011674743        17.467938 
    -0.011608784       17.6441917 
    -0.011542825       17.8211888 
    -0.011476866       17.9997473 
    -0.011410907       18.1794329 
    -0.011344948       18.3602456 
    -0.011278989       18.5421853 
     -0.01121303       18.7246132 
    -0.011147071       18.9087645 
    -0.011081112       19.0940009 
    -0.011015153       19.2803223 
    -0.010949194       19.4668853 
    -0.010883235       19.6553498 
    -0.010817276       19.8448483 
    -0.010751317       20.0353807 
    -0.010685358       20.2269471 
    -0.010619399       20.4184879 
     -0.01055344       20.6120598 
    -0.010487481       20.8066052 
    -0.010421522       21.0021241 
    -0.010355563       21.1973592 
    -0.010289604       21.3947881 
    -0.010223645       21.5931205 
    -0.010157686       21.7923564 
    -0.010091727       21.9924958 
    -0.010025768       22.1920654 
    -0.009959809       22.3939307 
     -0.00989385       22.5966196 
    -0.009827891       22.8001323 
    -0.009761932       23.0028029 
    -0.009695973       23.2079182 
    -0.009630014       23.4137677 
    -0.009564055       23.6203515 
    -0.009498096       23.8276695 
    -0.009432137       24.0338445 
    -0.009366178       24.2425337 
    -0.009300219       24.4518578 
     -0.00923426       24.6618171 
    -0.009168301       24.8703514 
    -0.009102342       25.0815309 
    -0.009036383       25.2932368 
    -0.008970424       25.5054692 
    -0.008904465       25.7182281 
    -0.008838506       25.9292558 
    -0.008772547       26.1429575 
    -0.008706588        26.357068 
    -0.008640629       26.5715873 
     -0.00857467       26.7865155 
    -0.008508711       26.9993771 
    -0.008442752       27.2149446 
    -0.008376793       27.4307947 
    -0.008310834       27.6469273 
    -0.008244875       27.8607461 
    -0.008178916        28.077325 
    -0.008112957       28.2940523 
    -0.008046998       28.5109278 
    -0.007981039       28.7279518 
     -0.00791508       28.9423375 
    -0.007849121       29.1594661 
    -0.007783162       29.3766017 
    -0.007717203       29.5937442 
    -0.007651244        29.808022 
    -0.007585285       30.0250559 
    -0.007519326       30.2419492 
    -0.007453367       30.4587019 
    -0.007387408        30.675314 
    -0.007321449       30.8887665 
     -0.00725549       31.1048987 
    -0.007189531       31.3207376 
    -0.007123572       31.5362834 
    -0.007057613       31.7484826 
    -0.006991654       31.9633209 
    -0.006925695       32.1777098 
    -0.006859736       32.3916493 
    -0.006793777       32.6051394 
    -0.006727818         32.81505 
    -0.006661859       33.0274438 
      -0.0065959       33.2392303 
    -0.006529941       33.4504093 
    -0.006463982       33.6579131 
    -0.006398023       33.8677627 
    -0.006332064       34.0768478 
    -0.006266105       34.2851682 
    -0.006200146        34.492724 
    -0.006134187       34.6965369 
    -0.006068228       34.9023778 
    -0.006002269       35.1073018 
     -0.00593631       35.3113089 
    -0.005870351       35.5117669 
    -0.005804392       35.7138364 
    -0.005738433       35.9148497 
    -0.005672474       36.1148067 
    -0.005606515       36.3137074 
    -0.005540556       36.5095061 
    -0.005474597       36.7061415 
    -0.005408638       36.9016115 
    -0.005342679       37.0959162 
     -0.00527672       37.2881191 
    -0.005210761       37.4799937 
    -0.005144802       37.6706707 
    -0.005078843       37.8601502 
    -0.005012884       38.0484321 
    -0.004946925       38.2336382 
    -0.004880966       38.4195346 
    -0.004815007        38.604182 
    -0.004749048       38.7875805 
    -0.004683089       38.9697301 
     -0.00461713       39.1602013 
    -0.004551171       39.3390166 
    -0.004485212       39.5145831 
    -0.004419253       39.6869007 
    -0.004353294       39.8363052 
    -0.004287335       40.0028295 
    -0.004221376       40.1670259 
    -0.004155417       40.3288944 
    -0.004089458       40.4884351 
    -0.004023499        40.645648 
     -0.00395754       40.8005329 
    -0.003891581         40.95309 
    -0.003825622       41.1033193 
    -0.003759663       41.2232857 
    -0.003693704       41.3707386 
    -0.003627745       41.5167604 
    -0.003561786       41.6613509 
    -0.003495827       41.8045103 
    -0.003429868       41.9462385 
    -0.003363909       42.0865355 
     -0.00329795       42.2254013 
    -0.003231991       42.3628359 
    -0.003166032       42.5466099 
    -0.003100073       42.6813111 
    -0.003034114       42.8123902 
    -0.002968155       42.9398471 
    -0.002902196       43.0636818 
    -0.002836237       43.1838943 
    -0.002770278       43.3004846 
    -0.002704319       43.4134527 
     -0.00263836       43.5227986 
    -0.002572401       43.6148072 
    -0.002506442       43.7112552 
    -0.002440483       43.8051981 
    -0.002374524       43.8966358 
    -0.002308565       43.9855684 
    -0.002242606       44.0719959 
    -0.002176647       44.1559182 
    -0.002110688       44.2373354 
    -0.002044729       44.3162474 
     -0.00197877       44.3926543 
    -0.001912811        44.466556 
    -0.001846852       44.5379526 
    -0.001780893       44.6068441 
    -0.001714934       44.6732304 
    -0.001648975       44.7371116 
    -0.001583016       44.7984876 
    -0.001517057       44.8573585 
    -0.001451098       44.9137242 
    -0.001385139       44.9675848 
     -0.00131918       45.0189402 
    -0.001253221       45.0683818 
    -0.001187262       45.1156155 
    -0.001121303       45.1602962 
    -0.001055344       45.2024236 
    -0.000989385       45.2419979 
    -0.000923426       45.2790189 
    -0.000857467       45.3134868 
    -0.000791508       45.3454016 
    -0.000725549       45.3747631 
     -0.00065959       45.4015715 
    -0.000593631       45.4258267 
    -0.000527672       45.4475287 
    -0.000461713       45.4666775 
    -0.000395754       45.4832732 
    -0.000329795       45.4973156 
    -0.000263836       45.5088049 
    -0.000197877       45.5177411 
    -0.000131918        45.524124 
     -6.5959e-05       45.5279538 
               0       45.5292304 
      6.5959e-05       45.5279538 
     0.000131918        45.524124 
     0.000197877       45.5177411 
     0.000263836       45.5088049 
     0.000329795       45.4973156 
     0.000395754       45.4832732 
     0.000461713       45.4666775 
     0.000527672       45.4475287 
     0.000593631       45.4258267 
      0.00065959       45.4015715 
     0.000725549       45.3747631 
     0.000791508       45.3454016 
     0.000857467       45.3134868 
     0.000923426       45.2790189 
     0.000989385       45.2419979 
     0.001055344       45.2024236 
     0.001121303       45.1602962 
     0.001187262       45.1156155 
     0.001253221       45.0683818 
      0.00131918       45.0189402 
     0.001385139       44.9675848 
     0.001451098       44.9137242 
     0.001517057       44.8573585 
     0.001583016       44.7984876 
     0.001648975       44.7371116 
     0.001714934       44.6732304 
     0.001780893       44.6068441 
     0.001846852       44.5379526 
     0.001912811        44.466556 
      0.00197877       44.3926543 
     0.002044729       44.3162474 
     0.002110688       44.2373354 
     0.002176647       44.1559182 
     0.002242606       44.0719959 
     0.002308565       43.9855684 
     0.002374524       43.8966358 
     0.002440483       43.8051981 
     0.002506442       43.7112552 
     0.002572401       43.6148072 
      0.00263836       43.5227986 
     0.002704319       43.4134527 
     0.002770278       43.3004846 
     0.002836237       43.1838943 
     0.002902196       43.0636818 
     0.002968155       42.9398471 
     0.003034114       42.8123902 
     0.003100073       42.6813111 
     0.003166032       42.5466099 
     0.003231991       42.3628359 
      0.00329795       42.2254013 
     0.003363909       42.0865355 
     0.003429868       41.9462385 
     0.003495827       41.8045103 
     0.003561786       41.6613509 
     0.003627745       41.5167604 
     0.003693704       41.3707386 
     0.003759663       41.2232857 
     0.003825622       41.1033193 
     0.003891581         40.95309 
      0.00395754       40.8005329 
     0.004023499        40.645648 
     0.004089458       40.4884351 
     0.004155417       40.3288944 
     0.004221376       40.1670259 
     0.004287335       40.0028295 
     0.004353294       39.8363052 
     0.004419253       39.6869007 
     0.004485212       39.5145831 
     0.004551171       39.3390166 
      0.00461713       39.1602013 
     0.004683089       38.9697301 
     0.004749048       38.7875805 
     0.004815007        38.604182 
     0.004880966       38.4195346 
     0.004946925       38.2336382 
     0.005012884       38.0484321 
     0.005078843       37.8601502 
     0.005144802       37.6706707 
     0.005210761       37.4799937 
      0.00527672       37.2881191 
     0.005342679       37.0959162 
     0.005408638       36.9016115 
     0.005474597       36.7061415 
     0.005540556       36.5095061 
     0.005606515       36.3137074 
     0.005672474       36.1148067 
     0.005738433       35.9148497 
     0.005804392       35.7138364 
     0.005870351       35.5117669 
      0.00593631       35.3113089 
     0.006002269       35.1073018 
     0.006068228       34.9023778 
     0.006134187       34.6965369 
     0.006200146        34.492724 
     0.006266105       34.2851682 
     0.006332064       34.0768478 
     0.006398023       33.8677627 
     0.006463982       33.6579131 
     0.006529941       33.4504093 
       0.0065959       33.2392303 
     0.006661859       33.0274438 
     0.006727818         32.81505 
     0.006793777       32.6051394 
     0.006859736       32.3916493 
     0.006925695       32.1777098 
     0.006991654       31.9633209 
     0.007057613       31.7484826 
     0.007123572       31.5362834 
     0.007189531       31.3207376 
      0.00725549       31.1048987 
     0.007321449       30.8887665 
     0.007387408        30.675314 
     0.007453367       30.4587019 
     0.007519326       30.2419492 
     0.007585285       30.0250559 
     0.007651244        29.808022 
     0.007717203       29.5937442 
     0.007783162       29.3766017 
     0.007849121       29.1594661 
      0.00791508       28.9423375 
     0.007981039       28.7279518 
     0.008046998       28.5109278 
     0.008112957       28.2940523 
     0.008178916        28.077325 
     0.008244875       27.8607461 
     0.008310834       27.6469273 
     0.008376793       27.4307947 
     0.008442752       27.2149446 
     0.008508711       26.9993771 
      0.00857467       26.7865155 
     0.008640629       26.5715873 
     0.008706588        26.357068 
     0.008772547       26.1429575 
     0.008838506       25.9292558 
     0.008904465       25.7182281 
     0.008970424       25.5054692 
     0.009036383       25.2932368 
     0.009102342       25.0815309 
     0.009168301       24.8703514 
      0.00923426       24.6618171 
     0.009300219       24.4518578 
     0.009366178       24.2425337 
     0.009432137       24.0338445 
     0.009498096       23.8276695 
     0.009564055       23.6203515 
     0.009630014       23.4137677 
     0.009695973       23.2079182 
     0.009761932       23.0028029 
     0.009827891       22.8001323 
      0.00989385       22.5966196 
     0.009959809       22.3939307 
     0.010025768       22.1920654 
     0.010091727       21.9924958 
     0.010157686       21.7923564 
     0.010223645       21.5931205 
     0.010289604       21.3947881 
     0.010355563       21.1973592 
     0.010421522       21.0021241 
     0.010487481       20.8066052 
      0.01055344       20.6120598 
     0.010619399       20.4184879 
     0.010685358       20.2269471 
     0.010751317       20.0353807 
     0.010817276       19.8448483 
     0.010883235       19.6553498 
     0.010949194       19.4668853 
     0.011015153       19.2803223 
     0.011081112       19.0940009 
     0.011147071       18.9087645 
      0.01121303       18.7246132 
     0.011278989       18.5421853 
     0.011344948       18.3602456 
     0.011410907       18.1794329 
     0.011476866       17.9997473 
     0.011542825       17.8211888 
     0.011608784       17.6441917 
     0.011674743        17.467938 
     0.011740702       17.2928445 
     0.011806661       17.1189112 
      0.01187262       16.9463297 
     0.011938579       16.7747445 
     0.012004538       16.6043441 
     0.012070497       16.4351285 
     0.012136456       16.2670978 
     0.012202415        16.100198 
     0.012268374       15.9345663 
     0.012334333       15.7701356 
     0.012400292       15.6069061 
     0.012466251       15.4448777 
      0.01253221       15.2837045 
     0.012598169       15.1240997 
     0.012664128        14.965704 
     0.012730087       14.8085174 
     0.012796046       14.6517259 
     0.012862005       14.4969562 
     0.012927964        14.343398 
     0.012993923       14.1910514 
     0.013059882       14.0399163 
     0.013125841       13.8872608 
       0.0131918       13.7384768 
     0.013257759       13.5909721 
     0.013323718       13.4447468 
     0.013389677       13.2880053 
     0.013455636       13.1441613 
     0.013521595       13.0018725 
     0.013587554       12.8611391 
     0.013653513       12.7219609 
     0.013719472       12.5903096 
     0.013785431       12.4538899 
      0.01385139       12.3184745 
     0.013917349       12.1840632 
     0.013983308       12.0440111 
     0.014049267       11.9107271 
     0.014115226       11.7786249 
     0.014181185       11.6477042 
     0.014247144       11.5179651 
     0.014313103       11.3894077 
     0.014379062       11.2620319 
     0.014445021       11.1358377 
      0.01451098       11.0108252 
     0.014576939       10.8708142 
     0.014642898       10.7479935 
     0.014708857        10.626552 
     0.014774816       10.5064896 
     0.014840775       10.3878064 
     0.014906734       10.2705023 
     0.014972693       10.1545775 
     0.015038652       10.0400318 
     0.015104611        9.9268652 
      0.01517057       9.83028964 
     0.015236529       9.72047878 
     0.015302488        9.6116988 
     0.015368447        9.5039497 
     0.015434406       9.39723148 
     0.015500365       9.29154414 
     0.015566324       9.18688769 
     0.015632283       9.08326211 
     0.015698242       8.98066742 
     0.015764201       8.87910361 
      0.01583016       8.78192267 
     0.015896119       8.68276704 
     0.015962078       8.58447552 
     0.016028037       8.48704808 
     0.016093996       8.39048475 
     0.016159955       8.29478551 
     0.016225914       8.19995037 
     0.016291873       8.10597932 
     0.016357832       8.01287237 
     0.016423791       7.92062951 
      0.01648975       7.82925076 
     0.016555709        7.7387361 
     0.016621668       7.64908553 
     0.016687627       7.56029906 
     0.016753586       7.47237669 
     0.016819545       7.38531841 
     0.016885504       7.29912423 
     0.016951463       7.21898919 
     0.017017422       7.13465742 
     0.017083381        7.0511442 
      0.01714934       6.96844955 
     0.017215299       6.88657346 
     0.017281258       6.80551593 
     0.017347217       6.72527696 
     0.017413176       6.64585655 
     0.017479135       6.56725469 
     0.017545094        6.4894714 
     0.017611053       6.41250667 
     0.017677012        6.3363605 
     0.017742971       6.26103289 
      0.01780893       6.18652384 
     0.017874889       6.11283335 
     0.017940848       6.03996142 
     0.018006807       5.96790805 
     0.018072766       5.91060592 
     0.018138725       5.84025802 
     0.018204684        5.7706439 
     0.018270643       5.70176355 
     0.018336602       5.63361698 
     0.018402561        5.5662042 
      0.01846852       5.49952519 
     0.018534479       5.43357996 
     0.018600438       5.36836851 
     0.018666397       5.30389084 
     0.018732356       5.24014695 
     0.018798315       5.17713683 
     0.018864274        5.1148605 
     0.018930233       5.05331795 
     0.018996192       4.99250917 
     0.019062151       4.93243418 
      0.01912811       4.87309296 
     0.019194069       4.81448552 
     0.019260028       4.76140266 
     0.019325987       4.70414118 
     0.019391946       4.64750118 
     0.019457905       4.59148265 
     0.019523864        4.5360856 
     0.019589823       4.48131003 
     0.019655782       4.42715593 
     0.019721741       4.37362332 
       0.0197877       4.32071217 
     0.019853659       4.26842251 
     0.019919618       4.21675432 
     0.019985577       4.16570761 
     0.020051536       4.11528237 
     0.020117495       4.06547862 
     0.020183454       4.01629634 
     0.020249413       3.96773553 
     0.020315372       3.91979621 
     0.020381331        3.8751597 
      0.02044729       3.82838052 
     0.020513249       3.78212028 
     0.020579208       3.73637898 
     0.020645167       3.69115661 
     0.020711126       3.64645317 
     0.020777085       3.60226868 
     0.020843044       3.55860311 
     0.020909003       3.51545649 
     0.020974962       3.47282879 
     0.021040921       3.43072004 
      0.02110688       3.38913022 
     0.021172839       3.34805933 
     0.021238798       3.30750739 
     0.021304757       3.26747437 
     0.021370716        3.2279603 
     0.021436675       3.18896515 
     0.021502634       3.15048895 
     0.021568593       3.11452853 
     0.021634552       3.07696301 
     0.021700511       3.03982754 
      0.02176647       3.00312213 
     0.021832429       2.96684677 
     0.021898388       2.93100147 
     0.021964347       2.89558622 
     0.022030306       2.86060103 
     0.022096265       2.82604589 
     0.022162224        2.7919208 
     0.022228183       2.75822577 
     0.022294142       2.72496079 
     0.022360101       2.69212586 
      0.02242606       2.65972099 
     0.022492019       2.62774618 
     0.022557978       2.59620142 
     0.022623937       2.56508671 
     0.022689896       2.53598144 
     0.022755855       2.50564868 
     0.022821814       2.47567076 
     0.022887773       2.44604769 
     0.022953732       2.41677947 
     0.023019691       2.38786609 
      0.02308565       2.35930755 
     0.023151609       2.33110387 
     0.023217568       2.30325502 
     0.023283527       2.27576103 
     0.023349486       2.24862188 
     0.023415445       2.22183758 
     0.023481404       2.19540812 
     0.023547363        2.1693335 
     0.023613322       2.14361374 
     0.023679281       2.11824882 
      0.02374524       2.09323874 
     0.023811199       2.06984981 
     0.023877158       2.04550981 
     0.023943117       2.02146231 
     0.024009076       1.99770731 
     0.024075035       1.97424482 
     0.024140994       1.95107483 
     0.024206953       1.92819735 
     0.024272912       1.90561237 
     0.024338871       1.88331989 
      0.02440483       1.86131992 
     0.024470789       1.83961245 
     0.024536748       1.81819749 
     0.024602707       1.79707502 
     0.024668666       1.77624507 
     0.024734625       1.75570761 
     0.024800584       1.73546266 
     0.024866543       1.71551022 
     0.024932502       1.69585027 
     0.024998461       1.67748901 
      0.02506442       1.65835208 
     0.025130379       1.63945689 
     0.025196338       1.62080346 
     0.025262297       1.60239178 
     0.025328256       1.58422184 
     0.025394215       1.56629366 
     0.025460174       1.54860724 
     0.025526133       1.53116256 
     0.025592092       1.51395963 
     0.025658051       1.49699845 
      0.02572401       1.48027903 
     0.025789969       1.46380135 
     0.025855928       1.44756543 
     0.025921887       1.43157126 
     0.025987846       1.41581884 
     0.026053805       1.40030817 
     0.026119764       1.38586888 
     0.026185723        1.3708094 
     0.026251682       1.35595111 
     0.026317641       1.34129399 
       0.0263836       1.32683805 
     0.026449559        1.3125833 
     0.026515518       1.29852972 
     0.026581477       1.28467732 
     0.026647436        1.2710261 
     0.026713395       1.25757606 
     0.026779354        1.2443272 
     0.026845313       1.23127952 
     0.026911272       1.21843302 
     0.026977231        1.2057877 
      0.02704319       1.19334356 
     0.027109149        1.1811006 
     0.027175108       1.16905881 
     0.027241067       1.15721821 
     0.027307026       1.14627453 
     0.027372985       1.13479337 
     0.027438944       1.12348165 
     0.027504903       1.11233936 
     0.027570862       1.10136649 
     0.027636821       1.09056306 
      0.02770278       1.07992906 
     0.027768739       1.06946449 
     0.027834698       1.05916936 
     0.027900657       1.04904365 
     0.027966616       1.03908737 
     0.028032575       1.02930053 
     0.028098534       1.01968311 
     0.028164493       1.01023513 
     0.028230452       1.00095658 
     0.028296411      0.991847459 
      0.02836237       0.98290777 
     0.028428329      0.974809558 
     0.028494288       0.96618831 
     0.028560247      0.957712202 
     0.028626206      0.949381233 
     0.028692165      0.941195403 
     0.028758124      0.933154713 
     0.028824083      0.925259162 
     0.028890042      0.917508751 
     0.028956001      0.909903479 
      0.02902196      0.902443346 
     0.029087919      0.895128353 
     0.029153878        0.8879585 
     0.029219837      0.880933785 
     0.029285796       0.87405421 
     0.029351755      0.867319775 
     0.029417714      0.860730479 
     0.029483673      0.854286322 
     0.029549632      0.851256785 
     0.029615591      0.845182967 
      0.02968155      0.839227088 
     0.029747509      0.833389147 
     0.029813468      0.827669144 
     0.029879427      0.822067079 
     0.029945386      0.816582953 
     0.030011345      0.811216764 
     0.030077304      0.805968514 
     0.030143263      0.800838202 
     0.030209222      0.795825829 
     0.030275181      0.790931393 
      0.03034114      0.786154896 
     0.030407099      0.781496337 
     0.030473058      0.776955716 
     0.030539017      0.772533033 
     0.030604976      0.768228289 
     0.030670935      0.764041483 
     0.030736894      0.757502682 
     0.030802853      0.753543544 
     0.030868812      0.749702589 
     0.030934771      0.745979817 
      0.03100073      0.742375229 
     0.031066689      0.738888824 
     0.031132648      0.735520602 
     0.031198607      0.732270563 
     0.031264566      0.729138707 
     0.031330525      0.726125035 
     0.031396484      0.723229546 
     0.031462443       0.72045224 
     0.031528402      0.717793117 
     0.031594361      0.715252178 
      0.03166032      0.712829422 
     0.031726279      0.710524849 
     0.031792238      0.708338459 
     0.031858197      0.704948242 
     0.031924156      0.702890323 
     0.031990115      0.700957127 
     0.032056074      0.699148653 
     0.032122033      0.697464901 
     0.032187992      0.695905872 
     0.032253951      0.694471565 
      0.03231991      0.693161981 
     0.032385869      0.691977118 
     0.032451828      0.690916979 
     0.032517787      0.689981561 
     0.032583746      0.689170866 
     0.032649705      0.688484893 
     0.032715664      0.687923642 
     0.032781623      0.687487114 
     0.032847582      0.687175308 
     0.032913541      0.686988225 
       0.0329795      0.686925864 
