      -0.0375175      0.307373234 
    -0.037442465      0.307409124 
     -0.03736743      0.307516795 
    -0.037292395      0.307696248 
     -0.03721736      0.307947481 
    -0.037142325      0.308270495 
     -0.03706729       0.30866529 
    -0.036992255      0.309131865 
     -0.03691722      0.309670222 
    -0.036842185      0.310280359 
     -0.03676715      0.310962278 
    -0.036692115      0.311715977 
     -0.03661708      0.312541457 
    -0.036542045      0.313438718 
     -0.03646701       0.31440776 
    -0.036391975      0.315926314 
     -0.03631694      0.316984041 
    -0.036241905      0.318110008 
     -0.03616687      0.319304215 
    -0.036091835      0.320566663 
      -0.0360168      0.321897351 
    -0.035941765       0.32329628 
     -0.03586673      0.324763449 
    -0.035791695      0.326298859 
     -0.03571666      0.327902509 
    -0.035641625      0.329574399 
     -0.03556659       0.33131453 
    -0.035491555      0.333122901 
     -0.03541652      0.334999513 
    -0.035341485      0.336944365 
     -0.03526645      0.339920992 
    -0.035191415      0.341998338 
     -0.03511638      0.344143794 
    -0.035041345       0.34635736 
     -0.03496631      0.348639035 
    -0.034891275       0.35098882 
     -0.03481624      0.353406715 
    -0.034741205       0.35589272 
     -0.03466617      0.358446834 
    -0.034591135      0.361069058 
      -0.0345161      0.363759392 
    -0.034441065      0.366517835 
     -0.03436603      0.369344388 
    -0.034290995      0.372239051 
     -0.03421596      0.375201824 
    -0.034140925      0.376988897 
     -0.03406589      0.380152107 
    -0.033990855      0.383398265 
     -0.03391582      0.386727371 
    -0.033840785      0.390139424 
     -0.03376575      0.393634425 
    -0.033690715      0.397212374 
     -0.03361568       0.40087327 
    -0.033540645      0.404617114 
     -0.03346561      0.408443906 
    -0.033390575      0.412353645 
     -0.03331554      0.416346332 
    -0.033240505      0.420421967 
     -0.03316547      0.424580549 
    -0.033090435      0.428822079 
      -0.0330154      0.432905062 
    -0.032940365      0.437335219 
     -0.03286533      0.441861627 
    -0.032790295      0.446484284 
     -0.03271526      0.451203192 
    -0.032640225      0.456018351 
     -0.03256519      0.460929759 
    -0.032490155      0.465937418 
     -0.03241512      0.471041327 
    -0.032340085      0.476241487 
     -0.03226505      0.481537896 
    -0.032190015      0.486930556 
     -0.03211498      0.492419466 
    -0.032039945      0.498004627 
     -0.03196491      0.503432318 
    -0.031889875      0.509225033 
     -0.03181484      0.515131436 
    -0.031739805      0.521151526 
     -0.03166477      0.527285303 
    -0.031589735      0.533532767 
      -0.0315147      0.539893918 
    -0.031439665      0.546368757 
     -0.03136463      0.552957283 
    -0.031289595      0.559659497 
     -0.03121456      0.566475397 
    -0.031139525      0.573404985 
     -0.03106449       0.58044826 
    -0.030989455      0.587605223 
     -0.03091442      0.594875872 
    -0.030839385      0.601969333 
     -0.03076435      0.609491405 
    -0.030689315      0.617149574 
     -0.03061428       0.62494384 
    -0.030539245      0.632874202 
     -0.03046421      0.640940661 
    -0.030389175      0.649143216 
     -0.03031414      0.657481868 
    -0.030239105      0.665956616 
     -0.03016407      0.674567461 
    -0.030089035      0.683314403 
       -0.030014      0.692197441 
    -0.029938965      0.701216576 
     -0.02986393      0.710371807 
    -0.029788895      0.719663135 
     -0.02971386      0.728741999 
    -0.029638825      0.738342252 
     -0.02956379        0.7481069 
    -0.029488755      0.758035944 
     -0.02941372      0.768129383 
    -0.029338685      0.778387217 
     -0.02926365      0.788809447 
    -0.029188615      0.799396071 
     -0.02911358      0.810147092 
    -0.029038545      0.821062508 
     -0.02896351      0.832142319 
    -0.028888475      0.843386525 
     -0.02881344      0.854795127 
    -0.028738405      0.866368124 
     -0.02866337      0.878105516 
    -0.028588335      0.889585662 
      -0.0285133      0.901705846 
    -0.028438265      0.914025707 
     -0.02836323      0.926545246 
    -0.028288195      0.939264462 
     -0.02821316      0.952183355 
    -0.028138125      0.965301925 
     -0.02806309      0.978620173 
    -0.027988055      0.992138097 
     -0.02791302        1.0058557 
    -0.027837985       1.01977298 
     -0.02776295       1.03388993 
    -0.027687915       1.04820657 
     -0.02761288       1.06272288 
    -0.027537845        1.0768954 
     -0.02746281       1.09184453 
    -0.027387775       1.10703688 
     -0.02731274       1.12247246 
    -0.027237705       1.13815126 
     -0.02716267       1.15407328 
    -0.027087635       1.17023853 
      -0.0270126         1.186647 
    -0.026937565       1.20329869 
     -0.02686253       1.22019361 
    -0.026787495       1.23733175 
     -0.02671246       1.25471311 
    -0.026637425        1.2723377 
     -0.02656239       1.29020551 
    -0.026487355       1.30831654 
     -0.02641232       1.32600113 
    -0.026337285       1.34465246 
     -0.02626225       1.36360027 
    -0.026187215       1.38284457 
     -0.02611218       1.40238536 
    -0.026037145       1.42222263 
     -0.02596211       1.44235639 
    -0.025887075       1.46278664 
     -0.02581204       1.48351337 
    -0.025737005       1.50453659 
     -0.02566197        1.5258563 
    -0.025586935        1.5474725 
      -0.0255119       1.56938518 
    -0.025436865       1.59159435 
     -0.02536183       1.61410001 
    -0.025286795       1.63607676 
     -0.02521176       1.65925659 
    -0.025136725       1.68279746 
     -0.02506169       1.70669936 
    -0.024986655        1.7309623 
     -0.02491162       1.75558627 
    -0.024836585       1.78057128 
     -0.02476155       1.80591732 
    -0.024686515        1.8316244 
     -0.02461148       1.85769252 
    -0.024536445       1.88412167 
     -0.02446141       1.91091186 
    -0.024386375       1.93806308 
     -0.02431134       1.96557534 
    -0.024236305       1.99344864 
     -0.02416127       2.02065859 
    -0.024086235       2.04937085 
      -0.0240112       2.07852154 
    -0.023936165       2.10811065 
     -0.02386113       2.13813819 
    -0.023786095       2.16860416 
     -0.02371106       2.19950855 
    -0.023636025       2.23085136 
     -0.02356099        2.2626326 
    -0.023485955       2.29485226 
     -0.02341092       2.32751035 
    -0.023335885       2.36060687 
     -0.02326085       2.39414181 
    -0.023185815       2.42811517 
     -0.02311078       2.46115553 
    -0.023035745       2.49607632 
     -0.02296071       2.53152707 
    -0.022885675       2.56750779 
     -0.02281064       2.60401847 
    -0.022735605       2.64105912 
     -0.02266057       2.67862974 
    -0.022585535       2.71673032 
      -0.0225105       2.75536086 
    -0.022435465       2.79452137 
     -0.02236043       2.83421185 
    -0.022285395       2.87443229 
     -0.02221036        2.9151827 
    -0.022135325       2.95646307 
     -0.02206029       2.99827341 
    -0.021985255       3.03878666 
     -0.02191022       3.08176795 
    -0.021835185       3.12538583 
     -0.02176015        3.1696403 
    -0.021685115       3.21453136 
     -0.02161008       3.26005901 
    -0.021535045       3.30622326 
     -0.02146001       3.35302409 
    -0.021384975       3.40046152 
     -0.02130994       3.44853554 
    -0.021234905       3.49724615 
     -0.02115987       3.54659335 
    -0.021084835       3.59657715 
      -0.0210098       3.64719753 
    -0.020934765       3.69845451 
     -0.02085973       3.74703729 
    -0.020784695       3.79973369 
     -0.02070966        3.8531866 
    -0.020634625       3.90739601 
     -0.02055959       3.96236194 
    -0.020484555       4.01808438 
     -0.02040952       4.07456332 
    -0.020334485       4.13179878 
     -0.02025945       4.18979074 
    -0.020184415       4.24853921 
     -0.02010938       4.30804419 
    -0.020034345       4.36830568 
     -0.01995931       4.42932368 
    -0.019884275       4.49109819 
     -0.01980924        4.5536292 
    -0.019734205       4.60664195 
     -0.01965917       4.67094488 
    -0.019584135       4.73610358 
      -0.0195091       4.80211803 
    -0.019434065       4.86898823 
     -0.01935903        4.9367142 
    -0.019283995       5.00529593 
     -0.01920896       5.07473341 
    -0.019133925       5.14502665 
     -0.01905889       5.21617565 
    -0.018983855       5.28818041 
     -0.01890882       5.36104092 
    -0.018833785        5.4347572 
     -0.01875875       5.50932923 
    -0.018683715       5.58034842 
     -0.01860868       5.65684504 
    -0.018533645       5.73425422 
     -0.01845861       5.81257597 
    -0.018383575       5.89181028 
     -0.01830854       5.97195716 
    -0.018233505        6.0530166 
     -0.01815847       6.13498861 
    -0.018083435       6.21787319 
      -0.0180084       6.30167033 
    -0.017933365       6.38638003 
     -0.01785833        6.4720023 
    -0.017783295       6.55853713 
     -0.01770826       6.64598453 
    -0.017633225        6.7343445 
     -0.01755819       6.82369123 
    -0.017483155       6.91450883 
     -0.01740812       7.00640321 
    -0.017333085       7.09937436 
     -0.01725805        7.1934223 
    -0.017183015       7.28854701 
     -0.01710798       7.38474851 
    -0.017032945       7.48202678 
     -0.01695791       7.56776641 
    -0.016882875       7.66838802 
     -0.01680784        7.7704792 
    -0.016732805       7.87403993 
     -0.01665777       7.97907023 
    -0.016582735       8.08557009 
      -0.0165077       8.19353951 
    -0.016432665       8.30297849 
     -0.01635763       8.42605253 
    -0.016282595       8.53799433 
     -0.01620756       8.65122275 
    -0.016132525       8.76573779 
     -0.01605749       8.88153947 
    -0.015982455       8.99862777 
     -0.01590742        9.1170027 
    -0.015832385       9.23666425 
     -0.01575735       9.36187177 
    -0.015682315       9.48315315 
     -0.01560728       9.60558048 
    -0.015532245       9.72915375 
     -0.01545721       9.85014017 
    -0.015382175       9.97697309 
     -0.01530714       10.1055339 
    -0.015232105       10.2358226 
     -0.01515707       10.3770534 
    -0.015082035       10.5101329 
       -0.015007       10.6446741 
    -0.014931965       10.7806772 
     -0.01485693       10.9203901 
    -0.014781895        11.059112 
     -0.01470686       11.1992467 
    -0.014631825       11.3407944 
     -0.01455679       11.4847222 
    -0.014481755       11.6291144 
     -0.01440672       11.7749389 
    -0.014331685       11.9221956 
     -0.01425665       12.0715285 
    -0.014181615       12.2216763 
     -0.01410658       12.3732717 
    -0.014031545       12.5263147 
     -0.01395651       12.6812422 
    -0.013881475       12.8372019 
     -0.01380644       12.9946177 
    -0.013731405       13.1534896 
     -0.01365637       13.3140778 
    -0.013581335       13.4758757 
      -0.0135063       13.6391311 
    -0.013431265       13.8038441 
     -0.01335623       13.9701142 
    -0.013281195       14.1377469 
     -0.01320616       14.3068312 
    -0.013131125       14.4773671 
     -0.01305609       14.6493011 
    -0.012981055       14.8227344 
     -0.01290602       14.9976057 
    -0.012830985       15.1739151 
     -0.01275595       15.3514569 
    -0.012680915       15.5306244 
     -0.01260588       15.7112082 
    -0.012530845       15.8928494 
     -0.01245581       16.0762644 
    -0.012380775       16.2610653 
     -0.01230574       16.4472521 
    -0.012230705       16.6343133 
     -0.01215567       16.8232642 
    -0.012080635       17.0135613 
      -0.0120056       17.2052048 
    -0.011930565       17.3975267 
     -0.01185553       17.5918475 
    -0.011780495       17.7874655 
     -0.01170546       17.9843806 
    -0.011630425       18.1817649 
     -0.01155539       18.3812503 
    -0.011480355       18.5819737 
     -0.01140532       18.7839351 
    -0.011330285       18.9861432 
     -0.01125525       19.1905467 
    -0.011180215       19.3961188 
     -0.01110518       19.6028595 
    -0.011030145       19.8096121 
     -0.01095511       20.0186449 
    -0.010880075       20.2287666 
     -0.01080504       20.4399771 
    -0.010730005       20.6509534 
     -0.01065497       20.8642839 
    -0.010579935        21.078613 
      -0.0105049       21.2939407 
    -0.010429865       21.5087782 
     -0.01035483       21.7260318 
    -0.010279795       21.9441832 
     -0.01020476       22.1632325 
    -0.010129725       22.3815276 
     -0.01005469       22.6022868 
    -0.009979655       22.8238327 
     -0.00990462       23.0461655 
    -0.009829585       23.2674742 
     -0.00975455       23.4912795 
    -0.009679515       23.7157506 
     -0.00960448       23.9408875 
    -0.009529445       24.1647268 
     -0.00945441       24.3910783 
    -0.009379375       24.6179652 
     -0.00930434       24.8453874 
    -0.009229305       25.0712374 
     -0.00915427       25.2995968 
    -0.009079235       25.5283523 
      -0.0090042       25.7575037 
    -0.008929165       25.9848102 
     -0.00885413       26.2146037 
    -0.008779095       26.4446456 
     -0.00870406       26.6749361 
    -0.008629025       26.9031138 
     -0.00855399       27.1337351 
    -0.008478955       27.3644503 
     -0.00840392       27.5952593 
    -0.008328885       27.8236962 
     -0.00825385       28.0545109 
    -0.008178815       28.2852587 
     -0.00810378       28.5159396 
    -0.008028745       28.7440026 
     -0.00795371       28.9743528 
    -0.007878675       29.2044706 
     -0.00780364       29.4343561 
    -0.007728605       29.6613982 
     -0.00765357       29.8906084 
    -0.007578535       30.1194177 
      -0.0075035       30.3478261 
    -0.007428465       30.5731978 
     -0.00735343       30.8005823 
    -0.007278395       31.0273962 
     -0.00720336       31.2536397 
    -0.007128325       31.4767081 
     -0.00705329       31.7015802 
    -0.006978255       31.9257143 
     -0.00690322       32.1491104 
    -0.006828185       32.3692938 
     -0.00675315       32.5909808 
    -0.006678115       32.8117695 
     -0.00660308         33.03166 
    -0.006528045       33.2484865 
     -0.00645301       33.4663552 
    -0.006377975       33.6831825 
     -0.00630294       33.8989683 
    -0.006227905       34.1121589 
     -0.00615287       34.3256689 
    -0.006077835       34.5380335 
      -0.0060028       34.7488407 
    -0.005927765       34.9588203 
     -0.00585273       35.1676494 
    -0.005777695       35.3753282 
     -0.00570266       35.5805594 
    -0.005627625        35.785985 
     -0.00555259       35.9902256 
    -0.005477555        36.193281 
     -0.00540252       36.4038501 
    -0.005327485       36.6052529 
     -0.00525245       36.8029921 
    -0.005177415       36.9970679 
     -0.00510238       37.1694281 
    -0.005027345       37.3565184 
     -0.00495231       37.5411634 
    -0.004877275       37.7233632 
     -0.00480224       37.9031177 
    -0.004727205       38.0804269 
     -0.00465217       38.2552909 
    -0.004577135       38.4277096 
      -0.0045021       38.5717003 
    -0.004427065       38.7412865 
     -0.00435203        38.909577 
    -0.004276995       39.0765719 
     -0.00420196        39.242271 
    -0.004126925       39.4066745 
     -0.00405189       39.5697823 
    -0.003976855       39.7315944 
     -0.00390182       39.9240366 
    -0.003826785       40.0831184 
     -0.00375175       40.2384741 
    -0.003676715       40.3901037 
     -0.00360168       40.5380073 
    -0.003526645       40.6821848 
     -0.00345161       40.8226363 
    -0.003376575       40.9593617 
     -0.00330154       41.1231779 
    -0.003226505       41.2541729 
     -0.00315147       41.3815869 
    -0.003076435       41.5054201 
      -0.0030014       41.6256724 
    -0.002926365       41.7423438 
     -0.00285133       41.8554343 
    -0.002776295       41.9649439 
     -0.00270126       42.0708727 
    -0.002626225       42.1732205 
     -0.00255119       42.2719875 
    -0.002476155       42.3671736 
     -0.00240112       42.4587788 
    -0.002326085       42.5468032 
     -0.00225105       42.6312466 
    -0.002176015       42.7103146 
     -0.00210098       42.7927811 
    -0.002025945       42.8723539 
     -0.00195091       42.9490332 
    -0.001875875        43.022819 
     -0.00180084       43.0937112 
    -0.001725805       43.1617098 
     -0.00165077       43.2268149 
    -0.001575735       43.2890265 
      -0.0015007       43.3483444 
    -0.001425665       43.4047688 
     -0.00135063       43.4582997 
    -0.001275595        43.508937 
     -0.00120056       43.5566807 
    -0.001125525       43.6015308 
     -0.00105049        43.700521 
    -0.000975455       43.7467086 
     -0.00090042       43.7894748 
    -0.000825385       43.8288198 
     -0.00075035       43.8647435 
    -0.000675315       43.8972458 
     -0.00060028       43.9263269 
    -0.000525245       43.9519866 
     -0.00045021       43.9742251 
    -0.000375175       43.9930422 
     -0.00030014       44.0084381 
    -0.000225105       44.0204126 
     -0.00015007       44.0289659 
     -7.5035e-05       44.0340978 
               0       44.0358085 
      7.5035e-05       44.0340978 
      0.00015007       44.0289659 
     0.000225105       44.0204126 
      0.00030014       44.0084381 
     0.000375175       43.9930422 
      0.00045021       43.9742251 
     0.000525245       43.9519866 
      0.00060028       43.9263269 
     0.000675315       43.8972458 
      0.00075035       43.8647435 
     0.000825385       43.8288198 
      0.00090042       43.7894748 
     0.000975455       43.7467086 
      0.00105049        43.700521 
     0.001125525       43.6015308 
      0.00120056       43.5566807 
     0.001275595        43.508937 
      0.00135063       43.4582997 
     0.001425665       43.4047688 
       0.0015007       43.3483444 
     0.001575735       43.2890265 
      0.00165077       43.2268149 
     0.001725805       43.1617098 
      0.00180084       43.0937112 
     0.001875875        43.022819 
      0.00195091       42.9490332 
     0.002025945       42.8723539 
      0.00210098       42.7927811 
     0.002176015       42.7103146 
      0.00225105       42.6312466 
     0.002326085       42.5468032 
      0.00240112       42.4587788 
     0.002476155       42.3671736 
      0.00255119       42.2719875 
     0.002626225       42.1732205 
      0.00270126       42.0708727 
     0.002776295       41.9649439 
      0.00285133       41.8554343 
     0.002926365       41.7423438 
       0.0030014       41.6256724 
     0.003076435       41.5054201 
      0.00315147       41.3815869 
     0.003226505       41.2541729 
      0.00330154       41.1231779 
     0.003376575       40.9593617 
      0.00345161       40.8226363 
     0.003526645       40.6821848 
      0.00360168       40.5380073 
     0.003676715       40.3901037 
      0.00375175       40.2384741 
     0.003826785       40.0831184 
      0.00390182       39.9240366 
     0.003976855       39.7315944 
      0.00405189       39.5697823 
     0.004126925       39.4066745 
      0.00420196        39.242271 
     0.004276995       39.0765719 
      0.00435203        38.909577 
     0.004427065       38.7412865 
       0.0045021       38.5717003 
     0.004577135       38.4277096 
      0.00465217       38.2552909 
     0.004727205       38.0804269 
      0.00480224       37.9031177 
     0.004877275       37.7233632 
      0.00495231       37.5411634 
     0.005027345       37.3565184 
      0.00510238       37.1694281 
     0.005177415       36.9970679 
      0.00525245       36.8029921 
     0.005327485       36.6052529 
      0.00540252       36.4038501 
     0.005477555        36.193281 
      0.00555259       35.9902256 
     0.005627625        35.785985 
      0.00570266       35.5805594 
     0.005777695       35.3753282 
      0.00585273       35.1676494 
     0.005927765       34.9588203 
       0.0060028       34.7488407 
     0.006077835       34.5380335 
      0.00615287       34.3256689 
     0.006227905       34.1121589 
      0.00630294       33.8989683 
     0.006377975       33.6831825 
      0.00645301       33.4663552 
     0.006528045       33.2484865 
      0.00660308         33.03166 
     0.006678115       32.8117695 
      0.00675315       32.5909808 
     0.006828185       32.3692938 
      0.00690322       32.1491104 
     0.006978255       31.9257143 
      0.00705329       31.7015802 
     0.007128325       31.4767081 
      0.00720336       31.2536397 
     0.007278395       31.0273962 
      0.00735343       30.8005823 
     0.007428465       30.5731978 
       0.0075035       30.3478261 
     0.007578535       30.1194177 
      0.00765357       29.8906084 
     0.007728605       29.6613982 
      0.00780364       29.4343561 
     0.007878675       29.2044706 
      0.00795371       28.9743528 
     0.008028745       28.7440026 
      0.00810378       28.5159396 
     0.008178815       28.2852587 
      0.00825385       28.0545109 
     0.008328885       27.8236962 
      0.00840392       27.5952593 
     0.008478955       27.3644503 
      0.00855399       27.1337351 
     0.008629025       26.9031138 
      0.00870406       26.6749361 
     0.008779095       26.4446456 
      0.00885413       26.2146037 
     0.008929165       25.9848102 
       0.0090042       25.7575037 
     0.009079235       25.5283523 
      0.00915427       25.2995968 
     0.009229305       25.0712374 
      0.00930434       24.8453874 
     0.009379375       24.6179652 
      0.00945441       24.3910783 
     0.009529445       24.1647268 
      0.00960448       23.9408875 
     0.009679515       23.7157506 
      0.00975455       23.4912795 
     0.009829585       23.2674742 
      0.00990462       23.0461655 
     0.009979655       22.8238327 
      0.01005469       22.6022868 
     0.010129725       22.3815276 
      0.01020476       22.1632325 
     0.010279795       21.9441832 
      0.01035483       21.7260318 
     0.010429865       21.5087782 
       0.0105049       21.2939407 
     0.010579935        21.078613 
      0.01065497       20.8642839 
     0.010730005       20.6509534 
      0.01080504       20.4399771 
     0.010880075       20.2287666 
      0.01095511       20.0186449 
     0.011030145       19.8096121 
      0.01110518       19.6028595 
     0.011180215       19.3961188 
      0.01125525       19.1905467 
     0.011330285       18.9861432 
      0.01140532       18.7839351 
     0.011480355       18.5819737 
      0.01155539       18.3812503 
     0.011630425       18.1817649 
      0.01170546       17.9843806 
     0.011780495       17.7874655 
      0.01185553       17.5918475 
     0.011930565       17.3975267 
       0.0120056       17.2052048 
     0.012080635       17.0135613 
      0.01215567       16.8232642 
     0.012230705       16.6343133 
      0.01230574       16.4472521 
     0.012380775       16.2610653 
      0.01245581       16.0762644 
     0.012530845       15.8928494 
      0.01260588       15.7112082 
     0.012680915       15.5306244 
      0.01275595       15.3514569 
     0.012830985       15.1739151 
      0.01290602       14.9976057 
     0.012981055       14.8227344 
      0.01305609       14.6493011 
     0.013131125       14.4773671 
      0.01320616       14.3068312 
     0.013281195       14.1377469 
      0.01335623       13.9701142 
     0.013431265       13.8038441 
       0.0135063       13.6391311 
     0.013581335       13.4758757 
      0.01365637       13.3140778 
     0.013731405       13.1534896 
      0.01380644       12.9946177 
     0.013881475       12.8372019 
      0.01395651       12.6812422 
     0.014031545       12.5263147 
      0.01410658       12.3732717 
     0.014181615       12.2216763 
      0.01425665       12.0715285 
     0.014331685       11.9221956 
      0.01440672       11.7749389 
     0.014481755       11.6291144 
      0.01455679       11.4847222 
     0.014631825       11.3407944 
      0.01470686       11.1992467 
     0.014781895        11.059112 
      0.01485693       10.9203901 
     0.014931965       10.7806772 
        0.015007       10.6446741 
     0.015082035       10.5101329 
      0.01515707       10.3770534 
     0.015232105       10.2358226 
      0.01530714       10.1055339 
     0.015382175       9.97697309 
      0.01545721       9.85014017 
     0.015532245       9.72915375 
      0.01560728       9.60558048 
     0.015682315       9.48315315 
      0.01575735       9.36187177 
     0.015832385       9.23666425 
      0.01590742        9.1170027 
     0.015982455       8.99862777 
      0.01605749       8.88153947 
     0.016132525       8.76573779 
      0.01620756       8.65122275 
     0.016282595       8.53799433 
      0.01635763       8.42605253 
     0.016432665       8.30297849 
       0.0165077       8.19353951 
     0.016582735       8.08557009 
      0.01665777       7.97907023 
     0.016732805       7.87403993 
      0.01680784        7.7704792 
     0.016882875       7.66838802 
      0.01695791       7.56776641 
     0.017032945       7.48202678 
      0.01710798       7.38474851 
     0.017183015       7.28854701 
      0.01725805        7.1934223 
     0.017333085       7.09937436 
      0.01740812       7.00640321 
     0.017483155       6.91450883 
      0.01755819       6.82369123 
     0.017633225        6.7343445 
      0.01770826       6.64598453 
     0.017783295       6.55853713 
      0.01785833        6.4720023 
     0.017933365       6.38638003 
       0.0180084       6.30167033 
     0.018083435       6.21787319 
      0.01815847       6.13498861 
     0.018233505        6.0530166 
      0.01830854       5.97195716 
     0.018383575       5.89181028 
      0.01845861       5.81257597 
     0.018533645       5.73425422 
      0.01860868       5.65684504 
     0.018683715       5.58034842 
      0.01875875       5.50932923 
     0.018833785        5.4347572 
      0.01890882       5.36104092 
     0.018983855       5.28818041 
      0.01905889       5.21617565 
     0.019133925       5.14502665 
      0.01920896       5.07473341 
     0.019283995       5.00529593 
      0.01935903        4.9367142 
     0.019434065       4.86898823 
       0.0195091       4.80211803 
     0.019584135       4.73610358 
      0.01965917       4.67094488 
     0.019734205       4.60664195 
      0.01980924        4.5536292 
     0.019884275       4.49109819 
      0.01995931       4.42932368 
     0.020034345       4.36830568 
      0.02010938       4.30804419 
     0.020184415       4.24853921 
      0.02025945       4.18979074 
     0.020334485       4.13179878 
      0.02040952       4.07456332 
     0.020484555       4.01808438 
      0.02055959       3.96236194 
     0.020634625       3.90739601 
      0.02070966        3.8531866 
     0.020784695       3.79973369 
      0.02085973       3.74703729 
     0.020934765       3.69845451 
       0.0210098       3.64719753 
     0.021084835       3.59657715 
      0.02115987       3.54659335 
     0.021234905       3.49724615 
      0.02130994       3.44853554 
     0.021384975       3.40046152 
      0.02146001       3.35302409 
     0.021535045       3.30622326 
      0.02161008       3.26005901 
     0.021685115       3.21453136 
      0.02176015        3.1696403 
     0.021835185       3.12538583 
      0.02191022       3.08176795 
     0.021985255       3.03878666 
      0.02206029       2.99827341 
     0.022135325       2.95646307 
      0.02221036        2.9151827 
     0.022285395       2.87443229 
      0.02236043       2.83421185 
     0.022435465       2.79452137 
       0.0225105       2.75536086 
     0.022585535       2.71673032 
      0.02266057       2.67862974 
     0.022735605       2.64105912 
      0.02281064       2.60401847 
     0.022885675       2.56750779 
      0.02296071       2.53152707 
     0.023035745       2.49607632 
      0.02311078       2.46115553 
     0.023185815       2.42811517 
      0.02326085       2.39414181 
     0.023335885       2.36060687 
      0.02341092       2.32751035 
     0.023485955       2.29485226 
      0.02356099        2.2626326 
     0.023636025       2.23085136 
      0.02371106       2.19950855 
     0.023786095       2.16860416 
      0.02386113       2.13813819 
     0.023936165       2.10811065 
       0.0240112       2.07852154 
     0.024086235       2.04937085 
      0.02416127       2.02065859 
     0.024236305       1.99344864 
      0.02431134       1.96557534 
     0.024386375       1.93806308 
      0.02446141       1.91091186 
     0.024536445       1.88412167 
      0.02461148       1.85769252 
     0.024686515        1.8316244 
      0.02476155       1.80591732 
     0.024836585       1.78057128 
      0.02491162       1.75558627 
     0.024986655        1.7309623 
      0.02506169       1.70669936 
     0.025136725       1.68279746 
      0.02521176       1.65925659 
     0.025286795       1.63607676 
      0.02536183       1.61410001 
     0.025436865       1.59159435 
       0.0255119       1.56938518 
     0.025586935        1.5474725 
      0.02566197        1.5258563 
     0.025737005       1.50453659 
      0.02581204       1.48351337 
     0.025887075       1.46278664 
      0.02596211       1.44235639 
     0.026037145       1.42222263 
      0.02611218       1.40238536 
     0.026187215       1.38284457 
      0.02626225       1.36360027 
     0.026337285       1.34465246 
      0.02641232       1.32600113 
     0.026487355       1.30831654 
      0.02656239       1.29020551 
     0.026637425        1.2723377 
      0.02671246       1.25471311 
     0.026787495       1.23733175 
      0.02686253       1.22019361 
     0.026937565       1.20329869 
       0.0270126         1.186647 
     0.027087635       1.17023853 
      0.02716267       1.15407328 
     0.027237705       1.13815126 
      0.02731274       1.12247246 
     0.027387775       1.10703688 
      0.02746281       1.09184453 
     0.027537845        1.0768954 
      0.02761288       1.06272288 
     0.027687915       1.04820657 
      0.02776295       1.03388993 
     0.027837985       1.01977298 
      0.02791302        1.0058557 
     0.027988055      0.992138097 
      0.02806309      0.978620173 
     0.028138125      0.965301925 
      0.02821316      0.952183355 
     0.028288195      0.939264462 
      0.02836323      0.926545246 
     0.028438265      0.914025707 
       0.0285133      0.901705846 
     0.028588335      0.889585662 
      0.02866337      0.878105516 
     0.028738405      0.866368124 
      0.02881344      0.854795127 
     0.028888475      0.843386525 
      0.02896351      0.832142319 
     0.029038545      0.821062508 
      0.02911358      0.810147092 
     0.029188615      0.799396071 
      0.02926365      0.788809447 
     0.029338685      0.778387217 
      0.02941372      0.768129383 
     0.029488755      0.758035944 
      0.02956379        0.7481069 
     0.029638825      0.738342252 
      0.02971386      0.728741999 
     0.029788895      0.719663135 
      0.02986393      0.710371807 
     0.029938965      0.701216576 
        0.030014      0.692197441 
     0.030089035      0.683314403 
      0.03016407      0.674567461 
     0.030239105      0.665956616 
      0.03031414      0.657481868 
     0.030389175      0.649143216 
      0.03046421      0.640940661 
     0.030539245      0.632874202 
      0.03061428       0.62494384 
     0.030689315      0.617149574 
      0.03076435      0.609491405 
     0.030839385      0.601969333 
      0.03091442      0.594875872 
     0.030989455      0.587605223 
      0.03106449       0.58044826 
     0.031139525      0.573404985 
      0.03121456      0.566475397 
     0.031289595      0.559659497 
      0.03136463      0.552957283 
     0.031439665      0.546368757 
       0.0315147      0.539893918 
     0.031589735      0.533532767 
      0.03166477      0.527285303 
     0.031739805      0.521151526 
      0.03181484      0.515131436 
     0.031889875      0.509225033 
      0.03196491      0.503432318 
     0.032039945      0.498004627 
      0.03211498      0.492419466 
     0.032190015      0.486930556 
      0.03226505      0.481537896 
     0.032340085      0.476241487 
      0.03241512      0.471041327 
     0.032490155      0.465937418 
      0.03256519      0.460929759 
     0.032640225      0.456018351 
      0.03271526      0.451203192 
     0.032790295      0.446484284 
      0.03286533      0.441861627 
     0.032940365      0.437335219 
       0.0330154      0.432905062 
     0.033090435      0.428822079 
      0.03316547      0.424580549 
     0.033240505      0.420421967 
      0.03331554      0.416346332 
     0.033390575      0.412353645 
      0.03346561      0.408443906 
     0.033540645      0.404617114 
      0.03361568       0.40087327 
     0.033690715      0.397212374 
      0.03376575      0.393634425 
     0.033840785      0.390139424 
      0.03391582      0.386727371 
     0.033990855      0.383398265 
      0.03406589      0.380152107 
     0.034140925      0.376988897 
      0.03421596      0.375201824 
     0.034290995      0.372239051 
      0.03436603      0.369344388 
     0.034441065      0.366517835 
       0.0345161      0.363759392 
     0.034591135      0.361069058 
      0.03466617      0.358446834 
     0.034741205       0.35589272 
      0.03481624      0.353406715 
     0.034891275       0.35098882 
      0.03496631      0.348639035 
     0.035041345       0.34635736 
      0.03511638      0.344143794 
     0.035191415      0.341998338 
      0.03526645      0.339920992 
     0.035341485      0.336944365 
      0.03541652      0.334999513 
     0.035491555      0.333122901 
      0.03556659       0.33131453 
     0.035641625      0.329574399 
      0.03571666      0.327902509 
     0.035791695      0.326298859 
      0.03586673      0.324763449 
     0.035941765       0.32329628 
       0.0360168      0.321897351 
     0.036091835      0.320566663 
      0.03616687      0.319304215 
     0.036241905      0.318110008 
      0.03631694      0.316984041 
     0.036391975      0.315926314 
      0.03646701       0.31440776 
     0.036542045      0.313438718 
      0.03661708      0.312541457 
     0.036692115      0.311715977 
      0.03676715      0.310962278 
     0.036842185      0.310280359 
      0.03691722      0.309670222 
     0.036992255      0.309131865 
      0.03706729       0.30866529 
     0.037142325      0.308270495 
      0.03721736      0.307947481 
     0.037292395      0.307696248 
      0.03736743      0.307516795 
     0.037442465      0.307409124 
       0.0375175      0.307373234 
