       -0.070512    0.00124189961 
    -0.070370976    0.00124242097 
    -0.070229952    0.00124398507 
    -0.070088928    0.00124659189 
    -0.069947904    0.00125024145 
     -0.06980688    0.00125493374 
    -0.069665856    0.00126066876 
    -0.069524832     0.0012674465 
    -0.069383808    0.00127526698 
    -0.069242784    0.00128647226 
     -0.06910176    0.00129583875 
    -0.068960736    0.00130619119 
    -0.068819712    0.00131752958 
    -0.068678688    0.00132985391 
    -0.068537664     0.0013431642 
     -0.06839664    0.00135746042 
    -0.068255616     0.0013727426 
    -0.068114592    0.00139410806 
    -0.067973568    0.00141134316 
    -0.067832544    0.00142956313 
     -0.06769152    0.00144876796 
    -0.067550496    0.00146895765 
    -0.067409472    0.00149013221 
    -0.067268448    0.00151229163 
    -0.067127424    0.00153543591 
      -0.0669864    0.00155956505 
    -0.066845376    0.00157849451 
    -0.066704352    0.00160537812 
    -0.066563328    0.00163349399 
    -0.066422304    0.00166284212 
     -0.06628128    0.00169342251 
    -0.066140256    0.00172523516 
    -0.065999232    0.00175828008 
    -0.065858208    0.00179255725 
    -0.065717184    0.00182671916 
     -0.06557616    0.00186372719 
    -0.065435136    0.00190219113 
    -0.065294112    0.00194211097 
    -0.065153088    0.00198348672 
    -0.065012064    0.00202631838 
     -0.06487104    0.00207060595 
    -0.064730016    0.00211634942 
    -0.064588992    0.00216205231 
    -0.064447968    0.00221093886 
    -0.064306944    0.00226157852 
     -0.06416592     0.0023139713 
    -0.064024896    0.00236811719 
    -0.063883872     0.0024240162 
    -0.063742848    0.00248166832 
    -0.063601824    0.00254107355 
      -0.0634608     0.0026022319 
    -0.063319776     0.0026635012 
    -0.063178752    0.00272870762 
    -0.063037728    0.00279605521 
    -0.062896704    0.00286554398 
     -0.06275568    0.00293717393 
    -0.062614656    0.00301094506 
    -0.062473632    0.00308685737 
    -0.062332608    0.00316491085 
    -0.062191584    0.00324294834 
     -0.06205056    0.00332579498 
    -0.061909536    0.00341128219 
    -0.061768512    0.00349940996 
    -0.061627488     0.0035901783 
    -0.061486464     0.0036835872 
     -0.06134544    0.00377963667 
    -0.061204416     0.0038783267 
    -0.061063392     0.0039768833 
    -0.060922368    0.00408127064 
    -0.060781344    0.00418893531 
     -0.06064032    0.00429987731 
    -0.060499296    0.00441409663 
    -0.060358272    0.00453159329 
    -0.060217248    0.00465236728 
    -0.060076224     0.0047764186 
      -0.0599352    0.00490374724 
    -0.059794176    0.00503111834 
    -0.059653152    0.00516604051 
    -0.059512128    0.00530504729 
    -0.059371104    0.00544813869 
     -0.05923008     0.0055953147 
    -0.059089056    0.00574657532 
    -0.058948032    0.00590192056 
    -0.058807008    0.00606135041 
    -0.058665984     0.0062205883 
     -0.05852496    0.00638912756 
    -0.058383936    0.00656277122 
    -0.058242912    0.00674151927 
    -0.058101888    0.00692537172 
    -0.057960864    0.00711432855 
     -0.05781984    0.00730838978 
    -0.057678816     0.0075075554 
    -0.057537792    0.00770635489 
    -0.057396768      0.007916447 
    -0.057255744    0.00813292877 
     -0.05711472    0.00835580022 
    -0.056973696    0.00858506133 
    -0.056832672    0.00882071212 
    -0.056691648    0.00906275258 
    -0.056550624    0.00931118271 
      -0.0564096     0.0095660025 
    -0.056268576    0.00982074673 
    -0.056127552     0.0100902803 
    -0.055986528     0.0103678211 
    -0.055845504     0.0106533692 
     -0.05570448     0.0109469244 
    -0.055563456     0.0112484869 
    -0.055422432     0.0115580566 
    -0.055281408     0.0118756336 
    -0.055140384     0.0121927403 
     -0.05499936     0.0125280285 
    -0.054858336     0.0128733578 
    -0.054717312     0.0132287281 
    -0.054576288     0.0135941395 
    -0.054435264     0.0139695919 
     -0.05429424     0.0143550854 
    -0.054153216       0.01475062 
    -0.054012192     0.0151454321 
    -0.053871168     0.0155622586 
    -0.053730144     0.0159916818 
     -0.05358912     0.0164337018 
    -0.053448096     0.0168883186 
    -0.053307072     0.0173555322 
    -0.053166048     0.0178353425 
    -0.053025024     0.0183277496 
       -0.052884     0.0188327534 
    -0.052742976     0.0193374675 
    -0.052601952      0.019871238 
    -0.052460928     0.0204208154 
    -0.052319904     0.0209861997 
     -0.05217888     0.0215673909 
    -0.052037856      0.022164389 
    -0.051896832     0.0227771941 
    -0.051755808     0.0234058061 
    -0.051614784     0.0240334462 
     -0.05147376     0.0246967084 
    -0.051332736     0.0253798085 
    -0.051191712     0.0260827465 
    -0.051050688     0.0268055225 
    -0.050909664     0.0275481365 
     -0.05076864     0.0283105884 
    -0.050627616     0.0290928783 
    -0.050486592     0.0298950061 
    -0.050345568     0.0306977966 
    -0.050204544     0.0315466542 
     -0.05006352     0.0324204103 
    -0.049922496      0.033319065 
    -0.049781472     0.0342426184 
    -0.049640448     0.0351910703 
    -0.049499424     0.0361644208 
      -0.0493584     0.0371626698 
    -0.049217376     0.0381601469 
    -0.049076352     0.0392147667 
    -0.048935328      0.040300637 
    -0.048794304     0.0414177578 
     -0.04865328     0.0425661291 
    -0.048512256      0.043745751 
    -0.048371232     0.0449566233 
    -0.048230208     0.0461987462 
    -0.048089184     0.0474389089 
     -0.04794816     0.0487489233 
    -0.047807136     0.0500981591 
    -0.047666112     0.0514866166 
    -0.047525088     0.0529142957 
    -0.047384064     0.0543811963 
     -0.04724304     0.0558873186 
    -0.047102016     0.0574326624 
    -0.046960992     0.0590172278 
    -0.046819968     0.0606025463 
    -0.046678944     0.0622787347 
     -0.04653792     0.0640041452 
    -0.046396896     0.0657787778 
    -0.046255872     0.0676026325 
    -0.046114848     0.0694757093 
    -0.045973824     0.0713980082 
      -0.0458328     0.0733695293 
    -0.045691776     0.0753391423 
    -0.045550752     0.0774211471 
    -0.045409728      0.079564917 
    -0.045268704     0.0817704519 
     -0.04512768     0.0840377519 
    -0.044986656     0.0863668169 
    -0.044845632      0.088757647 
    -0.044704608     0.0912102421 
    -0.044563584     0.0936588707 
     -0.04442256     0.0962444642 
    -0.044281536     0.0989075485 
    -0.044140512      0.101648124 
    -0.043999488      0.104466189 
    -0.043858464      0.107361746 
     -0.04371744      0.110334793 
    -0.043576416      0.113385331 
    -0.043435392       0.11651336 
    -0.043294368      0.119641767 
    -0.043153344      0.122949303 
     -0.04301232      0.126354035 
    -0.042871296      0.129855964 
    -0.042730272       0.13345509 
    -0.042589248      0.137151412 
    -0.042448224      0.140944931 
      -0.0423072      0.144835647 
    -0.042166176      0.148721814 
    -0.042025152      0.152828819 
    -0.041884128      0.157057697 
    -0.041743104      0.161408449 
     -0.04160208      0.165881074 
    -0.041461056      0.170475572 
    -0.041320032      0.175191943 
    -0.041179008      0.180030188 
    -0.041037984      0.184860374 
     -0.04089696      0.189958738 
    -0.040755936      0.195209847 
    -0.040614912      0.200613703 
    -0.040473888      0.206170304 
    -0.040332864      0.211879651 
     -0.04019184      0.217741744 
    -0.040050816      0.223756582 
    -0.039909792      0.229924166 
    -0.039768768      0.236090304 
    -0.039627744      0.242608653 
     -0.03948672      0.249318324 
    -0.039345696      0.256219315 
    -0.039204672      0.263311628 
    -0.039063648      0.270595262 
    -0.038922624      0.278070217 
      -0.0387816      0.285736494 
    -0.038640576        0.2933923 
    -0.038499552      0.301480544 
    -0.038358528      0.309808228 
    -0.038217504       0.31837535 
     -0.03807648      0.327181911 
    -0.037935456      0.336227912 
    -0.037794432      0.345513352 
    -0.037653408       0.35503823 
    -0.037512384      0.364546874 
     -0.03737136      0.374578253 
    -0.037230336      0.384908954 
    -0.037089312      0.395538975 
    -0.036948288      0.406468316 
    -0.036807264      0.417696979 
     -0.03666624      0.429224962 
    -0.036525216      0.441052266 
    -0.036384192      0.453178891 
    -0.036243168      0.465298644 
    -0.036102144      0.478106052 
     -0.03596112      0.491287067 
    -0.035820096      0.504841689 
    -0.035679072      0.518769917 
    -0.035538048      0.533071752 
    -0.035397024      0.547747194 
       -0.035256      0.562796243 
    -0.035114976      0.577822502 
    -0.034973952      0.593687655 
    -0.034832928      0.610018173 
    -0.034691904      0.626814056 
     -0.03455088      0.644075305 
    -0.034409856      0.661801919 
    -0.034268832      0.679993897 
    -0.034127808      0.698651241 
    -0.033986784       0.71777395 
     -0.03384576      0.736910091 
    -0.033704736      0.757120887 
    -0.033563712      0.777909724 
    -0.033422688      0.799276601 
    -0.033281664      0.821221519 
     -0.03314064      0.843744479 
    -0.032999616      0.866845478 
    -0.032858592      0.890524519 
    -0.032717568        0.9141849 
    -0.032576544      0.939163211 
     -0.03243552      0.964856815 
    -0.032294496      0.991265714 
    -0.032153472       1.01838991 
    -0.032012448       1.04622939 
    -0.031871424       1.07478417 
      -0.0317304       1.10405425 
    -0.031589376       1.13328095 
    -0.031448352       1.16409591 
    -0.031307328       1.19579153 
    -0.031166304        1.2283678 
     -0.03102528       1.26182473 
    -0.030884256       1.29616231 
    -0.030743232       1.33138054 
    -0.030602208       1.36747943 
    -0.030461184       1.40445898 
     -0.03032016       1.44145467 
    -0.030179136       1.48045865 
    -0.030038112       1.52053952 
    -0.029897088       1.56169727 
    -0.029756064       1.60393192 
     -0.02961504       1.64724345 
    -0.029474016       1.69163187 
    -0.029332992       1.73709718 
    -0.029191968       1.78253268 
    -0.029050944        1.8303782 
     -0.02890992       1.87952866 
    -0.028768896       1.92998405 
    -0.028627872       1.98174438 
    -0.028486848       2.03480963 
    -0.028345824       2.08917981 
      -0.0282048       2.14485493 
    -0.028063776       2.20047611 
    -0.027922752       2.25892804 
    -0.027781728       2.31894224 
    -0.027640704       2.38051873 
     -0.02749968        2.4436575 
    -0.027358656       2.50835855 
    -0.027217632       2.57462189 
    -0.027076608       2.64244751 
    -0.026935584       2.71183541 
     -0.02679456       2.78126323 
    -0.026653536       2.85414059 
    -0.026512512       2.92885874 
    -0.026371488       3.00541766 
    -0.026230464       3.08381736 
     -0.02608944       3.16405785 
    -0.025948416       3.24613911 
    -0.025807392       3.33006115 
    -0.025666368       3.41396129 
    -0.025525344         3.501843 
     -0.02538432       3.59184877 
    -0.025243296       3.68397859 
    -0.025102272       3.77823247 
    -0.024961248        3.8746104 
    -0.024820224       3.97311238 
      -0.0246792       4.07373842 
    -0.024538176       4.17423939 
    -0.024397152       4.27928952 
    -0.024256128       4.38672531 
    -0.024115104       4.49654676 
     -0.02397408       4.60875387 
    -0.023833056       4.72334664 
    -0.023692032       4.84032507 
    -0.023551008       4.95968916 
    -0.023409984       5.08143892 
     -0.02326896       5.20190555 
    -0.023127936       5.32871643 
    -0.022986912       5.45810887 
    -0.022845888       5.59008285 
    -0.022704864       5.72463839 
     -0.02256384       5.86177548 
    -0.022422816       6.00149412 
    -0.022281792       6.14379431 
    -0.022140768       6.28054572 
    -0.021999744       6.42818141 
     -0.02185872       6.57839741 
    -0.021717696       6.73119372 
    -0.021576672       6.88657035 
    -0.021435648       7.04452729 
    -0.021294624       7.20506454 
      -0.0211536       7.36818211 
    -0.021012576       7.52167992 
    -0.020871552       7.69023346 
    -0.020730528       7.86132511 
    -0.020589504       8.03495487 
     -0.02044848       8.21112275 
    -0.020307456       8.38982874 
    -0.020166432       8.57107285 
    -0.020025408       8.75485508 
    -0.019884384       8.94117541 
     -0.01974336        9.1356965 
    -0.019602336       9.32590032 
    -0.019461312        9.5184456 
    -0.019320288       9.71333235 
    -0.019179264       9.89274327 
     -0.01903824       10.0941335 
    -0.018897216       10.2989156 
    -0.018756192       10.5070894 
    -0.018615168       10.7315896 
    -0.018474144       10.9452537 
     -0.01833312       11.1613646 
    -0.018192096       11.3799225 
    -0.018051072       11.6009272 
    -0.017910048       11.8279313 
    -0.017769024       12.0493352 
       -0.017628       12.2665938 
    -0.017486976       12.4929124 
    -0.017345952       12.7292536 
    -0.017204928       12.9592323 
    -0.017063904       13.1921178 
     -0.01692288       13.4247813 
    -0.016781856       13.6586401 
    -0.016640832       13.8936739 
    -0.016499808       14.1293723 
    -0.016358784       14.3664198 
     -0.01621776        14.603763 
    -0.016076736       14.8424376 
    -0.015935712       15.0810899 
    -0.015794688       15.3209844 
    -0.015653664       15.5605712 
     -0.01551264       15.8012655 
    -0.015371616       16.0413942 
    -0.015230592       16.2824628 
    -0.015089568       16.5227378 
    -0.014948544        16.763756 
     -0.01480752       17.0045871 
    -0.014666496       17.2443487 
    -0.014525472        17.484507 
    -0.014384448       17.7235062 
    -0.014243424       17.9626187 
      -0.0141024       18.2006173 
    -0.013961376       18.4383729 
    -0.013820352       18.6752931 
    -0.013679328       18.9115048 
    -0.013538304       19.1475369 
     -0.01339728       19.3822882 
    -0.013256256       19.6167313 
    -0.013115232       19.8504652 
    -0.012974208       20.0896054 
    -0.012833184       20.3203696 
     -0.01269216       20.5376257 
    -0.012551136       20.7581905 
    -0.012410112       20.9763014 
    -0.012269088       21.1919583 
    -0.012128064        21.394395 
     -0.01198704       21.6082571 
    -0.011846016       21.8224438 
    -0.011704992       22.0369552 
    -0.011563968       22.2517913 
    -0.011422944        22.492234 
     -0.01128192       22.7026816 
    -0.011140896       22.9077868 
    -0.010999872       23.1075495 
    -0.010858848       23.3203718 
    -0.010717824       23.5105007 
      -0.0105768       23.6963073 
    -0.010435776       23.8777914 
    -0.010294752       24.0549531 
    -0.010153728       24.2277925 
    -0.010012704       24.3963094 
     -0.00987168        24.560504 
    -0.009730656       24.7203761 
    -0.009589632       24.7646883 
    -0.009448608        24.924327 
    -0.009307584       25.0824634 
     -0.00916656       25.2390975 
    -0.009025536       25.3942293 
    -0.008884512       25.5478587 
    -0.008743488       25.6999859 
    -0.008602464       25.8506107 
     -0.00846144       26.0564245 
    -0.008320416       26.2011961 
    -0.008179392       26.3430687 
    -0.008038368       26.4820422 
    -0.007897344       26.6181165 
     -0.00775632       26.7512918 
    -0.007615296        26.881568 
    -0.007474272        27.008945 
    -0.007333248        27.133423 
    -0.007192224       27.2493735 
      -0.0070512       27.3676581 
    -0.006910176       27.4831367 
    -0.006769152       27.5958091 
    -0.006628128       27.7056754 
    -0.006487104       27.8127356 
     -0.00634608       27.9169897 
    -0.006205056       28.0184377 
    -0.006064032       28.1209179 
    -0.005923008       28.2169299 
    -0.005781984       28.3103507 
     -0.00564096       28.4011803 
    -0.005499936       28.4894188 
    -0.005358912        28.575066 
    -0.005217888       28.6581221 
    -0.005076864        28.738587 
     -0.00493584       28.8164608 
    -0.004794816       28.8920639 
    -0.004653792       28.9649691 
    -0.004512768       29.0354753 
    -0.004371744       29.1035826 
     -0.00423072       29.1692911 
    -0.004089696       29.2326006 
    -0.003948672       29.2935112 
    -0.003807648       29.3520228 
    -0.003666624       29.4081356 
      -0.0035256       29.4621327 
    -0.003384576       29.5137157 
    -0.003243552       29.5630762 
    -0.003102528        29.610214 
    -0.002961504       29.6551294 
     -0.00282048       29.6978222 
    -0.002679456       29.7382924 
    -0.002538432       29.7765401 
    -0.002397408       29.8199131 
    -0.002256384        29.853915 
     -0.00211536       29.8858561 
    -0.001974336       29.9157366 
    -0.001833312       29.9435563 
    -0.001692288       29.9693153 
    -0.001551264       29.9930136 
     -0.00141024       30.0146512 
    -0.001269216        30.034228 
    -0.001128192       30.0584852 
    -0.000987168       30.0746778 
    -0.000846144       30.0887114 
     -0.00070512        30.100586 
    -0.000564096       30.1103016 
    -0.000423072       30.1178582 
    -0.000282048       30.1232557 
    -0.000141024       30.1264943 
               0       30.1275738 
     0.000141024       30.1264943 
     0.000282048       30.1232557 
     0.000423072       30.1178582 
     0.000564096       30.1103016 
      0.00070512        30.100586 
     0.000846144       30.0887114 
     0.000987168       30.0746778 
     0.001128192       30.0584852 
     0.001269216        30.034228 
      0.00141024       30.0146512 
     0.001551264       29.9930136 
     0.001692288       29.9693153 
     0.001833312       29.9435563 
     0.001974336       29.9157366 
      0.00211536       29.8858561 
     0.002256384        29.853915 
     0.002397408       29.8199131 
     0.002538432       29.7765401 
     0.002679456       29.7382924 
      0.00282048       29.6978222 
     0.002961504       29.6551294 
     0.003102528        29.610214 
     0.003243552       29.5630762 
     0.003384576       29.5137157 
       0.0035256       29.4621327 
     0.003666624       29.4081356 
     0.003807648       29.3520228 
     0.003948672       29.2935112 
     0.004089696       29.2326006 
      0.00423072       29.1692911 
     0.004371744       29.1035826 
     0.004512768       29.0354753 
     0.004653792       28.9649691 
     0.004794816       28.8920639 
      0.00493584       28.8164608 
     0.005076864        28.738587 
     0.005217888       28.6581221 
     0.005358912        28.575066 
     0.005499936       28.4894188 
      0.00564096       28.4011803 
     0.005781984       28.3103507 
     0.005923008       28.2169299 
     0.006064032       28.1209179 
     0.006205056       28.0184377 
      0.00634608       27.9169897 
     0.006487104       27.8127356 
     0.006628128       27.7056754 
     0.006769152       27.5958091 
     0.006910176       27.4831367 
       0.0070512       27.3676581 
     0.007192224       27.2493735 
     0.007333248        27.133423 
     0.007474272        27.008945 
     0.007615296        26.881568 
      0.00775632       26.7512918 
     0.007897344       26.6181165 
     0.008038368       26.4820422 
     0.008179392       26.3430687 
     0.008320416       26.2011961 
      0.00846144       26.0564245 
     0.008602464       25.8506107 
     0.008743488       25.6999859 
     0.008884512       25.5478587 
     0.009025536       25.3942293 
      0.00916656       25.2390975 
     0.009307584       25.0824634 
     0.009448608        24.924327 
     0.009589632       24.7646883 
     0.009730656       24.7203761 
      0.00987168        24.560504 
     0.010012704       24.3963094 
     0.010153728       24.2277925 
     0.010294752       24.0549531 
     0.010435776       23.8777914 
       0.0105768       23.6963073 
     0.010717824       23.5105007 
     0.010858848       23.3203718 
     0.010999872       23.1075495 
     0.011140896       22.9077868 
      0.01128192       22.7026816 
     0.011422944        22.492234 
     0.011563968       22.2517913 
     0.011704992       22.0369552 
     0.011846016       21.8224438 
      0.01198704       21.6082571 
     0.012128064        21.394395 
     0.012269088       21.1919583 
     0.012410112       20.9763014 
     0.012551136       20.7581905 
      0.01269216       20.5376257 
     0.012833184       20.3203696 
     0.012974208       20.0896054 
     0.013115232       19.8504652 
     0.013256256       19.6167313 
      0.01339728       19.3822882 
     0.013538304       19.1475369 
     0.013679328       18.9115048 
     0.013820352       18.6752931 
     0.013961376       18.4383729 
       0.0141024       18.2006173 
     0.014243424       17.9626187 
     0.014384448       17.7235062 
     0.014525472        17.484507 
     0.014666496       17.2443487 
      0.01480752       17.0045871 
     0.014948544        16.763756 
     0.015089568       16.5227378 
     0.015230592       16.2824628 
     0.015371616       16.0413942 
      0.01551264       15.8012655 
     0.015653664       15.5605712 
     0.015794688       15.3209844 
     0.015935712       15.0810899 
     0.016076736       14.8424376 
      0.01621776        14.603763 
     0.016358784       14.3664198 
     0.016499808       14.1293723 
     0.016640832       13.8936739 
     0.016781856       13.6586401 
      0.01692288       13.4247813 
     0.017063904       13.1921178 
     0.017204928       12.9592323 
     0.017345952       12.7292536 
     0.017486976       12.4929124 
        0.017628       12.2665938 
     0.017769024       12.0493352 
     0.017910048       11.8279313 
     0.018051072       11.6009272 
     0.018192096       11.3799225 
      0.01833312       11.1613646 
     0.018474144       10.9452537 
     0.018615168       10.7315896 
     0.018756192       10.5070894 
     0.018897216       10.2989156 
      0.01903824       10.0941335 
     0.019179264       9.89274327 
     0.019320288       9.71333235 
     0.019461312        9.5184456 
     0.019602336       9.32590032 
      0.01974336        9.1356965 
     0.019884384       8.94117541 
     0.020025408       8.75485508 
     0.020166432       8.57107285 
     0.020307456       8.38982874 
      0.02044848       8.21112275 
     0.020589504       8.03495487 
     0.020730528       7.86132511 
     0.020871552       7.69023346 
     0.021012576       7.52167992 
       0.0211536       7.36818211 
     0.021294624       7.20506454 
     0.021435648       7.04452729 
     0.021576672       6.88657035 
     0.021717696       6.73119372 
      0.02185872       6.57839741 
     0.021999744       6.42818141 
     0.022140768       6.28054572 
     0.022281792       6.14379431 
     0.022422816       6.00149412 
      0.02256384       5.86177548 
     0.022704864       5.72463839 
     0.022845888       5.59008285 
     0.022986912       5.45810887 
     0.023127936       5.32871643 
      0.02326896       5.20190555 
     0.023409984       5.08143892 
     0.023551008       4.95968916 
     0.023692032       4.84032507 
     0.023833056       4.72334664 
      0.02397408       4.60875387 
     0.024115104       4.49654676 
     0.024256128       4.38672531 
     0.024397152       4.27928952 
     0.024538176       4.17423939 
       0.0246792       4.07373842 
     0.024820224       3.97311238 
     0.024961248        3.8746104 
     0.025102272       3.77823247 
     0.025243296       3.68397859 
      0.02538432       3.59184877 
     0.025525344         3.501843 
     0.025666368       3.41396129 
     0.025807392       3.33006115 
     0.025948416       3.24613911 
      0.02608944       3.16405785 
     0.026230464       3.08381736 
     0.026371488       3.00541766 
     0.026512512       2.92885874 
     0.026653536       2.85414059 
      0.02679456       2.78126323 
     0.026935584       2.71183541 
     0.027076608       2.64244751 
     0.027217632       2.57462189 
     0.027358656       2.50835855 
      0.02749968        2.4436575 
     0.027640704       2.38051873 
     0.027781728       2.31894224 
     0.027922752       2.25892804 
     0.028063776       2.20047611 
       0.0282048       2.14485493 
     0.028345824       2.08917981 
     0.028486848       2.03480963 
     0.028627872       1.98174438 
     0.028768896       1.92998405 
      0.02890992       1.87952866 
     0.029050944        1.8303782 
     0.029191968       1.78253268 
     0.029332992       1.73709718 
     0.029474016       1.69163187 
      0.02961504       1.64724345 
     0.029756064       1.60393192 
     0.029897088       1.56169727 
     0.030038112       1.52053952 
     0.030179136       1.48045865 
      0.03032016       1.44145467 
     0.030461184       1.40445898 
     0.030602208       1.36747943 
     0.030743232       1.33138054 
     0.030884256       1.29616231 
      0.03102528       1.26182473 
     0.031166304        1.2283678 
     0.031307328       1.19579153 
     0.031448352       1.16409591 
     0.031589376       1.13328095 
       0.0317304       1.10405425 
     0.031871424       1.07478417 
     0.032012448       1.04622939 
     0.032153472       1.01838991 
     0.032294496      0.991265714 
      0.03243552      0.964856815 
     0.032576544      0.939163211 
     0.032717568        0.9141849 
     0.032858592      0.890524519 
     0.032999616      0.866845478 
      0.03314064      0.843744479 
     0.033281664      0.821221519 
     0.033422688      0.799276601 
     0.033563712      0.777909724 
     0.033704736      0.757120887 
      0.03384576      0.736910091 
     0.033986784       0.71777395 
     0.034127808      0.698651241 
     0.034268832      0.679993897 
     0.034409856      0.661801919 
      0.03455088      0.644075305 
     0.034691904      0.626814056 
     0.034832928      0.610018173 
     0.034973952      0.593687655 
     0.035114976      0.577822502 
        0.035256      0.562796243 
     0.035397024      0.547747194 
     0.035538048      0.533071752 
     0.035679072      0.518769917 
     0.035820096      0.504841689 
      0.03596112      0.491287067 
     0.036102144      0.478106052 
     0.036243168      0.465298644 
     0.036384192      0.453178891 
     0.036525216      0.441052266 
      0.03666624      0.429224962 
     0.036807264      0.417696979 
     0.036948288      0.406468316 
     0.037089312      0.395538975 
     0.037230336      0.384908954 
      0.03737136      0.374578253 
     0.037512384      0.364546874 
     0.037653408       0.35503823 
     0.037794432      0.345513352 
     0.037935456      0.336227912 
      0.03807648      0.327181911 
     0.038217504       0.31837535 
     0.038358528      0.309808228 
     0.038499552      0.301480544 
     0.038640576        0.2933923 
       0.0387816      0.285736494 
     0.038922624      0.278070217 
     0.039063648      0.270595262 
     0.039204672      0.263311628 
     0.039345696      0.256219315 
      0.03948672      0.249318324 
     0.039627744      0.242608653 
     0.039768768      0.236090304 
     0.039909792      0.229924166 
     0.040050816      0.223756582 
      0.04019184      0.217741744 
     0.040332864      0.211879651 
     0.040473888      0.206170304 
     0.040614912      0.200613703 
     0.040755936      0.195209847 
      0.04089696      0.189958738 
     0.041037984      0.184860374 
     0.041179008      0.180030188 
     0.041320032      0.175191943 
     0.041461056      0.170475572 
      0.04160208      0.165881074 
     0.041743104      0.161408449 
     0.041884128      0.157057697 
     0.042025152      0.152828819 
     0.042166176      0.148721814 
       0.0423072      0.144835647 
     0.042448224      0.140944931 
     0.042589248      0.137151412 
     0.042730272       0.13345509 
     0.042871296      0.129855964 
      0.04301232      0.126354035 
     0.043153344      0.122949303 
     0.043294368      0.119641767 
     0.043435392       0.11651336 
     0.043576416      0.113385331 
      0.04371744      0.110334793 
     0.043858464      0.107361746 
     0.043999488      0.104466189 
     0.044140512      0.101648124 
     0.044281536     0.0989075485 
      0.04442256     0.0962444642 
     0.044563584     0.0936588707 
     0.044704608     0.0912102421 
     0.044845632      0.088757647 
     0.044986656     0.0863668169 
      0.04512768     0.0840377519 
     0.045268704     0.0817704519 
     0.045409728      0.079564917 
     0.045550752     0.0774211471 
     0.045691776     0.0753391423 
       0.0458328     0.0733695293 
     0.045973824     0.0713980082 
     0.046114848     0.0694757093 
     0.046255872     0.0676026325 
     0.046396896     0.0657787778 
      0.04653792     0.0640041452 
     0.046678944     0.0622787347 
     0.046819968     0.0606025463 
     0.046960992     0.0590172278 
     0.047102016     0.0574326624 
      0.04724304     0.0558873186 
     0.047384064     0.0543811963 
     0.047525088     0.0529142957 
     0.047666112     0.0514866166 
     0.047807136     0.0500981591 
      0.04794816     0.0487489233 
     0.048089184     0.0474389089 
     0.048230208     0.0461987462 
     0.048371232     0.0449566233 
     0.048512256      0.043745751 
      0.04865328     0.0425661291 
     0.048794304     0.0414177578 
     0.048935328      0.040300637 
     0.049076352     0.0392147667 
     0.049217376     0.0381601469 
       0.0493584     0.0371626698 
     0.049499424     0.0361644208 
     0.049640448     0.0351910703 
     0.049781472     0.0342426184 
     0.049922496      0.033319065 
      0.05006352     0.0324204103 
     0.050204544     0.0315466542 
     0.050345568     0.0306977966 
     0.050486592     0.0298950061 
     0.050627616     0.0290928783 
      0.05076864     0.0283105884 
     0.050909664     0.0275481365 
     0.051050688     0.0268055225 
     0.051191712     0.0260827465 
     0.051332736     0.0253798085 
      0.05147376     0.0246967084 
     0.051614784     0.0240334462 
     0.051755808     0.0234058061 
     0.051896832     0.0227771941 
     0.052037856      0.022164389 
      0.05217888     0.0215673909 
     0.052319904     0.0209861997 
     0.052460928     0.0204208154 
     0.052601952      0.019871238 
     0.052742976     0.0193374675 
        0.052884     0.0188327534 
     0.053025024     0.0183277496 
     0.053166048     0.0178353425 
     0.053307072     0.0173555322 
     0.053448096     0.0168883186 
      0.05358912     0.0164337018 
     0.053730144     0.0159916818 
     0.053871168     0.0155622586 
     0.054012192     0.0151454321 
     0.054153216       0.01475062 
      0.05429424     0.0143550854 
     0.054435264     0.0139695919 
     0.054576288     0.0135941395 
     0.054717312     0.0132287281 
     0.054858336     0.0128733578 
      0.05499936     0.0125280285 
     0.055140384     0.0121927403 
     0.055281408     0.0118756336 
     0.055422432     0.0115580566 
     0.055563456     0.0112484869 
      0.05570448     0.0109469244 
     0.055845504     0.0106533692 
     0.055986528     0.0103678211 
     0.056127552     0.0100902803 
     0.056268576    0.00982074673 
       0.0564096     0.0095660025 
     0.056550624    0.00931118271 
     0.056691648    0.00906275258 
     0.056832672    0.00882071212 
     0.056973696    0.00858506133 
      0.05711472    0.00835580022 
     0.057255744    0.00813292877 
     0.057396768      0.007916447 
     0.057537792    0.00770635489 
     0.057678816     0.0075075554 
      0.05781984    0.00730838978 
     0.057960864    0.00711432855 
     0.058101888    0.00692537172 
     0.058242912    0.00674151927 
     0.058383936    0.00656277122 
      0.05852496    0.00638912756 
     0.058665984     0.0062205883 
     0.058807008    0.00606135041 
     0.058948032    0.00590192056 
     0.059089056    0.00574657532 
      0.05923008     0.0055953147 
     0.059371104    0.00544813869 
     0.059512128    0.00530504729 
     0.059653152    0.00516604051 
     0.059794176    0.00503111834 
       0.0599352    0.00490374724 
     0.060076224     0.0047764186 
     0.060217248    0.00465236728 
     0.060358272    0.00453159329 
     0.060499296    0.00441409663 
      0.06064032    0.00429987731 
     0.060781344    0.00418893531 
     0.060922368    0.00408127064 
     0.061063392     0.0039768833 
     0.061204416     0.0038783267 
      0.06134544    0.00377963667 
     0.061486464     0.0036835872 
     0.061627488     0.0035901783 
     0.061768512    0.00349940996 
     0.061909536    0.00341128219 
      0.06205056    0.00332579498 
     0.062191584    0.00324294834 
     0.062332608    0.00316491085 
     0.062473632    0.00308685737 
     0.062614656    0.00301094506 
      0.06275568    0.00293717393 
     0.062896704    0.00286554398 
     0.063037728    0.00279605521 
     0.063178752    0.00272870762 
     0.063319776     0.0026635012 
       0.0634608     0.0026022319 
     0.063601824    0.00254107355 
     0.063742848    0.00248166832 
     0.063883872     0.0024240162 
     0.064024896    0.00236811719 
      0.06416592     0.0023139713 
     0.064306944    0.00226157852 
     0.064447968    0.00221093886 
     0.064588992    0.00216205231 
     0.064730016    0.00211634942 
      0.06487104    0.00207060595 
     0.065012064    0.00202631838 
     0.065153088    0.00198348672 
     0.065294112    0.00194211097 
     0.065435136    0.00190219113 
      0.06557616    0.00186372719 
     0.065717184    0.00182671916 
     0.065858208    0.00179255725 
     0.065999232    0.00175828008 
     0.066140256    0.00172523516 
      0.06628128    0.00169342251 
     0.066422304    0.00166284212 
     0.066563328    0.00163349399 
     0.066704352    0.00160537812 
     0.066845376    0.00157849451 
       0.0669864    0.00155956505 
     0.067127424    0.00153543591 
     0.067268448    0.00151229163 
     0.067409472    0.00149013221 
     0.067550496    0.00146895765 
      0.06769152    0.00144876796 
     0.067832544    0.00142956313 
     0.067973568    0.00141134316 
     0.068114592    0.00139410806 
     0.068255616     0.0013727426 
      0.06839664    0.00135746042 
     0.068537664     0.0013431642 
     0.068678688    0.00132985391 
     0.068819712    0.00131752958 
     0.068960736    0.00130619119 
      0.06910176    0.00129583875 
     0.069242784    0.00128647226 
     0.069383808    0.00127526698 
     0.069524832     0.0012674465 
     0.069665856    0.00126066876 
      0.06980688    0.00125493374 
     0.069947904    0.00125024145 
     0.070088928    0.00124659189 
     0.070229952    0.00124398507 
     0.070370976    0.00124242097 
        0.070512    0.00124189961 
