      -0.0576045      0.009901984 
    -0.057489291    0.00990475784 
    -0.057374082    0.00991307938 
    -0.057258873    0.00992694861 
    -0.057143664    0.00994636553 
    -0.057028455    0.00997133015 
    -0.056913246     0.0100018425 
    -0.056798037     0.0100379024 
    -0.056682828     0.0100795101 
    -0.056567619     0.0101266655 
     -0.05645241     0.0101793686 
    -0.056337201     0.0102562868 
    -0.056221992     0.0103166147 
    -0.056106783     0.0103821886 
    -0.055991574     0.0104530085 
    -0.055876365     0.0105290742 
    -0.055761156     0.0106103858 
    -0.055645947     0.0106969434 
    -0.055530738     0.0107887468 
    -0.055415529     0.0108857962 
     -0.05530032     0.0109880915 
    -0.055185111     0.0111361637 
    -0.055069902     0.0112488272 
    -0.054954693     0.0113667308 
    -0.054839484     0.0114898746 
    -0.054724275     0.0116182586 
    -0.054609066     0.0117518827 
    -0.054493857     0.0118907469 
    -0.054378648     0.0120348514 
    -0.054263439      0.012184196 
     -0.05414823     0.0123387807 
    -0.054033021     0.0124463215 
    -0.053917812     0.0126152764 
    -0.053802603     0.0127907862 
    -0.053687394     0.0129728511 
    -0.053572185     0.0131614711 
    -0.053456976     0.0133566461 
    -0.053341767     0.0135583762 
    -0.053226558     0.0137666612 
    -0.053111349     0.0139815014 
     -0.05299614     0.0142028966 
    -0.052880931      0.014419727 
    -0.052765722     0.0146551188 
    -0.052650513     0.0148982541 
    -0.052535304      0.015149133 
    -0.052420095     0.0154077554 
    -0.052304886     0.0156741214 
    -0.052189677     0.0159482309 
    -0.052074468      0.016230084 
    -0.051959259     0.0165196806 
     -0.05184405     0.0168170207 
    -0.051728841     0.0171221044 
    -0.051613632     0.0174236401 
    -0.051498423     0.0177465051 
    -0.051383214     0.0180786929 
    -0.051268005     0.0184202034 
    -0.051152796     0.0187710366 
    -0.051037587     0.0191311926 
    -0.050922378     0.0195006713 
    -0.050807169     0.0198794727 
     -0.05069196     0.0202675969 
    -0.050576751     0.0206650437 
    -0.050461542     0.0210579956 
    -0.050346333     0.0214765568 
    -0.050231124     0.0219065023 
    -0.050115915     0.0223478321 
    -0.050000706     0.0228005462 
    -0.049885497     0.0232646446 
    -0.049770288     0.0237401273 
    -0.049655079     0.0242269943 
     -0.04953987     0.0247252457 
    -0.049424661     0.0252348813 
    -0.049309452     0.0257384477 
    -0.049194243     0.0262733787 
    -0.049079034     0.0268223463 
    -0.048963825     0.0273853506 
    -0.048848616     0.0279623916 
    -0.048733407     0.0285534693 
    -0.048618198     0.0291585836 
    -0.048502989     0.0297777346 
     -0.04838778     0.0304109223 
    -0.048272571     0.0310581466 
    -0.048157362     0.0316973272 
    -0.048042153     0.0323750348 
    -0.047926944     0.0330701601 
    -0.047811735      0.033782703 
    -0.047696526     0.0345126637 
    -0.047581317     0.0352600421 
    -0.047466108     0.0360248382 
    -0.047350899     0.0368070519 
     -0.04723569     0.0376066834 
    -0.047120481     0.0384237326 
    -0.047005272     0.0392581994 
    -0.046890063     0.0400843622 
    -0.046774854     0.0409599892 
    -0.046659645     0.0418573188 
    -0.046544436     0.0427763509 
    -0.046429227     0.0437170855 
    -0.046314018     0.0446795227 
    -0.046198809     0.0456636624 
      -0.0460836     0.0466695046 
    -0.045968391     0.0476970494 
    -0.045853182     0.0487462967 
    -0.045737973     0.0497839357 
    -0.045622764     0.0508833055 
    -0.045507555     0.0520097879 
    -0.045392346     0.0531633829 
    -0.045277137     0.0543440906 
    -0.045161928      0.055551911 
    -0.045046719     0.0567868441 
     -0.04493151     0.0580488898 
    -0.044816301     0.0593380482 
    -0.044701092     0.0606543193 
    -0.044585883     0.0619549741 
    -0.044470674     0.0633323453 
    -0.044355465     0.0647436437 
    -0.044240256     0.0661888692 
    -0.044125047     0.0676680219 
    -0.044009838     0.0691811016 
    -0.043894629     0.0707281085 
     -0.04377942     0.0723090425 
    -0.043664211     0.0739239037 
    -0.043549002      0.075572692 
    -0.043433793     0.0772010908 
    -0.043318584     0.0789243955 
    -0.043203375     0.0806901966 
    -0.043088166     0.0824984941 
    -0.042972957      0.084349288 
    -0.042857748     0.0862425784 
    -0.042742539     0.0881783651 
     -0.04262733     0.0901566483 
    -0.042512121      0.092177428 
    -0.042396912      0.094240704 
    -0.042281703     0.0962780198 
    -0.042166494     0.0984321776 
    -0.042051285      0.100639595 
    -0.041936076      0.102900272 
    -0.041820867      0.105214209 
    -0.041705658      0.107581406 
    -0.041590449      0.110001862 
     -0.04147524      0.112475578 
    -0.041360031      0.115002553 
    -0.041244822      0.117582789 
    -0.041129613      0.120216284 
    -0.041014404      0.122821769 
    -0.040899195      0.125579581 
    -0.040783986      0.128404159 
    -0.040668777      0.131295503 
    -0.040553568      0.134253612 
    -0.040438359      0.137278488 
     -0.04032315      0.140370129 
    -0.040207941      0.143528536 
    -0.040092732      0.146753709 
    -0.039977523      0.150045647 
    -0.039862314       0.15329981 
    -0.039747105      0.156743724 
    -0.039631896      0.160271336 
    -0.039516687      0.163882648 
    -0.039401478      0.167577659 
    -0.039286269      0.171356368 
     -0.03917106      0.175218777 
    -0.039055851      0.179164884 
    -0.038940642      0.183194691 
    -0.038825433      0.187308197 
    -0.038710224      0.191372127 
    -0.038595015        0.1956713 
    -0.038479806      0.200075382 
    -0.038364597      0.204584373 
    -0.038249388      0.209198274 
    -0.038134179      0.213917083 
     -0.03801897      0.218740802 
    -0.037903761      0.223669431 
    -0.037788552      0.228702968 
    -0.037673343      0.233841415 
    -0.037558134      0.238916319 
    -0.037442925      0.244281415 
    -0.037327716      0.249777958 
    -0.037212507       0.25540595 
    -0.037097298      0.261165389 
    -0.036982089      0.267056277 
     -0.03686688      0.273078613 
    -0.036751671      0.279232397 
    -0.036636462      0.285517629 
    -0.036521253      0.291934309 
    -0.036406044      0.298482437 
    -0.036290835      0.304964403 
    -0.036175626      0.311822106 
    -0.036060417      0.318844417 
    -0.035945208      0.326031338 
    -0.035829999      0.333382867 
     -0.03571479      0.340899005 
    -0.035599581      0.348579752 
    -0.035484372      0.356425107 
    -0.035369163      0.364435072 
    -0.035253954      0.372609645 
    -0.035138745      0.380693969 
    -0.035023536      0.389246639 
    -0.034908327      0.398005278 
    -0.034793118      0.406969887 
    -0.034677909      0.416140466 
      -0.0345627      0.425517015 
    -0.034447491      0.435099533 
    -0.034332282       0.44488802 
    -0.034217073      0.454882477 
    -0.034101864      0.465082904 
    -0.033986655      0.475163846 
    -0.033871446      0.485825443 
    -0.033756237      0.496744474 
    -0.033641028       0.50792094 
    -0.033525819      0.519354842 
     -0.03341061      0.531046178 
    -0.033295401      0.542994949 
    -0.033180192      0.555201156 
    -0.033064983      0.567664797 
    -0.032949774      0.580385874 
    -0.032834565      0.592952776 
    -0.032719356      0.606235455 
    -0.032604147        0.6198394 
    -0.032488938      0.633764613 
    -0.032373729      0.648011093 
     -0.03225852      0.662578839 
    -0.032143311      0.677467853 
    -0.032028102      0.692678134 
    -0.031912893      0.708209682 
    -0.031797684      0.724062497 
    -0.031682475       0.73972106 
    -0.031567266      0.756256491 
    -0.031452057      0.773192013 
    -0.031336848      0.790527625 
    -0.031221639      0.808263329 
     -0.03110643      0.826399124 
    -0.030991221      0.844935009 
    -0.030876012      0.863870986 
    -0.030760803      0.883207053 
    -0.030645594      0.902943211 
    -0.030530385       0.92307946 
    -0.030415176      0.943004317 
    -0.030299967       0.96406517 
    -0.030184758       0.98562287 
    -0.030069549       1.00767742 
     -0.02995434       1.03022882 
    -0.029839131       1.05327706 
    -0.029723922       1.07682215 
    -0.029608713       1.10086409 
    -0.029493504       1.12540288 
    -0.029378295       1.15043851 
    -0.029263086       1.17519472 
    -0.029147877       1.20134947 
    -0.029032668       1.22811887 
    -0.028917459       1.25550292 
     -0.02880225       1.28350163 
    -0.028687041       1.31211499 
    -0.028571832       1.34134301 
    -0.028456623       1.37118568 
    -0.028341414         1.401643 
    -0.028226205       1.43271497 
    -0.028110996       1.46342944 
    -0.027995787       1.49585057 
    -0.027880578       1.52902819 
    -0.027765369       1.56296231 
     -0.02765016       1.59765291 
    -0.027534951       1.63310001 
    -0.027419742        1.6693036 
    -0.027304533       1.70626369 
    -0.027189324       1.74398026 
    -0.027074115       1.78245333 
    -0.026958906       1.82048326 
    -0.026843697       1.86057485 
    -0.026728488        1.9015911 
    -0.026613279       1.94353201 
     -0.02649807       1.98639759 
    -0.026382861       2.03018783 
    -0.026267652       2.07490274 
    -0.026152443       2.12054231 
    -0.026037234       2.16710654 
    -0.025922025       2.21459544 
    -0.025806816         2.263009 
    -0.025691607       2.31097155 
    -0.025576398       2.36151029 
    -0.025461189       2.41316888 
     -0.02534598       2.46594733 
    -0.025230771       2.51984563 
    -0.025115562       2.57486379 
    -0.025000353       2.63100181 
    -0.024885144       2.68825969 
    -0.024769935       2.74663742 
    -0.024654726         2.806135 
    -0.024539517       2.86506055 
    -0.024424308       2.92706248 
    -0.024309099       2.99040414 
     -0.02419389       3.05508556 
    -0.024078681       3.12110672 
    -0.023963472       3.18846763 
    -0.023848263       3.25716828 
    -0.023733054       3.32720868 
    -0.023617845       3.39858883 
    -0.023502636       3.47130873 
    -0.023387427       3.54333269 
    -0.023272218       3.61896963 
    -0.023157009       3.69618363 
      -0.0230418        3.7749747 
    -0.022926591       3.85534284 
    -0.022811382       3.93728804 
    -0.022696173        4.0208103 
    -0.022580964       4.10590963 
    -0.022465755       4.19258603 
    -0.022350546       4.28083949 
    -0.022235337       4.36826205 
    -0.022120128       4.45986461 
    -0.022004919       4.55328456 
     -0.02188971       4.64852193 
    -0.021774501        4.7455767 
    -0.021659292       4.84444887 
    -0.021544083       4.94513845 
    -0.021428874       5.04764543 
    -0.021313665       5.15196982 
    -0.021198456       5.25811161 
    -0.021083247       5.36320615 
    -0.020968038       5.47312507 
    -0.020852829       5.58508157 
     -0.02073762       5.69907567 
    -0.020622411       5.81510736 
    -0.020507202       5.93317664 
    -0.020391993        6.0532835 
    -0.020276784       6.17542796 
    -0.020161575          6.29961 
    -0.020046366       6.42582964 
    -0.019931157       6.55408687 
    -0.019815948       6.67970574 
    -0.019700739        6.8123019 
     -0.01958553       6.94709743 
    -0.019470321       7.08409234 
    -0.019355112       7.22328663 
    -0.019239903        7.3646803 
    -0.019124694       7.50827334 
    -0.019009485       7.65406576 
    -0.018894276       7.80205755 
    -0.018779067       7.95224872 
    -0.018663858       8.09443575 
    -0.018548649       8.24919621 
     -0.01843344       8.40614784 
    -0.018318231       8.56529063 
    -0.018203022       8.72662458 
    -0.018087813        8.8901497 
    -0.017972604       9.05586599 
    -0.017857395       9.22377344 
    -0.017742186       9.39387205 
    -0.017626977       9.56616183 
    -0.017511768       9.72486016 
    -0.017396559       9.90180727 
     -0.01728135       10.0809051 
    -0.017166141       10.2621535 
    -0.017050932       10.4455527 
    -0.016935723       10.6311025 
    -0.016820514        10.818803 
    -0.016705305       11.0086542 
    -0.016590096        11.200656 
    -0.016474887       11.3948085 
    -0.016359678        11.599513 
    -0.016244469       11.7967789 
     -0.01612926       11.9960077 
    -0.016014051       12.1971992 
    -0.015898842       12.4003536 
    -0.015783633       12.6054708 
    -0.015668424         12.79032 
    -0.015553215       13.0015452 
    -0.015438006       13.2156301 
    -0.015322797       13.4325747 
    -0.015207588       13.6523791 
    -0.015092379       13.8904644 
     -0.01497717       14.1142728 
    -0.014861961       14.3401112 
    -0.014746752       14.5679793 
    -0.014631543       14.7978772 
    -0.014516334       15.0376367 
    -0.014401125       15.2675399 
    -0.014285916       15.4982934 
    -0.014170707       15.7217509 
    -0.014055498       15.9567149 
    -0.013940289       16.2042857 
     -0.01382508       16.4425845 
    -0.013709871       16.6822597 
    -0.013594662       16.9247907 
    -0.013479453       17.1665239 
    -0.013364244       17.4092423 
    -0.013249035       17.6526788 
    -0.013133826       17.8971171 
    -0.013018617        18.141729 
    -0.012903408       18.3876637 
    -0.012788199       18.6342131 
     -0.01267299       18.8805086 
    -0.012557781       19.1281109 
    -0.012442572       19.3761302 
    -0.012327363       19.6235131 
    -0.012212154       19.8721159 
    -0.012096945       20.1198412 
    -0.011981736       20.3687531 
    -0.011866527       20.6176699 
    -0.011751318       20.8654446 
    -0.011636109       21.1141865 
      -0.0115209       21.3627266 
    -0.011405691       21.6098933 
    -0.011290482       21.8577833 
    -0.011175273       22.1042454 
    -0.011060064       22.3512236 
    -0.010944855       22.5976151 
    -0.010829646         22.84261 
    -0.010714437       23.0876784 
    -0.010599228       23.3320081 
    -0.010484019       23.5752354 
     -0.01036881       23.8179512 
    -0.010253601       24.0604205 
    -0.010138392       24.3014429 
    -0.010023183       24.5417463 
    -0.009907974       24.7815107 
    -0.009792765       25.0204961 
    -0.009677556       25.2588335 
    -0.009562347       25.5037013 
    -0.009447138       25.7386956 
    -0.009331929       25.9690833 
     -0.00921672       26.1866684 
    -0.009101511       26.4098848 
    -0.008986302       26.6306904 
    -0.008871093       26.8490851 
    -0.008755884       27.0650689 
    -0.008640675       27.2657492 
    -0.008525466       27.4816773 
    -0.008410257        27.697599 
    -0.008295048       27.9135145 
    -0.008179839       28.1294238 
     -0.00806463       28.3805498 
    -0.007949421       28.5937892 
    -0.007834212       28.8020893 
    -0.007719003       29.0054503 
    -0.007603794       29.2038721 
    -0.007488585       29.4151597 
    -0.007373376       29.6042636 
    -0.007258167        29.789388 
    -0.007142958        29.970533 
    -0.007027749       30.1476985 
     -0.00691254       30.3208845 
    -0.006797331       30.4900911 
    -0.006682122       30.6553182 
    -0.006566913       30.8165659 
    -0.006451704       30.9738341 
    -0.006336495       31.1271229 
    -0.006221286       31.1267378 
    -0.006106077        31.278534 
    -0.005990868       31.4285933 
    -0.005875659       31.5769155 
     -0.00576045       31.7235007 
    -0.005645241        31.868349 
    -0.005530032       32.0114602 
    -0.005414823       32.1528344 
    -0.005299614       32.2924716 
    -0.005184405       32.4303718 
    -0.005069196        32.566535 
    -0.004953987       32.7780347 
    -0.004838778       32.9074927 
    -0.004723569       33.0339399 
     -0.00460836       33.1573763 
    -0.004493151       33.2778019 
    -0.004377942       33.3952167 
    -0.004262733       33.5096208 
    -0.004147524       33.6210141 
    -0.004032315       33.7293966 
    -0.003917106       33.8347683 
    -0.003801897       33.9371293 
    -0.003686688       34.0321838 
    -0.003571479       34.1278707 
     -0.00345627       34.2204973 
    -0.003341061       34.3100634 
    -0.003225852       34.3965692 
    -0.003110643       34.4800145 
    -0.002995434       34.5603995 
    -0.002880225       34.6377242 
    -0.002765016       34.7119884 
    -0.002649807       34.7831922 
    -0.002534598       34.8513357 
    -0.002419389       34.9509469 
     -0.00230418       35.0134559 
    -0.002188971       35.0729158 
    -0.002073762       35.1293264 
    -0.001958553       35.1826878 
    -0.001843344       35.2329999 
    -0.001728135       35.2802629 
    -0.001612926       35.3244766 
    -0.001497717       35.3656411 
    -0.001382508       35.4037564 
    -0.001267299       35.4388224 
     -0.00115209       35.4852903 
    -0.001036881       35.5162839 
    -0.000921672        35.544015 
    -0.000806463       35.5684837 
    -0.000691254       35.5896898 
    -0.000576045       35.6076335 
    -0.000460836       35.6223147 
    -0.000345627       35.6337334 
    -0.000230418       35.6418896 
    -0.000115209       35.6467833 
               0       35.6484146 
     0.000115209       35.6467833 
     0.000230418       35.6418896 
     0.000345627       35.6337334 
     0.000460836       35.6223147 
     0.000576045       35.6076335 
     0.000691254       35.5896898 
     0.000806463       35.5684837 
     0.000921672        35.544015 
     0.001036881       35.5162839 
      0.00115209       35.4852903 
     0.001267299       35.4388224 
     0.001382508       35.4037564 
     0.001497717       35.3656411 
     0.001612926       35.3244766 
     0.001728135       35.2802629 
     0.001843344       35.2329999 
     0.001958553       35.1826878 
     0.002073762       35.1293264 
     0.002188971       35.0729158 
      0.00230418       35.0134559 
     0.002419389       34.9509469 
     0.002534598       34.8513357 
     0.002649807       34.7831922 
     0.002765016       34.7119884 
     0.002880225       34.6377242 
     0.002995434       34.5603995 
     0.003110643       34.4800145 
     0.003225852       34.3965692 
     0.003341061       34.3100634 
      0.00345627       34.2204973 
     0.003571479       34.1278707 
     0.003686688       34.0321838 
     0.003801897       33.9371293 
     0.003917106       33.8347683 
     0.004032315       33.7293966 
     0.004147524       33.6210141 
     0.004262733       33.5096208 
     0.004377942       33.3952167 
     0.004493151       33.2778019 
      0.00460836       33.1573763 
     0.004723569       33.0339399 
     0.004838778       32.9074927 
     0.004953987       32.7780347 
     0.005069196        32.566535 
     0.005184405       32.4303718 
     0.005299614       32.2924716 
     0.005414823       32.1528344 
     0.005530032       32.0114602 
     0.005645241        31.868349 
      0.00576045       31.7235007 
     0.005875659       31.5769155 
     0.005990868       31.4285933 
     0.006106077        31.278534 
     0.006221286       31.1267378 
     0.006336495       31.1271229 
     0.006451704       30.9738341 
     0.006566913       30.8165659 
     0.006682122       30.6553182 
     0.006797331       30.4900911 
      0.00691254       30.3208845 
     0.007027749       30.1476985 
     0.007142958        29.970533 
     0.007258167        29.789388 
     0.007373376       29.6042636 
     0.007488585       29.4151597 
     0.007603794       29.2038721 
     0.007719003       29.0054503 
     0.007834212       28.8020893 
     0.007949421       28.5937892 
      0.00806463       28.3805498 
     0.008179839       28.1294238 
     0.008295048       27.9135145 
     0.008410257        27.697599 
     0.008525466       27.4816773 
     0.008640675       27.2657492 
     0.008755884       27.0650689 
     0.008871093       26.8490851 
     0.008986302       26.6306904 
     0.009101511       26.4098848 
      0.00921672       26.1866684 
     0.009331929       25.9690833 
     0.009447138       25.7386956 
     0.009562347       25.5037013 
     0.009677556       25.2588335 
     0.009792765       25.0204961 
     0.009907974       24.7815107 
     0.010023183       24.5417463 
     0.010138392       24.3014429 
     0.010253601       24.0604205 
      0.01036881       23.8179512 
     0.010484019       23.5752354 
     0.010599228       23.3320081 
     0.010714437       23.0876784 
     0.010829646         22.84261 
     0.010944855       22.5976151 
     0.011060064       22.3512236 
     0.011175273       22.1042454 
     0.011290482       21.8577833 
     0.011405691       21.6098933 
       0.0115209       21.3627266 
     0.011636109       21.1141865 
     0.011751318       20.8654446 
     0.011866527       20.6176699 
     0.011981736       20.3687531 
     0.012096945       20.1198412 
     0.012212154       19.8721159 
     0.012327363       19.6235131 
     0.012442572       19.3761302 
     0.012557781       19.1281109 
      0.01267299       18.8805086 
     0.012788199       18.6342131 
     0.012903408       18.3876637 
     0.013018617        18.141729 
     0.013133826       17.8971171 
     0.013249035       17.6526788 
     0.013364244       17.4092423 
     0.013479453       17.1665239 
     0.013594662       16.9247907 
     0.013709871       16.6822597 
      0.01382508       16.4425845 
     0.013940289       16.2042857 
     0.014055498       15.9567149 
     0.014170707       15.7217509 
     0.014285916       15.4982934 
     0.014401125       15.2675399 
     0.014516334       15.0376367 
     0.014631543       14.7978772 
     0.014746752       14.5679793 
     0.014861961       14.3401112 
      0.01497717       14.1142728 
     0.015092379       13.8904644 
     0.015207588       13.6523791 
     0.015322797       13.4325747 
     0.015438006       13.2156301 
     0.015553215       13.0015452 
     0.015668424         12.79032 
     0.015783633       12.6054708 
     0.015898842       12.4003536 
     0.016014051       12.1971992 
      0.01612926       11.9960077 
     0.016244469       11.7967789 
     0.016359678        11.599513 
     0.016474887       11.3948085 
     0.016590096        11.200656 
     0.016705305       11.0086542 
     0.016820514        10.818803 
     0.016935723       10.6311025 
     0.017050932       10.4455527 
     0.017166141       10.2621535 
      0.01728135       10.0809051 
     0.017396559       9.90180727 
     0.017511768       9.72486016 
     0.017626977       9.56616183 
     0.017742186       9.39387205 
     0.017857395       9.22377344 
     0.017972604       9.05586599 
     0.018087813        8.8901497 
     0.018203022       8.72662458 
     0.018318231       8.56529063 
      0.01843344       8.40614784 
     0.018548649       8.24919621 
     0.018663858       8.09443575 
     0.018779067       7.95224872 
     0.018894276       7.80205755 
     0.019009485       7.65406576 
     0.019124694       7.50827334 
     0.019239903        7.3646803 
     0.019355112       7.22328663 
     0.019470321       7.08409234 
      0.01958553       6.94709743 
     0.019700739        6.8123019 
     0.019815948       6.67970574 
     0.019931157       6.55408687 
     0.020046366       6.42582964 
     0.020161575          6.29961 
     0.020276784       6.17542796 
     0.020391993        6.0532835 
     0.020507202       5.93317664 
     0.020622411       5.81510736 
      0.02073762       5.69907567 
     0.020852829       5.58508157 
     0.020968038       5.47312507 
     0.021083247       5.36320615 
     0.021198456       5.25811161 
     0.021313665       5.15196982 
     0.021428874       5.04764543 
     0.021544083       4.94513845 
     0.021659292       4.84444887 
     0.021774501        4.7455767 
      0.02188971       4.64852193 
     0.022004919       4.55328456 
     0.022120128       4.45986461 
     0.022235337       4.36826205 
     0.022350546       4.28083949 
     0.022465755       4.19258603 
     0.022580964       4.10590963 
     0.022696173        4.0208103 
     0.022811382       3.93728804 
     0.022926591       3.85534284 
       0.0230418        3.7749747 
     0.023157009       3.69618363 
     0.023272218       3.61896963 
     0.023387427       3.54333269 
     0.023502636       3.47130873 
     0.023617845       3.39858883 
     0.023733054       3.32720868 
     0.023848263       3.25716828 
     0.023963472       3.18846763 
     0.024078681       3.12110672 
      0.02419389       3.05508556 
     0.024309099       2.99040414 
     0.024424308       2.92706248 
     0.024539517       2.86506055 
     0.024654726         2.806135 
     0.024769935       2.74663742 
     0.024885144       2.68825969 
     0.025000353       2.63100181 
     0.025115562       2.57486379 
     0.025230771       2.51984563 
      0.02534598       2.46594733 
     0.025461189       2.41316888 
     0.025576398       2.36151029 
     0.025691607       2.31097155 
     0.025806816         2.263009 
     0.025922025       2.21459544 
     0.026037234       2.16710654 
     0.026152443       2.12054231 
     0.026267652       2.07490274 
     0.026382861       2.03018783 
      0.02649807       1.98639759 
     0.026613279       1.94353201 
     0.026728488        1.9015911 
     0.026843697       1.86057485 
     0.026958906       1.82048326 
     0.027074115       1.78245333 
     0.027189324       1.74398026 
     0.027304533       1.70626369 
     0.027419742        1.6693036 
     0.027534951       1.63310001 
      0.02765016       1.59765291 
     0.027765369       1.56296231 
     0.027880578       1.52902819 
     0.027995787       1.49585057 
     0.028110996       1.46342944 
     0.028226205       1.43271497 
     0.028341414         1.401643 
     0.028456623       1.37118568 
     0.028571832       1.34134301 
     0.028687041       1.31211499 
      0.02880225       1.28350163 
     0.028917459       1.25550292 
     0.029032668       1.22811887 
     0.029147877       1.20134947 
     0.029263086       1.17519472 
     0.029378295       1.15043851 
     0.029493504       1.12540288 
     0.029608713       1.10086409 
     0.029723922       1.07682215 
     0.029839131       1.05327706 
      0.02995434       1.03022882 
     0.030069549       1.00767742 
     0.030184758       0.98562287 
     0.030299967       0.96406517 
     0.030415176      0.943004317 
     0.030530385       0.92307946 
     0.030645594      0.902943211 
     0.030760803      0.883207053 
     0.030876012      0.863870986 
     0.030991221      0.844935009 
      0.03110643      0.826399124 
     0.031221639      0.808263329 
     0.031336848      0.790527625 
     0.031452057      0.773192013 
     0.031567266      0.756256491 
     0.031682475       0.73972106 
     0.031797684      0.724062497 
     0.031912893      0.708209682 
     0.032028102      0.692678134 
     0.032143311      0.677467853 
      0.03225852      0.662578839 
     0.032373729      0.648011093 
     0.032488938      0.633764613 
     0.032604147        0.6198394 
     0.032719356      0.606235455 
     0.032834565      0.592952776 
     0.032949774      0.580385874 
     0.033064983      0.567664797 
     0.033180192      0.555201156 
     0.033295401      0.542994949 
      0.03341061      0.531046178 
     0.033525819      0.519354842 
     0.033641028       0.50792094 
     0.033756237      0.496744474 
     0.033871446      0.485825443 
     0.033986655      0.475163846 
     0.034101864      0.465082904 
     0.034217073      0.454882477 
     0.034332282       0.44488802 
     0.034447491      0.435099533 
       0.0345627      0.425517015 
     0.034677909      0.416140466 
     0.034793118      0.406969887 
     0.034908327      0.398005278 
     0.035023536      0.389246639 
     0.035138745      0.380693969 
     0.035253954      0.372609645 
     0.035369163      0.364435072 
     0.035484372      0.356425107 
     0.035599581      0.348579752 
      0.03571479      0.340899005 
     0.035829999      0.333382867 
     0.035945208      0.326031338 
     0.036060417      0.318844417 
     0.036175626      0.311822106 
     0.036290835      0.304964403 
     0.036406044      0.298482437 
     0.036521253      0.291934309 
     0.036636462      0.285517629 
     0.036751671      0.279232397 
      0.03686688      0.273078613 
     0.036982089      0.267056277 
     0.037097298      0.261165389 
     0.037212507       0.25540595 
     0.037327716      0.249777958 
     0.037442925      0.244281415 
     0.037558134      0.238916319 
     0.037673343      0.233841415 
     0.037788552      0.228702968 
     0.037903761      0.223669431 
      0.03801897      0.218740802 
     0.038134179      0.213917083 
     0.038249388      0.209198274 
     0.038364597      0.204584373 
     0.038479806      0.200075382 
     0.038595015        0.1956713 
     0.038710224      0.191372127 
     0.038825433      0.187308197 
     0.038940642      0.183194691 
     0.039055851      0.179164884 
      0.03917106      0.175218777 
     0.039286269      0.171356368 
     0.039401478      0.167577659 
     0.039516687      0.163882648 
     0.039631896      0.160271336 
     0.039747105      0.156743724 
     0.039862314       0.15329981 
     0.039977523      0.150045647 
     0.040092732      0.146753709 
     0.040207941      0.143528536 
      0.04032315      0.140370129 
     0.040438359      0.137278488 
     0.040553568      0.134253612 
     0.040668777      0.131295503 
     0.040783986      0.128404159 
     0.040899195      0.125579581 
     0.041014404      0.122821769 
     0.041129613      0.120216284 
     0.041244822      0.117582789 
     0.041360031      0.115002553 
      0.04147524      0.112475578 
     0.041590449      0.110001862 
     0.041705658      0.107581406 
     0.041820867      0.105214209 
     0.041936076      0.102900272 
     0.042051285      0.100639595 
     0.042166494     0.0984321776 
     0.042281703     0.0962780198 
     0.042396912      0.094240704 
     0.042512121      0.092177428 
      0.04262733     0.0901566483 
     0.042742539     0.0881783651 
     0.042857748     0.0862425784 
     0.042972957      0.084349288 
     0.043088166     0.0824984941 
     0.043203375     0.0806901966 
     0.043318584     0.0789243955 
     0.043433793     0.0772010908 
     0.043549002      0.075572692 
     0.043664211     0.0739239037 
      0.04377942     0.0723090425 
     0.043894629     0.0707281085 
     0.044009838     0.0691811016 
     0.044125047     0.0676680219 
     0.044240256     0.0661888692 
     0.044355465     0.0647436437 
     0.044470674     0.0633323453 
     0.044585883     0.0619549741 
     0.044701092     0.0606543193 
     0.044816301     0.0593380482 
      0.04493151     0.0580488898 
     0.045046719     0.0567868441 
     0.045161928      0.055551911 
     0.045277137     0.0543440906 
     0.045392346     0.0531633829 
     0.045507555     0.0520097879 
     0.045622764     0.0508833055 
     0.045737973     0.0497839357 
     0.045853182     0.0487462967 
     0.045968391     0.0476970494 
       0.0460836     0.0466695046 
     0.046198809     0.0456636624 
     0.046314018     0.0446795227 
     0.046429227     0.0437170855 
     0.046544436     0.0427763509 
     0.046659645     0.0418573188 
     0.046774854     0.0409599892 
     0.046890063     0.0400843622 
     0.047005272     0.0392581994 
     0.047120481     0.0384237326 
      0.04723569     0.0376066834 
     0.047350899     0.0368070519 
     0.047466108     0.0360248382 
     0.047581317     0.0352600421 
     0.047696526     0.0345126637 
     0.047811735      0.033782703 
     0.047926944     0.0330701601 
     0.048042153     0.0323750348 
     0.048157362     0.0316973272 
     0.048272571     0.0310581466 
      0.04838778     0.0304109223 
     0.048502989     0.0297777346 
     0.048618198     0.0291585836 
     0.048733407     0.0285534693 
     0.048848616     0.0279623916 
     0.048963825     0.0273853506 
     0.049079034     0.0268223463 
     0.049194243     0.0262733787 
     0.049309452     0.0257384477 
     0.049424661     0.0252348813 
      0.04953987     0.0247252457 
     0.049655079     0.0242269943 
     0.049770288     0.0237401273 
     0.049885497     0.0232646446 
     0.050000706     0.0228005462 
     0.050115915     0.0223478321 
     0.050231124     0.0219065023 
     0.050346333     0.0214765568 
     0.050461542     0.0210579956 
     0.050576751     0.0206650437 
      0.05069196     0.0202675969 
     0.050807169     0.0198794727 
     0.050922378     0.0195006713 
     0.051037587     0.0191311926 
     0.051152796     0.0187710366 
     0.051268005     0.0184202034 
     0.051383214     0.0180786929 
     0.051498423     0.0177465051 
     0.051613632     0.0174236401 
     0.051728841     0.0171221044 
      0.05184405     0.0168170207 
     0.051959259     0.0165196806 
     0.052074468      0.016230084 
     0.052189677     0.0159482309 
     0.052304886     0.0156741214 
     0.052420095     0.0154077554 
     0.052535304      0.015149133 
     0.052650513     0.0148982541 
     0.052765722     0.0146551188 
     0.052880931      0.014419727 
      0.05299614     0.0142028966 
     0.053111349     0.0139815014 
     0.053226558     0.0137666612 
     0.053341767     0.0135583762 
     0.053456976     0.0133566461 
     0.053572185     0.0131614711 
     0.053687394     0.0129728511 
     0.053802603     0.0127907862 
     0.053917812     0.0126152764 
     0.054033021     0.0124463215 
      0.05414823     0.0123387807 
     0.054263439      0.012184196 
     0.054378648     0.0120348514 
     0.054493857     0.0118907469 
     0.054609066     0.0117518827 
     0.054724275     0.0116182586 
     0.054839484     0.0114898746 
     0.054954693     0.0113667308 
     0.055069902     0.0112488272 
     0.055185111     0.0111361637 
      0.05530032     0.0109880915 
     0.055415529     0.0108857962 
     0.055530738     0.0107887468 
     0.055645947     0.0106969434 
     0.055761156     0.0106103858 
     0.055876365     0.0105290742 
     0.055991574     0.0104530085 
     0.056106783     0.0103821886 
     0.056221992     0.0103166147 
     0.056337201     0.0102562868 
      0.05645241     0.0101793686 
     0.056567619     0.0101266655 
     0.056682828     0.0100795101 
     0.056798037     0.0100379024 
     0.056913246     0.0100018425 
     0.057028455    0.00997133015 
     0.057143664    0.00994636553 
     0.057258873    0.00992694861 
     0.057374082    0.00991307938 
     0.057489291    0.00990475784 
       0.0576045      0.009901984 
