      -0.0617945    0.00501993594 
    -0.061670911    0.00502154961 
    -0.061547322    0.00502639061 
    -0.061423733    0.00503445896 
    -0.061300144    0.00504575464 
    -0.061176555    0.00506027767 
    -0.061052966    0.00507802803 
    -0.060929377    0.00509900572 
    -0.060805788    0.00512321076 
    -0.060682199    0.00515064314 
     -0.06055861     0.0051905593 
    -0.060435021    0.00522263314 
    -0.060311432    0.00525776162 
    -0.060187843    0.00529594476 
    -0.060064254    0.00533718255 
    -0.059940665    0.00538147499 
    -0.059817076    0.00542882208 
    -0.059693487    0.00547922382 
    -0.059569898    0.00553268021 
    -0.059446309    0.00560886561 
     -0.05932272    0.00566835863 
    -0.059199131    0.00573090258 
    -0.059075542    0.00579649745 
    -0.058951953    0.00586514324 
    -0.058828364    0.00593683996 
    -0.058704775    0.00601158761 
    -0.058581186    0.00608938618 
    -0.058457597    0.00617023567 
    -0.058334008    0.00625413609 
    -0.058210419    0.00631647619 
     -0.05808683    0.00640886021 
    -0.057963241    0.00650504353 
    -0.057839652    0.00660502616 
    -0.057716063    0.00670880809 
    -0.057592474    0.00681638933 
    -0.057468885    0.00692776987 
    -0.057345296    0.00704294971 
    -0.057221707    0.00716192886 
    -0.057098118    0.00727942638 
    -0.056974529    0.00740662711 
     -0.05685094    0.00753830299 
    -0.056727351    0.00767445401 
    -0.056603762    0.00781508018 
    -0.056480173     0.0079601815 
    -0.056356584    0.00810975796 
    -0.056232995    0.00826380957 
    -0.056109406    0.00842233633 
    -0.055985817    0.00858533823 
    -0.055862228    0.00874751272 
    -0.055738639    0.00892074802 
     -0.05561505    0.00909935502 
    -0.055491461    0.00928333373 
    -0.055367872    0.00947268414 
    -0.055244283    0.00966740624 
    -0.055120694    0.00986750006 
    -0.054997105     0.0100729656 
    -0.054873516     0.0102838028 
    -0.054749927     0.0104933944 
    -0.054626338     0.0107161147 
    -0.054502749     0.0109453751 
     -0.05437916     0.0111811757 
    -0.054255571     0.0114235163 
    -0.054131982     0.0116723971 
    -0.054008393     0.0119278181 
    -0.053884804     0.0121897791 
    -0.053761215     0.0124582803 
    -0.053637626     0.0127249976 
    -0.053514037      0.013007373 
    -0.053390448      0.013297789 
    -0.053266859     0.0135962456 
     -0.05314327     0.0139027428 
    -0.053019681     0.0142172807 
    -0.052896092     0.0145398591 
    -0.052772503     0.0148704781 
    -0.052648914     0.0152091378 
    -0.052525325      0.015555838 
    -0.052401736     0.0159005331 
    -0.052278147     0.0162653906 
    -0.052154558     0.0166401976 
    -0.052030969     0.0170249543 
     -0.05190738     0.0174196605 
    -0.051783791     0.0178243163 
    -0.051660202     0.0182389216 
    -0.051536613     0.0186634766 
    -0.051413024     0.0190979811 
    -0.051289435     0.0195294967 
    -0.051165846     0.0199854667 
    -0.051042257     0.0204538006 
    -0.050918668     0.0209344985 
    -0.050795079     0.0214275604 
     -0.05067149     0.0219329862 
    -0.050547901     0.0224507759 
    -0.050424312     0.0229809297 
    -0.050300723     0.0235234473 
    -0.050177134      0.024078329 
    -0.050053545     0.0246301375 
    -0.049929956     0.0252134342 
    -0.049806367     0.0258121371 
    -0.049682778     0.0264262461 
    -0.049559189     0.0270557614 
      -0.0494356     0.0277006828 
    -0.049312011     0.0283610103 
    -0.049188422     0.0290367441 
    -0.049064833      0.029727884 
    -0.048941244     0.0304143163 
    -0.048817655     0.0311392391 
    -0.048694066     0.0318833922 
    -0.048570477     0.0326467756 
    -0.048446888     0.0334293893 
    -0.048323299     0.0342312333 
     -0.04819971     0.0350523076 
    -0.048076121     0.0358926122 
    -0.047952532     0.0367521471 
    -0.047828943     0.0376309123 
    -0.047705354     0.0385052903 
    -0.047581765     0.0394289608 
    -0.047458176      0.040376661 
    -0.047334587     0.0413483911 
    -0.047210998     0.0423441509 
    -0.047087409     0.0433639405 
     -0.04696382     0.0444077599 
    -0.046840231     0.0454756091 
    -0.046716642      0.046567488 
    -0.046593053     0.0476522547 
    -0.046469464     0.0487976675 
    -0.046345875     0.0499731272 
    -0.046222286      0.051178634 
    -0.046098697     0.0524141878 
    -0.045975108     0.0536797885 
    -0.045851519     0.0549754363 
     -0.04572793      0.056301131 
    -0.045604341     0.0576568727 
    -0.045480752     0.0590031091 
    -0.045357163     0.0604225449 
    -0.045233574     0.0618795658 
    -0.045109985     0.0633741719 
    -0.044986396     0.0649063633 
    -0.044862807     0.0664761397 
    -0.044739218     0.0680835014 
    -0.044615629     0.0697284482 
     -0.04449204     0.0714109802 
    -0.044368451     0.0731310974 
    -0.044244862     0.0748407648 
    -0.044121273     0.0766459253 
    -0.043997684     0.0784981089 
    -0.043874095     0.0803973156 
    -0.043750506     0.0823435455 
    -0.043626917     0.0843367985 
    -0.043503328     0.0863770747 
    -0.043379739     0.0884643741 
     -0.04325615     0.0905986966 
    -0.043132561      0.092718311 
    -0.043008972     0.0949539454 
    -0.042885383     0.0972484133 
    -0.042761794     0.0996017145 
    -0.042638205      0.102013849 
    -0.042514616      0.104484817 
    -0.042391027      0.107014618 
    -0.042267438      0.109603253 
    -0.042143849      0.112250721 
     -0.04202026      0.114957023 
    -0.041896671      0.117648342 
    -0.041773082      0.120489812 
    -0.041649493      0.123404885 
    -0.041525904      0.126393563 
    -0.041402315      0.129455845 
    -0.041278726       0.13259173 
    -0.041155137       0.13580122 
    -0.041031548      0.139084314 
    -0.040907959      0.142441012 
     -0.04078437      0.145775287 
    -0.040660781      0.149293132 
    -0.040537192      0.152903043 
    -0.040413603      0.156605019 
    -0.040290014      0.160399061 
    -0.040166425      0.164285168 
    -0.040042836      0.168263342 
    -0.039919247      0.172333581 
    -0.039795658      0.176495885 
    -0.039672069      0.180750255 
     -0.03954848      0.184983732 
    -0.039424891      0.189452798 
    -0.039301302      0.194036988 
    -0.039177713      0.198736299 
    -0.039054124      0.203550733 
    -0.038930535       0.20848029 
    -0.038806946      0.213524969 
    -0.038683357      0.218684771 
    -0.038559768      0.223959695 
    -0.038436179      0.229200959 
     -0.03831259      0.234731923 
    -0.038189001      0.240406778 
    -0.038065412      0.246225521 
    -0.037941823      0.252188154 
    -0.037818234      0.258294677 
    -0.037694645      0.264545089 
    -0.037571056       0.27093939 
    -0.037447467       0.27747758 
    -0.037323878      0.283970893 
    -0.037200289      0.290813645 
      -0.0370767       0.29783613 
    -0.036953111      0.305038348 
    -0.036829522      0.312420298 
    -0.036705933       0.31998198 
    -0.036582344      0.327723395 
    -0.036458755      0.335644542 
    -0.036335166      0.343745422 
    -0.036211577      0.352026034 
    -0.036087988      0.360257048 
    -0.035964399        0.3689435 
     -0.03584081      0.377854264 
    -0.035717221       0.38698934 
    -0.035593632       0.39634873 
    -0.035470043      0.405932431 
    -0.035346454      0.415740445 
    -0.035222865      0.425772772 
    -0.035099276      0.436029411 
    -0.034975687      0.446216336 
    -0.034852098      0.456955495 
    -0.034728509       0.46797428 
     -0.03460492       0.47927269 
    -0.034481331      0.490850726 
    -0.034357742      0.502708388 
    -0.034234153      0.514845675 
    -0.034110564      0.527262587 
    -0.033986975      0.539959125 
    -0.033863386      0.552935289 
    -0.033739797       0.56584016 
    -0.033616208      0.579456699 
    -0.033492619       0.59342127 
     -0.03336903      0.607733873 
    -0.033245441      0.622394508 
    -0.033121852      0.637403175 
    -0.032998263      0.652759873 
    -0.032874674      0.668464604 
    -0.032751085      0.684517366 
    -0.032627496      0.700464246 
    -0.032503907      0.717277063 
    -0.032380318      0.734522137 
    -0.032256729      0.752199468 
     -0.03213314      0.770309056 
    -0.032009551      0.788850901 
    -0.031885962      0.807825002 
    -0.031762373      0.827231361 
    -0.031638784      0.847069976 
    -0.031515195      0.867340847 
    -0.031391606      0.887512858 
    -0.031268017      0.908785802 
    -0.031144428      0.930594083 
    -0.031020839      0.952937699 
     -0.03089725      0.975816652 
    -0.030773661       0.99923094 
    -0.030650072       1.02318056 
    -0.030526483       1.04766552 
    -0.030402894       1.07268582 
    -0.030279305       1.09755063 
    -0.030155716        1.1237555 
    -0.030032127       1.15062084 
    -0.029908538       1.17814664 
    -0.029784949       1.20633289 
     -0.02966136       1.23517961 
    -0.029537771       1.26468679 
    -0.029414182       1.29485443 
    -0.029290593       1.32568252 
    -0.029167004       1.35630788 
    -0.029043415       1.38853015 
    -0.028919826       1.42156308 
    -0.028796237       1.45540666 
    -0.028672648       1.49006089 
    -0.028549059       1.52552578 
     -0.02842547       1.56180133 
    -0.028301881       1.59888753 
    -0.028178292       1.63678439 
    -0.028054703        1.6754919 
    -0.027931114       1.71398348 
    -0.027807525       1.75450175 
    -0.027683936       1.79600823 
    -0.027560347        1.8385029 
    -0.027436758       1.88198578 
    -0.027313169       1.92645687 
     -0.02718958       1.97191615 
    -0.027065991       2.01836364 
    -0.026942402       2.06579933 
    -0.026818813       2.11294758 
    -0.026695224       2.16249307 
    -0.026571635       2.21323224 
    -0.026448046        2.2651651 
    -0.026324457       2.31829165 
    -0.026200868       2.37261189 
    -0.026077279       2.42812581 
     -0.02595369       2.48483342 
    -0.025830101       2.54273472 
    -0.025706512       2.60182971 
    -0.025582923       2.66065098 
    -0.025459334       2.72241859 
    -0.025335745       2.78561077 
    -0.025212156       2.85022753 
    -0.025088567       2.91626886 
    -0.024964978       2.98373477 
    -0.024841389       3.05262526 
      -0.0247178       3.12294032 
    -0.024594211       3.19467996 
    -0.024470622       3.26604833 
    -0.024347033       3.34084312 
    -0.024223444       3.41731117 
    -0.024099855        3.4954525 
    -0.023976266       3.57526709 
    -0.023852677       3.65675495 
    -0.023729088       3.73991607 
    -0.023605499       3.82475047 
     -0.02348191       3.91125813 
    -0.023358321       3.99943906 
    -0.023234732       4.08727915 
    -0.023111143       4.17916715 
    -0.022987554       4.27298006 
    -0.022863965       4.36871787 
    -0.022740376       4.46638059 
    -0.022616787       4.56596822 
    -0.022493198       4.66748075 
    -0.022369609        4.7709182 
     -0.02224602       4.87628055 
    -0.022122431       4.98107425 
    -0.021998842        5.0905311 
    -0.021875253       5.20214378 
    -0.021751664       5.31591232 
    -0.021628075       5.43183669 
    -0.021504486       5.54991691 
    -0.021380897       5.67015297 
    -0.021257308       5.79254487 
    -0.021133719       5.91709262 
     -0.02101013       6.03955447 
    -0.020886541       6.16855435 
    -0.020762952       6.29988173 
    -0.020639363       6.43353663 
    -0.020515774       6.56951904 
    -0.020392185       6.70782895 
    -0.020268596       6.84846637 
    -0.020145007        6.9914313 
    -0.020021418       7.13672374 
    -0.019897829       7.28434369 
     -0.01977424       7.42508211 
    -0.019650651       7.57752949 
    -0.019527062       7.73230221 
    -0.019403473       7.88940027 
    -0.019279884       8.04882368 
    -0.019156295       8.21057242 
    -0.019032706       8.37464651 
    -0.018909117       8.54104594 
    -0.018785528       8.70977072 
    -0.018661939       8.86614208 
     -0.01853835       9.03980163 
    -0.018414761       9.21574704 
    -0.018291172       9.39397831 
    -0.018167583       9.57449544 
    -0.018043994       9.75729844 
    -0.017920405        9.9423873 
    -0.017796816        10.129762 
    -0.017673227       10.3194226 
    -0.017549638       10.5113691 
    -0.017426049       10.7132033 
     -0.01730246        10.908369 
    -0.017178871       11.1056043 
    -0.017055282       11.3049092 
    -0.016931693       11.5062836 
    -0.016808104        11.688877 
    -0.016684515       11.8966611 
    -0.016560926       12.1074833 
    -0.016437337       12.3213434 
    -0.016313748       12.5532173 
    -0.016190159       12.7720029 
     -0.01606657       12.9929769 
    -0.015942981       13.2161391 
    -0.015819392       13.4414898 
    -0.015695803       13.6760669 
    -0.015572214       13.9022225 
    -0.015448625       14.1293921 
    -0.015325036       14.3511372 
    -0.015201447       14.5827165 
    -0.015077858       14.8257471 
    -0.014954269       15.0607802 
     -0.01483068       15.2990112 
    -0.014707091       15.5366082 
    -0.014583502       15.7753386 
    -0.014459913       16.0150636 
    -0.014336324       16.2558409 
    -0.014212735       16.4970598 
    -0.014089146       16.7396124 
    -0.013965557       16.9829367 
    -0.013841968       17.2262491 
    -0.013718379       17.4708605 
     -0.01359479       17.7151792 
    -0.013471201        17.960758 
    -0.013347612       18.2057797 
    -0.013224023       18.4519987 
    -0.013100434       18.6983946 
    -0.012976845       18.9439299 
    -0.012853256       19.1904299 
    -0.012729667       19.4358954 
    -0.012606078        19.682169 
    -0.012482489       19.9282142 
      -0.0123589       20.1729791 
    -0.012235311       20.4182814 
    -0.012111722        20.662282 
    -0.011988133       20.9065455 
    -0.011864544       21.1496076 
    -0.011740955       21.3925685 
    -0.011617366       21.6348015 
    -0.011493777       21.8761184 
    -0.011370188       22.1167817 
    -0.011246599       22.3573027 
     -0.01112301       22.5964347 
    -0.010999421       22.8351546 
    -0.010875832       23.0731394 
    -0.010752243       23.3105748 
    -0.010628654        23.554291 
    -0.010505065       23.7879123 
    -0.010381476       24.0070754 
    -0.010257887        24.231123 
    -0.010134298       24.4528442 
    -0.010010709        24.672239 
     -0.00988712       24.8893073 
    -0.009763531       25.0924334 
    -0.009639942       25.3087567 
    -0.009516353       25.5252211 
    -0.009392764       25.7418265 
    -0.009269175       25.9585731 
    -0.009145586       26.2063773 
    -0.009021997       26.4202492 
    -0.008898408        26.629115 
    -0.008774819       26.8329748 
     -0.00865123       27.0318286 
    -0.008527641       27.2450504 
    -0.008404052       27.4349965 
    -0.008280463       27.6208844 
    -0.008156874        27.802714 
    -0.008033285       27.9804854 
    -0.007909696       28.1541987 
    -0.007786107       28.3238537 
    -0.007662518       28.4894505 
    -0.007538929       28.6509891 
     -0.00741534       28.8084694 
    -0.007291751        28.828301 
    -0.007168162       28.9851608 
    -0.007044573       29.1404174 
    -0.006920984       29.2940708 
    -0.006797395       29.4461208 
    -0.006673806       29.5965676 
    -0.006550217       29.7454111 
    -0.006426628       29.8926514 
    -0.006303039       30.0382884 
     -0.00617945       30.1823221 
    -0.006055861       30.3921563 
    -0.005932272       30.5294615 
    -0.005808683       30.6638519 
    -0.005685094       30.7953273 
    -0.005561505       30.9238879 
    -0.005437916       31.0495337 
    -0.005314327       31.1722645 
    -0.005190738       31.2920805 
    -0.005067149       31.4089817 
     -0.00494356       31.5229679 
    -0.004819971       31.6285353 
    -0.004696382       31.7361324 
    -0.004572793       31.8408112 
    -0.004449204       31.9425716 
    -0.004325615       32.0414137 
    -0.004202026       32.1373374 
    -0.004078437       32.2303427 
    -0.003954848       32.3204298 
    -0.003831259       32.4075984 
     -0.00370767       32.4918487 
    -0.003584081       32.5791084 
    -0.003460492       32.6576972 
    -0.003336903       32.7334713 
    -0.003213314       32.8064309 
    -0.003089725       32.8765758 
    -0.002966136       32.9439061 
    -0.002842547       33.0084217 
    -0.002718958       33.0701227 
    -0.002595369       33.1290091 
     -0.00247178       33.1850808 
    -0.002348191       33.2574846 
    -0.002224602       33.3082905 
    -0.002101013       33.3563501 
    -0.001977424       33.4016635 
    -0.001853835       33.4442306 
    -0.001730246       33.4840514 
    -0.001606657        33.521126 
    -0.001483068       33.5554543 
    -0.001359479       33.5870364 
     -0.00123589       33.6158722 
    -0.001112301       33.6532976 
    -0.000988712       33.6780478 
    -0.000865123       33.6998862 
    -0.000741534       33.7188128 
    -0.000617945       33.7348276 
    -0.000494356       33.7479306 
    -0.000370767       33.7581218 
    -0.000247178       33.7654013 
    -0.000123589        33.769769 
               0       33.7712249 
     0.000123589        33.769769 
     0.000247178       33.7654013 
     0.000370767       33.7581218 
     0.000494356       33.7479306 
     0.000617945       33.7348276 
     0.000741534       33.7188128 
     0.000865123       33.6998862 
     0.000988712       33.6780478 
     0.001112301       33.6532976 
      0.00123589       33.6158722 
     0.001359479       33.5870364 
     0.001483068       33.5554543 
     0.001606657        33.521126 
     0.001730246       33.4840514 
     0.001853835       33.4442306 
     0.001977424       33.4016635 
     0.002101013       33.3563501 
     0.002224602       33.3082905 
     0.002348191       33.2574846 
      0.00247178       33.1850808 
     0.002595369       33.1290091 
     0.002718958       33.0701227 
     0.002842547       33.0084217 
     0.002966136       32.9439061 
     0.003089725       32.8765758 
     0.003213314       32.8064309 
     0.003336903       32.7334713 
     0.003460492       32.6576972 
     0.003584081       32.5791084 
      0.00370767       32.4918487 
     0.003831259       32.4075984 
     0.003954848       32.3204298 
     0.004078437       32.2303427 
     0.004202026       32.1373374 
     0.004325615       32.0414137 
     0.004449204       31.9425716 
     0.004572793       31.8408112 
     0.004696382       31.7361324 
     0.004819971       31.6285353 
      0.00494356       31.5229679 
     0.005067149       31.4089817 
     0.005190738       31.2920805 
     0.005314327       31.1722645 
     0.005437916       31.0495337 
     0.005561505       30.9238879 
     0.005685094       30.7953273 
     0.005808683       30.6638519 
     0.005932272       30.5294615 
     0.006055861       30.3921563 
      0.00617945       30.1823221 
     0.006303039       30.0382884 
     0.006426628       29.8926514 
     0.006550217       29.7454111 
     0.006673806       29.5965676 
     0.006797395       29.4461208 
     0.006920984       29.2940708 
     0.007044573       29.1404174 
     0.007168162       28.9851608 
     0.007291751        28.828301 
      0.00741534       28.8084694 
     0.007538929       28.6509891 
     0.007662518       28.4894505 
     0.007786107       28.3238537 
     0.007909696       28.1541987 
     0.008033285       27.9804854 
     0.008156874        27.802714 
     0.008280463       27.6208844 
     0.008404052       27.4349965 
     0.008527641       27.2450504 
      0.00865123       27.0318286 
     0.008774819       26.8329748 
     0.008898408        26.629115 
     0.009021997       26.4202492 
     0.009145586       26.2063773 
     0.009269175       25.9585731 
     0.009392764       25.7418265 
     0.009516353       25.5252211 
     0.009639942       25.3087567 
     0.009763531       25.0924334 
      0.00988712       24.8893073 
     0.010010709        24.672239 
     0.010134298       24.4528442 
     0.010257887        24.231123 
     0.010381476       24.0070754 
     0.010505065       23.7879123 
     0.010628654        23.554291 
     0.010752243       23.3105748 
     0.010875832       23.0731394 
     0.010999421       22.8351546 
      0.01112301       22.5964347 
     0.011246599       22.3573027 
     0.011370188       22.1167817 
     0.011493777       21.8761184 
     0.011617366       21.6348015 
     0.011740955       21.3925685 
     0.011864544       21.1496076 
     0.011988133       20.9065455 
     0.012111722        20.662282 
     0.012235311       20.4182814 
       0.0123589       20.1729791 
     0.012482489       19.9282142 
     0.012606078        19.682169 
     0.012729667       19.4358954 
     0.012853256       19.1904299 
     0.012976845       18.9439299 
     0.013100434       18.6983946 
     0.013224023       18.4519987 
     0.013347612       18.2057797 
     0.013471201        17.960758 
      0.01359479       17.7151792 
     0.013718379       17.4708605 
     0.013841968       17.2262491 
     0.013965557       16.9829367 
     0.014089146       16.7396124 
     0.014212735       16.4970598 
     0.014336324       16.2558409 
     0.014459913       16.0150636 
     0.014583502       15.7753386 
     0.014707091       15.5366082 
      0.01483068       15.2990112 
     0.014954269       15.0607802 
     0.015077858       14.8257471 
     0.015201447       14.5827165 
     0.015325036       14.3511372 
     0.015448625       14.1293921 
     0.015572214       13.9022225 
     0.015695803       13.6760669 
     0.015819392       13.4414898 
     0.015942981       13.2161391 
      0.01606657       12.9929769 
     0.016190159       12.7720029 
     0.016313748       12.5532173 
     0.016437337       12.3213434 
     0.016560926       12.1074833 
     0.016684515       11.8966611 
     0.016808104        11.688877 
     0.016931693       11.5062836 
     0.017055282       11.3049092 
     0.017178871       11.1056043 
      0.01730246        10.908369 
     0.017426049       10.7132033 
     0.017549638       10.5113691 
     0.017673227       10.3194226 
     0.017796816        10.129762 
     0.017920405        9.9423873 
     0.018043994       9.75729844 
     0.018167583       9.57449544 
     0.018291172       9.39397831 
     0.018414761       9.21574704 
      0.01853835       9.03980163 
     0.018661939       8.86614208 
     0.018785528       8.70977072 
     0.018909117       8.54104594 
     0.019032706       8.37464651 
     0.019156295       8.21057242 
     0.019279884       8.04882368 
     0.019403473       7.88940027 
     0.019527062       7.73230221 
     0.019650651       7.57752949 
      0.01977424       7.42508211 
     0.019897829       7.28434369 
     0.020021418       7.13672374 
     0.020145007        6.9914313 
     0.020268596       6.84846637 
     0.020392185       6.70782895 
     0.020515774       6.56951904 
     0.020639363       6.43353663 
     0.020762952       6.29988173 
     0.020886541       6.16855435 
      0.02101013       6.03955447 
     0.021133719       5.91709262 
     0.021257308       5.79254487 
     0.021380897       5.67015297 
     0.021504486       5.54991691 
     0.021628075       5.43183669 
     0.021751664       5.31591232 
     0.021875253       5.20214378 
     0.021998842        5.0905311 
     0.022122431       4.98107425 
      0.02224602       4.87628055 
     0.022369609        4.7709182 
     0.022493198       4.66748075 
     0.022616787       4.56596822 
     0.022740376       4.46638059 
     0.022863965       4.36871787 
     0.022987554       4.27298006 
     0.023111143       4.17916715 
     0.023234732       4.08727915 
     0.023358321       3.99943906 
      0.02348191       3.91125813 
     0.023605499       3.82475047 
     0.023729088       3.73991607 
     0.023852677       3.65675495 
     0.023976266       3.57526709 
     0.024099855        3.4954525 
     0.024223444       3.41731117 
     0.024347033       3.34084312 
     0.024470622       3.26604833 
     0.024594211       3.19467996 
       0.0247178       3.12294032 
     0.024841389       3.05262526 
     0.024964978       2.98373477 
     0.025088567       2.91626886 
     0.025212156       2.85022753 
     0.025335745       2.78561077 
     0.025459334       2.72241859 
     0.025582923       2.66065098 
     0.025706512       2.60182971 
     0.025830101       2.54273472 
      0.02595369       2.48483342 
     0.026077279       2.42812581 
     0.026200868       2.37261189 
     0.026324457       2.31829165 
     0.026448046        2.2651651 
     0.026571635       2.21323224 
     0.026695224       2.16249307 
     0.026818813       2.11294758 
     0.026942402       2.06579933 
     0.027065991       2.01836364 
      0.02718958       1.97191615 
     0.027313169       1.92645687 
     0.027436758       1.88198578 
     0.027560347        1.8385029 
     0.027683936       1.79600823 
     0.027807525       1.75450175 
     0.027931114       1.71398348 
     0.028054703        1.6754919 
     0.028178292       1.63678439 
     0.028301881       1.59888753 
      0.02842547       1.56180133 
     0.028549059       1.52552578 
     0.028672648       1.49006089 
     0.028796237       1.45540666 
     0.028919826       1.42156308 
     0.029043415       1.38853015 
     0.029167004       1.35630788 
     0.029290593       1.32568252 
     0.029414182       1.29485443 
     0.029537771       1.26468679 
      0.02966136       1.23517961 
     0.029784949       1.20633289 
     0.029908538       1.17814664 
     0.030032127       1.15062084 
     0.030155716        1.1237555 
     0.030279305       1.09755063 
     0.030402894       1.07268582 
     0.030526483       1.04766552 
     0.030650072       1.02318056 
     0.030773661       0.99923094 
      0.03089725      0.975816652 
     0.031020839      0.952937699 
     0.031144428      0.930594083 
     0.031268017      0.908785802 
     0.031391606      0.887512858 
     0.031515195      0.867340847 
     0.031638784      0.847069976 
     0.031762373      0.827231361 
     0.031885962      0.807825002 
     0.032009551      0.788850901 
      0.03213314      0.770309056 
     0.032256729      0.752199468 
     0.032380318      0.734522137 
     0.032503907      0.717277063 
     0.032627496      0.700464246 
     0.032751085      0.684517366 
     0.032874674      0.668464604 
     0.032998263      0.652759873 
     0.033121852      0.637403175 
     0.033245441      0.622394508 
      0.03336903      0.607733873 
     0.033492619       0.59342127 
     0.033616208      0.579456699 
     0.033739797       0.56584016 
     0.033863386      0.552935289 
     0.033986975      0.539959125 
     0.034110564      0.527262587 
     0.034234153      0.514845675 
     0.034357742      0.502708388 
     0.034481331      0.490850726 
      0.03460492       0.47927269 
     0.034728509       0.46797428 
     0.034852098      0.456955495 
     0.034975687      0.446216336 
     0.035099276      0.436029411 
     0.035222865      0.425772772 
     0.035346454      0.415740445 
     0.035470043      0.405932431 
     0.035593632       0.39634873 
     0.035717221       0.38698934 
      0.03584081      0.377854264 
     0.035964399        0.3689435 
     0.036087988      0.360257048 
     0.036211577      0.352026034 
     0.036335166      0.343745422 
     0.036458755      0.335644542 
     0.036582344      0.327723395 
     0.036705933       0.31998198 
     0.036829522      0.312420298 
     0.036953111      0.305038348 
       0.0370767       0.29783613 
     0.037200289      0.290813645 
     0.037323878      0.283970893 
     0.037447467       0.27747758 
     0.037571056       0.27093939 
     0.037694645      0.264545089 
     0.037818234      0.258294677 
     0.037941823      0.252188154 
     0.038065412      0.246225521 
     0.038189001      0.240406778 
      0.03831259      0.234731923 
     0.038436179      0.229200959 
     0.038559768      0.223959695 
     0.038683357      0.218684771 
     0.038806946      0.213524969 
     0.038930535       0.20848029 
     0.039054124      0.203550733 
     0.039177713      0.198736299 
     0.039301302      0.194036988 
     0.039424891      0.189452798 
      0.03954848      0.184983732 
     0.039672069      0.180750255 
     0.039795658      0.176495885 
     0.039919247      0.172333581 
     0.040042836      0.168263342 
     0.040166425      0.164285168 
     0.040290014      0.160399061 
     0.040413603      0.156605019 
     0.040537192      0.152903043 
     0.040660781      0.149293132 
      0.04078437      0.145775287 
     0.040907959      0.142441012 
     0.041031548      0.139084314 
     0.041155137       0.13580122 
     0.041278726       0.13259173 
     0.041402315      0.129455845 
     0.041525904      0.126393563 
     0.041649493      0.123404885 
     0.041773082      0.120489812 
     0.041896671      0.117648342 
      0.04202026      0.114957023 
     0.042143849      0.112250721 
     0.042267438      0.109603253 
     0.042391027      0.107014618 
     0.042514616      0.104484817 
     0.042638205      0.102013849 
     0.042761794     0.0996017145 
     0.042885383     0.0972484133 
     0.043008972     0.0949539454 
     0.043132561      0.092718311 
      0.04325615     0.0905986966 
     0.043379739     0.0884643741 
     0.043503328     0.0863770747 
     0.043626917     0.0843367985 
     0.043750506     0.0823435455 
     0.043874095     0.0803973156 
     0.043997684     0.0784981089 
     0.044121273     0.0766459253 
     0.044244862     0.0748407648 
     0.044368451     0.0731310974 
      0.04449204     0.0714109802 
     0.044615629     0.0697284482 
     0.044739218     0.0680835014 
     0.044862807     0.0664761397 
     0.044986396     0.0649063633 
     0.045109985     0.0633741719 
     0.045233574     0.0618795658 
     0.045357163     0.0604225449 
     0.045480752     0.0590031091 
     0.045604341     0.0576568727 
      0.04572793      0.056301131 
     0.045851519     0.0549754363 
     0.045975108     0.0536797885 
     0.046098697     0.0524141878 
     0.046222286      0.051178634 
     0.046345875     0.0499731272 
     0.046469464     0.0487976675 
     0.046593053     0.0476522547 
     0.046716642      0.046567488 
     0.046840231     0.0454756091 
      0.04696382     0.0444077599 
     0.047087409     0.0433639405 
     0.047210998     0.0423441509 
     0.047334587     0.0413483911 
     0.047458176      0.040376661 
     0.047581765     0.0394289608 
     0.047705354     0.0385052903 
     0.047828943     0.0376309123 
     0.047952532     0.0367521471 
     0.048076121     0.0358926122 
      0.04819971     0.0350523076 
     0.048323299     0.0342312333 
     0.048446888     0.0334293893 
     0.048570477     0.0326467756 
     0.048694066     0.0318833922 
     0.048817655     0.0311392391 
     0.048941244     0.0304143163 
     0.049064833      0.029727884 
     0.049188422     0.0290367441 
     0.049312011     0.0283610103 
       0.0494356     0.0277006828 
     0.049559189     0.0270557614 
     0.049682778     0.0264262461 
     0.049806367     0.0258121371 
     0.049929956     0.0252134342 
     0.050053545     0.0246301375 
     0.050177134      0.024078329 
     0.050300723     0.0235234473 
     0.050424312     0.0229809297 
     0.050547901     0.0224507759 
      0.05067149     0.0219329862 
     0.050795079     0.0214275604 
     0.050918668     0.0209344985 
     0.051042257     0.0204538006 
     0.051165846     0.0199854667 
     0.051289435     0.0195294967 
     0.051413024     0.0190979811 
     0.051536613     0.0186634766 
     0.051660202     0.0182389216 
     0.051783791     0.0178243163 
      0.05190738     0.0174196605 
     0.052030969     0.0170249543 
     0.052154558     0.0166401976 
     0.052278147     0.0162653906 
     0.052401736     0.0159005331 
     0.052525325      0.015555838 
     0.052648914     0.0152091378 
     0.052772503     0.0148704781 
     0.052896092     0.0145398591 
     0.053019681     0.0142172807 
      0.05314327     0.0139027428 
     0.053266859     0.0135962456 
     0.053390448      0.013297789 
     0.053514037      0.013007373 
     0.053637626     0.0127249976 
     0.053761215     0.0124582803 
     0.053884804     0.0121897791 
     0.054008393     0.0119278181 
     0.054131982     0.0116723971 
     0.054255571     0.0114235163 
      0.05437916     0.0111811757 
     0.054502749     0.0109453751 
     0.054626338     0.0107161147 
     0.054749927     0.0104933944 
     0.054873516     0.0102838028 
     0.054997105     0.0100729656 
     0.055120694    0.00986750006 
     0.055244283    0.00966740624 
     0.055367872    0.00947268414 
     0.055491461    0.00928333373 
      0.05561505    0.00909935502 
     0.055738639    0.00892074802 
     0.055862228    0.00874751272 
     0.055985817    0.00858533823 
     0.056109406    0.00842233633 
     0.056232995    0.00826380957 
     0.056356584    0.00810975796 
     0.056480173     0.0079601815 
     0.056603762    0.00781508018 
     0.056727351    0.00767445401 
      0.05685094    0.00753830299 
     0.056974529    0.00740662711 
     0.057098118    0.00727942638 
     0.057221707    0.00716192886 
     0.057345296    0.00704294971 
     0.057468885    0.00692776987 
     0.057592474    0.00681638933 
     0.057716063    0.00670880809 
     0.057839652    0.00660502616 
     0.057963241    0.00650504353 
      0.05808683    0.00640886021 
     0.058210419    0.00631647619 
     0.058334008    0.00625413609 
     0.058457597    0.00617023567 
     0.058581186    0.00608938618 
     0.058704775    0.00601158761 
     0.058828364    0.00593683996 
     0.058951953    0.00586514324 
     0.059075542    0.00579649745 
     0.059199131    0.00573090258 
      0.05932272    0.00566835863 
     0.059446309    0.00560886561 
     0.059569898    0.00553268021 
     0.059693487    0.00547922382 
     0.059817076    0.00542882208 
     0.059940665    0.00538147499 
     0.060064254    0.00533718255 
     0.060187843    0.00529594476 
     0.060311432    0.00525776162 
     0.060435021    0.00522263314 
      0.06055861     0.0051905593 
     0.060682199    0.00515064314 
     0.060805788    0.00512321076 
     0.060929377    0.00509900572 
     0.061052966    0.00507802803 
     0.061176555    0.00506027767 
     0.061300144    0.00504575464 
     0.061423733    0.00503445896 
     0.061547322    0.00502639061 
     0.061670911    0.00502154961 
       0.0617945    0.00501993594 
