       -0.078338   0.000375415219 
    -0.078181324   0.000375609685 
    -0.078024648   0.000376193086 
    -0.077867972    0.00037716542 
    -0.077711296   0.000378526687 
     -0.07755462   0.000380276888 
    -0.077397944   0.000382416023 
    -0.077241268   0.000384944092 
    -0.077084592     0.0003885805 
    -0.076927916   0.000391706734 
     -0.07677124   0.000395200759 
    -0.076614564   0.000399062577 
    -0.076457888   0.000403292187 
    -0.076301212   0.000407889589 
    -0.076144536   0.000412854784 
     -0.07598786    0.00041818777 
    -0.075831184     0.0004254169 
    -0.075674508   0.000431478698 
    -0.075517832   0.000437907878 
    -0.075361156   0.000444704439 
     -0.07520448   0.000451868383 
    -0.075047804   0.000459399708 
    -0.074891128   0.000467298415 
    -0.074734452   0.000473628335 
    -0.074577776   0.000482494581 
      -0.0744211   0.000491820252 
    -0.074264424   0.000501605349 
    -0.074107748   0.000511849871 
    -0.073951072   0.000522553818 
    -0.073794396   0.000533717191 
     -0.07363772   0.000545339989 
    -0.073481044   0.000557048036 
    -0.073324368   0.000569719172 
    -0.073167692   0.000582932932 
    -0.073011016   0.000596689316 
     -0.07285434   0.000610988324 
    -0.072697664   0.000625829956 
    -0.072540988   0.000641214213 
    -0.072384312   0.000656702374 
    -0.072227636   0.000673281719 
     -0.07207096   0.000690514231 
    -0.071914284    0.00070839991 
    -0.071757608   0.000726938755 
    -0.071600932   0.000746130768 
    -0.071444256   0.000765975947 
     -0.07128758   0.000786474293 
    -0.071130904   0.000807153339 
    -0.070974228   0.000829168521 
    -0.070817552   0.000851981177 
    -0.070660876   0.000875591308 
      -0.0705042   0.000899998914 
    -0.070347524   0.000925203993 
    -0.070190848   0.000951206547 
    -0.070034172   0.000977357299 
    -0.069877496    0.00100512772 
     -0.06972082    0.00103388128 
    -0.069564144    0.00106361798 
    -0.069407468    0.00109433782 
    -0.069250792     0.0011260408 
    -0.069094116    0.00115872691 
     -0.06893744    0.00119239616 
    -0.068780764     0.0012263133 
    -0.068624088    0.00126228202 
    -0.068467412    0.00129947056 
    -0.068310736    0.00133787892 
     -0.06815406    0.00137750711 
    -0.067997384    0.00141835512 
    -0.067840708    0.00146042295 
    -0.067684032    0.00150269007 
    -0.067527356    0.00154746346 
     -0.06737068    0.00159375667 
    -0.067214004     0.0016415697 
    -0.067057328    0.00169090254 
    -0.066900652    0.00174175521 
    -0.066743976    0.00179412769 
      -0.0665873       0.00184802 
    -0.066430624    0.00190226785 
    -0.066273948    0.00195971758 
    -0.066117272      0.002019066 
    -0.065960596     0.0020803131 
     -0.06580392     0.0021434589 
    -0.065647244    0.00220850339 
    -0.065490568    0.00227544656 
    -0.065333892    0.00234268076 
    -0.065177216    0.00241382622 
     -0.06502054    0.00248734777 
    -0.064863864     0.0025632454 
    -0.064707188    0.00264151911 
    -0.064550512    0.00272216891 
    -0.064393836     0.0028051948 
     -0.06423716    0.00289059678 
    -0.064080484    0.00297653231 
    -0.063923808    0.00306748571 
    -0.063767132    0.00316141587 
    -0.063610456    0.00325832279 
     -0.06345378    0.00335820648 
    -0.063297104    0.00346106694 
    -0.063140428    0.00356690415 
    -0.062983752    0.00367318825 
    -0.062827076    0.00378559349 
      -0.0626704    0.00390173059 
    -0.062513724    0.00402159956 
    -0.062357048     0.0041452004 
    -0.062200372    0.00427253309 
    -0.062043696    0.00440359766 
     -0.06188702    0.00453839409 
    -0.061730344    0.00467400899 
    -0.061573668    0.00481750017 
    -0.061416992    0.00496567188 
    -0.061260316    0.00511852413 
     -0.06110364     0.0052760569 
    -0.060946964    0.00543827022 
    -0.060790288    0.00560516406 
    -0.060633612    0.00577275836 
    -0.060476936    0.00594994495 
     -0.06032026    0.00613300347 
    -0.060163584    0.00632193394 
    -0.060006908    0.00651673634 
    -0.059850232    0.00671741069 
    -0.059693556    0.00692395697 
     -0.05953688     0.0071363752 
    -0.059380204    0.00735005926 
    -0.059223528    0.00757611635 
    -0.059066852    0.00780954127 
    -0.058910176      0.008050334 
      -0.0587535    0.00829849455 
    -0.058596824    0.00855402292 
    -0.058440148     0.0088169191 
    -0.058283472    0.00908091957 
    -0.058126796    0.00935996354 
     -0.05797012    0.00964825317 
    -0.057813444    0.00994578847 
    -0.057656768     0.0102525694 
    -0.057500092     0.0105685961 
    -0.057343416     0.0108938683 
     -0.05718674     0.0112283863 
    -0.057030064     0.0115648655 
    -0.056873388     0.0119207917 
    -0.056716712     0.0122883206 
    -0.056560036     0.0126674523 
     -0.05640336     0.0130581867 
    -0.056246684     0.0134605237 
    -0.056090008     0.0138744636 
    -0.055933332     0.0142901439 
    -0.055776656      0.014729429 
     -0.05561998     0.0151832751 
    -0.055463304     0.0156516822 
    -0.055306628     0.0161346502 
    -0.055149952     0.0166321793 
    -0.054993276     0.0171442693 
      -0.0548366     0.0176709203 
    -0.054679924     0.0182006076 
    -0.054523248     0.0187608706 
    -0.054366572      0.019339407 
    -0.054209896     0.0199362169 
     -0.05405322     0.0205513003 
    -0.053896544     0.0211846572 
    -0.053739868     0.0218362876 
    -0.053583192      0.022490655 
    -0.053426516     0.0231820735 
     -0.05326984      0.023896424 
    -0.053113164     0.0246337066 
    -0.052956488     0.0253939212 
    -0.052799812      0.026177068 
    -0.052643136     0.0269831468 
     -0.05248646     0.0278121577 
    -0.052329784     0.0286458603 
    -0.052173108     0.0295276457 
    -0.052016432     0.0304382084 
    -0.051859756     0.0313775483 
     -0.05170308     0.0323456655 
    -0.051546404     0.0333425599 
    -0.051389728     0.0343682315 
    -0.051233052     0.0353981943 
    -0.051076376     0.0364863258 
      -0.0509197     0.0376105675 
    -0.050763024     0.0387709195 
    -0.050606348     0.0399673817 
    -0.050449672     0.0411999542 
    -0.050292996      0.042468637 
     -0.05013632       0.04377343 
    -0.049979644     0.0450854557 
    -0.049822968     0.0464731003 
    -0.049666292     0.0479060532 
    -0.049509616     0.0493843143 
     -0.04935294     0.0509078837 
    -0.049196264     0.0524767613 
    -0.049039588     0.0540909471 
    -0.048882912     0.0557118382 
    -0.048726236     0.0574240555 
     -0.04856956     0.0591931157 
    -0.048412884     0.0610190187 
    -0.048256208     0.0629017646 
    -0.048099532     0.0648413534 
    -0.047942856      0.066837785 
     -0.04778618     0.0688910595 
    -0.047629504     0.0709554529 
    -0.047472828     0.0731387541 
    -0.047316152     0.0753933586 
    -0.047159476     0.0777192664 
      -0.0470028     0.0801164775 
    -0.046846124     0.0825849919 
    -0.046689448     0.0851248096 
    -0.046532772     0.0876750687 
    -0.046376096     0.0903686811 
     -0.04621942     0.0931517176 
    -0.046062744     0.0960241784 
    -0.045906068     0.0989860635 
    -0.045749392      0.102037373 
    -0.045592716      0.105178106 
     -0.04543604      0.108408264 
    -0.045279364      0.111655461 
    -0.045122688      0.115089544 
    -0.044966012      0.118635747 
    -0.044809336      0.122294069 
     -0.04465266      0.126064511 
    -0.044495984      0.129947072 
    -0.044339308      0.133941753 
    -0.044182632      0.137952633 
    -0.044025956      0.142188386 
     -0.04386928      0.146564662 
    -0.043712604       0.15108146 
    -0.043555928       0.15573878 
    -0.043399252      0.160536623 
    -0.043242576      0.165474989 
      -0.0430859      0.170553877 
    -0.042929224      0.175658783 
    -0.042772548      0.181057087 
    -0.042615872      0.186631423 
    -0.042459196      0.192381791 
     -0.04230252       0.19830819 
    -0.042145844      0.204410622 
    -0.041989168      0.210689085 
    -0.041832492      0.216992587 
    -0.041675816      0.223648328 
     -0.04151914      0.230524433 
    -0.041362464      0.237620903 
    -0.041205788      0.244937737 
    -0.041049112      0.252474936 
    -0.040892436      0.260232499 
     -0.04073576      0.268210426 
    -0.040579084       0.27622792 
    -0.040422408      0.284704978 
    -0.040265732      0.293457642 
    -0.040109056      0.302485913 
     -0.03995238      0.311789792 
    -0.039795704      0.321369277 
    -0.039639028       0.33122437 
    -0.039482352      0.341118017 
    -0.039325676       0.35156181 
       -0.039169      0.362349871 
    -0.039012324      0.373482201 
    -0.038855648        0.3849588 
    -0.038698972      0.396779667 
    -0.038542296      0.408944803 
     -0.03838562      0.421454208 
    -0.038228944      0.434023527 
    -0.038072268        0.4473095 
    -0.037915592      0.461024783 
    -0.037758916      0.475169377 
     -0.03760224      0.489743282 
    -0.037445564      0.504746497 
    -0.037288888      0.520179023 
    -0.037132212      0.535670761 
    -0.036975536      0.552016932 
     -0.03681886      0.568897245 
    -0.036662184      0.586311698 
    -0.036505508      0.604260293 
    -0.036348832      0.622743028 
    -0.036192156      0.641759905 
     -0.03603548      0.661310922 
    -0.035878804      0.680952336 
    -0.035722128      0.701701995 
    -0.035565452      0.723114185 
    -0.035408776      0.745188904 
      -0.0352521      0.767926154 
    -0.035095424      0.791325934 
    -0.034938748      0.815388244 
    -0.034782072      0.839541488 
    -0.034625396       0.86500784 
     -0.03446872      0.891292582 
    -0.034312044      0.918395715 
    -0.034155368      0.946317238 
    -0.033998692      0.975057152 
    -0.033842016       1.00461546 
     -0.03368534       1.03499215 
    -0.033528664       1.06550492 
    -0.033371988       1.09770522 
    -0.033215312       1.13091086 
    -0.033058636       1.16512182 
     -0.03290196       1.20033811 
    -0.032745284       1.23655973 
    -0.032588608       1.27378667 
    -0.032431932        1.3111533 
    -0.032275256       1.35049982 
     -0.03211858       1.39107219 
    -0.031961904        1.4328704 
    -0.031805228       1.47589446 
    -0.031648552       1.52014437 
    -0.031491876       1.56562012 
      -0.0313352       1.61232172 
    -0.031178524       1.65922583 
    -0.031021848       1.70863107 
    -0.030865172       1.75951636 
    -0.030708496       1.81188172 
     -0.03055182       1.86572713 
    -0.030395144       1.92105259 
    -0.030238468       1.97785812 
    -0.030081792       2.03614371 
    -0.029925116       2.09477432 
     -0.02976844        2.1564434 
    -0.029611764       2.21987623 
    -0.029455088       2.28507281 
    -0.029298412       2.35203314 
    -0.029141736       2.42075721 
     -0.02898506       2.49124504 
    -0.028828384       2.56199408 
    -0.028671708       2.63631176 
    -0.028515032       2.71269535 
    -0.028358356       2.79114485 
     -0.02820168       2.87166027 
    -0.028045004       2.95424159 
    -0.027888328       3.03888882 
    -0.027731652       3.12560197 
    -0.027574976        3.2126454 
      -0.0274183       3.30394753 
    -0.027261624       3.39761619 
    -0.027104948       3.49365137 
    -0.026948272       3.59205306 
    -0.026791596       3.69282128 
     -0.02663492       3.79595602 
    -0.026478244        3.8983006 
    -0.026321568       4.00645837 
    -0.026164892       4.11724315 
    -0.026008216       4.23065492 
     -0.02585154        4.3466937 
    -0.025694864       4.46535947 
    -0.025538188       4.58665224 
    -0.025381512       4.71057201 
    -0.025224836       4.82980004 
     -0.02506816       4.95926085 
    -0.024911484       5.09142997 
    -0.024754808       5.22630741 
    -0.024598132       5.36389317 
    -0.024441456       5.50418724 
     -0.02428478       5.64718963 
    -0.024128104       5.78498213 
    -0.023971428       5.93367728 
    -0.023814752       6.08508608 
    -0.023658076       6.23920852 
      -0.0235014       6.39604461 
    -0.023344724       6.55559434 
    -0.023188048       6.71785771 
    -0.023031372       6.88283472 
    -0.022874696       7.05309398 
     -0.02271802       7.22314331 
    -0.022561344       7.39592554 
    -0.022404668       7.55824427 
    -0.022247992       7.73800004 
    -0.022091316       7.92157038 
     -0.02193464       8.10895527 
    -0.021777964       8.31036117 
    -0.021621288       8.50408997 
    -0.021464612       8.70070477 
    -0.021307936       8.90020558 
     -0.02115126       9.10705589 
    -0.020994584       9.30891472 
    -0.020837908       9.50744157 
    -0.020681232         9.714851 
    -0.020524556       9.93209983 
     -0.02036788       10.1446947 
    -0.020211204       10.3605855 
    -0.020054528       10.5771615 
    -0.019897852       10.7955926 
    -0.019741176       11.0158033 
      -0.0195845       11.2374096 
    -0.019427824       11.4608888 
    -0.019271148       11.6854046 
    -0.019114472       11.9117391 
    -0.018957796       12.1387768 
     -0.01880112       12.3675181 
    -0.018644444       12.5966453 
    -0.018487768       12.8273185 
    -0.018331092       13.0580722 
    -0.018174416       13.2901835 
     -0.01801774       13.5220812 
    -0.017861064       13.7551244 
    -0.017704388       13.9876734 
    -0.017547712       14.2211375 
    -0.017391036       14.4538472 
     -0.01723436       14.6872245 
    -0.017077684       14.9196225 
    -0.016921008       15.1524214 
    -0.016764332       15.3840804 
    -0.016607656       15.6158447 
     -0.01645098       15.8464319 
    -0.016294304       16.0766178 
    -0.016137628       16.3061405 
    -0.015980952       16.5353063 
    -0.015824276        16.763177 
      -0.0156676       16.9905817 
    -0.015510924       17.2172593 
    -0.015354248        17.448178 
    -0.015197572        17.672867 
    -0.015040896       17.8862357 
     -0.01488422        18.100396 
    -0.014727544       18.3118144 
    -0.014570868       18.5204907 
    -0.014414192       18.7166397 
    -0.014257516       18.9241313 
     -0.01410084       19.1319901 
    -0.013944164       19.3402162 
    -0.013787488       19.5708196 
    -0.013630812       19.7758526 
    -0.013474136       19.9752187 
     -0.01331746       20.1689179 
    -0.013160784       20.3738201 
    -0.013004108       20.5574804 
    -0.012847432        20.736543 
    -0.012690756       20.9110078 
     -0.01253408        21.080875 
    -0.012377404       21.2461445 
    -0.012220728       21.4068163 
    -0.012064052       21.5628904 
    -0.011907376       21.6196412 
      -0.0117507       21.7753551 
    -0.011594024       21.9295363 
    -0.011437348       22.0821848 
    -0.011280672       22.2333007 
    -0.011123996       22.3828839 
     -0.01096732       22.5309344 
    -0.010810644       22.7258155 
    -0.010653968       22.8680144 
    -0.010497292       23.0072162 
    -0.010340616        23.143421 
     -0.01018394       23.2766287 
    -0.010027264       23.4068393 
    -0.009870588       23.5340528 
    -0.009713912       23.6582692 
    -0.009557236        23.774385 
     -0.00940056       23.8923004 
    -0.009243884       24.0073699 
    -0.009087208       24.1195937 
    -0.008930532       24.2289717 
    -0.008773856       24.3355039 
     -0.00861718       24.4391902 
    -0.008460504       24.5400308 
    -0.008303828       24.6411994 
    -0.008147152        24.736813 
    -0.007990476        24.829873 
      -0.0078338       24.9203791 
    -0.007677124       25.0083315 
    -0.007520448       25.0937301 
    -0.007363772       25.1765749 
    -0.007207096       25.2567716 
     -0.00705042        25.334737 
    -0.006893744         25.41043 
    -0.006737068       25.4838505 
    -0.006580392       25.5549986 
    -0.006423716       25.6238743 
     -0.00626704       25.6904776 
    -0.006110364       25.7548085 
    -0.005953688        25.816457 
    -0.005797012       25.8765516 
    -0.005640336       25.9346497 
     -0.00548366       25.9907513 
    -0.005326984       26.0448564 
    -0.005170308        26.096965 
    -0.005013632        26.147077 
    -0.004856956       26.1951926 
     -0.00470028       26.2408735 
    -0.004543604       26.2853453 
    -0.004386928       26.3280644 
    -0.004230252       26.3690306 
    -0.004073576        26.408244 
      -0.0039169       26.4457046 
    -0.003760224       26.4814124 
    -0.003603548       26.5150381 
    -0.003446872       26.5473885 
    -0.003290196       26.5781816 
     -0.00313352       26.6074175 
    -0.002976844       26.6350962 
    -0.002820168       26.6612178 
    -0.002663492       26.6857821 
    -0.002506816       26.7087892 
     -0.00235014       26.7328264 
    -0.002193464        26.752878 
    -0.002036788       26.7715468 
    -0.001880112       26.7888327 
    -0.001723436       26.8047357 
     -0.00156676       26.8192559 
    -0.001410084       26.8323931 
    -0.001253408       26.8441475 
    -0.001096732       26.8585463 
    -0.000940056       26.8678762 
     -0.00078338       26.8757707 
    -0.000626704       26.8822298 
    -0.000470028       26.8872536 
    -0.000313352        26.890842 
    -0.000156676        26.892995 
               0       26.8937127 
     0.000156676        26.892995 
     0.000313352        26.890842 
     0.000470028       26.8872536 
     0.000626704       26.8822298 
      0.00078338       26.8757707 
     0.000940056       26.8678762 
     0.001096732       26.8585463 
     0.001253408       26.8441475 
     0.001410084       26.8323931 
      0.00156676       26.8192559 
     0.001723436       26.8047357 
     0.001880112       26.7888327 
     0.002036788       26.7715468 
     0.002193464        26.752878 
      0.00235014       26.7328264 
     0.002506816       26.7087892 
     0.002663492       26.6857821 
     0.002820168       26.6612178 
     0.002976844       26.6350962 
      0.00313352       26.6074175 
     0.003290196       26.5781816 
     0.003446872       26.5473885 
     0.003603548       26.5150381 
     0.003760224       26.4814124 
       0.0039169       26.4457046 
     0.004073576        26.408244 
     0.004230252       26.3690306 
     0.004386928       26.3280644 
     0.004543604       26.2853453 
      0.00470028       26.2408735 
     0.004856956       26.1951926 
     0.005013632        26.147077 
     0.005170308        26.096965 
     0.005326984       26.0448564 
      0.00548366       25.9907513 
     0.005640336       25.9346497 
     0.005797012       25.8765516 
     0.005953688        25.816457 
     0.006110364       25.7548085 
      0.00626704       25.6904776 
     0.006423716       25.6238743 
     0.006580392       25.5549986 
     0.006737068       25.4838505 
     0.006893744         25.41043 
      0.00705042        25.334737 
     0.007207096       25.2567716 
     0.007363772       25.1765749 
     0.007520448       25.0937301 
     0.007677124       25.0083315 
       0.0078338       24.9203791 
     0.007990476        24.829873 
     0.008147152        24.736813 
     0.008303828       24.6411994 
     0.008460504       24.5400308 
      0.00861718       24.4391902 
     0.008773856       24.3355039 
     0.008930532       24.2289717 
     0.009087208       24.1195937 
     0.009243884       24.0073699 
      0.00940056       23.8923004 
     0.009557236        23.774385 
     0.009713912       23.6582692 
     0.009870588       23.5340528 
     0.010027264       23.4068393 
      0.01018394       23.2766287 
     0.010340616        23.143421 
     0.010497292       23.0072162 
     0.010653968       22.8680144 
     0.010810644       22.7258155 
      0.01096732       22.5309344 
     0.011123996       22.3828839 
     0.011280672       22.2333007 
     0.011437348       22.0821848 
     0.011594024       21.9295363 
       0.0117507       21.7753551 
     0.011907376       21.6196412 
     0.012064052       21.5628904 
     0.012220728       21.4068163 
     0.012377404       21.2461445 
      0.01253408        21.080875 
     0.012690756       20.9110078 
     0.012847432        20.736543 
     0.013004108       20.5574804 
     0.013160784       20.3738201 
      0.01331746       20.1689179 
     0.013474136       19.9752187 
     0.013630812       19.7758526 
     0.013787488       19.5708196 
     0.013944164       19.3402162 
      0.01410084       19.1319901 
     0.014257516       18.9241313 
     0.014414192       18.7166397 
     0.014570868       18.5204907 
     0.014727544       18.3118144 
      0.01488422        18.100396 
     0.015040896       17.8862357 
     0.015197572        17.672867 
     0.015354248        17.448178 
     0.015510924       17.2172593 
       0.0156676       16.9905817 
     0.015824276        16.763177 
     0.015980952       16.5353063 
     0.016137628       16.3061405 
     0.016294304       16.0766178 
      0.01645098       15.8464319 
     0.016607656       15.6158447 
     0.016764332       15.3840804 
     0.016921008       15.1524214 
     0.017077684       14.9196225 
      0.01723436       14.6872245 
     0.017391036       14.4538472 
     0.017547712       14.2211375 
     0.017704388       13.9876734 
     0.017861064       13.7551244 
      0.01801774       13.5220812 
     0.018174416       13.2901835 
     0.018331092       13.0580722 
     0.018487768       12.8273185 
     0.018644444       12.5966453 
      0.01880112       12.3675181 
     0.018957796       12.1387768 
     0.019114472       11.9117391 
     0.019271148       11.6854046 
     0.019427824       11.4608888 
       0.0195845       11.2374096 
     0.019741176       11.0158033 
     0.019897852       10.7955926 
     0.020054528       10.5771615 
     0.020211204       10.3605855 
      0.02036788       10.1446947 
     0.020524556       9.93209983 
     0.020681232         9.714851 
     0.020837908       9.50744157 
     0.020994584       9.30891472 
      0.02115126       9.10705589 
     0.021307936       8.90020558 
     0.021464612       8.70070477 
     0.021621288       8.50408997 
     0.021777964       8.31036117 
      0.02193464       8.10895527 
     0.022091316       7.92157038 
     0.022247992       7.73800004 
     0.022404668       7.55824427 
     0.022561344       7.39592554 
      0.02271802       7.22314331 
     0.022874696       7.05309398 
     0.023031372       6.88283472 
     0.023188048       6.71785771 
     0.023344724       6.55559434 
       0.0235014       6.39604461 
     0.023658076       6.23920852 
     0.023814752       6.08508608 
     0.023971428       5.93367728 
     0.024128104       5.78498213 
      0.02428478       5.64718963 
     0.024441456       5.50418724 
     0.024598132       5.36389317 
     0.024754808       5.22630741 
     0.024911484       5.09142997 
      0.02506816       4.95926085 
     0.025224836       4.82980004 
     0.025381512       4.71057201 
     0.025538188       4.58665224 
     0.025694864       4.46535947 
      0.02585154        4.3466937 
     0.026008216       4.23065492 
     0.026164892       4.11724315 
     0.026321568       4.00645837 
     0.026478244        3.8983006 
      0.02663492       3.79595602 
     0.026791596       3.69282128 
     0.026948272       3.59205306 
     0.027104948       3.49365137 
     0.027261624       3.39761619 
       0.0274183       3.30394753 
     0.027574976        3.2126454 
     0.027731652       3.12560197 
     0.027888328       3.03888882 
     0.028045004       2.95424159 
      0.02820168       2.87166027 
     0.028358356       2.79114485 
     0.028515032       2.71269535 
     0.028671708       2.63631176 
     0.028828384       2.56199408 
      0.02898506       2.49124504 
     0.029141736       2.42075721 
     0.029298412       2.35203314 
     0.029455088       2.28507281 
     0.029611764       2.21987623 
      0.02976844        2.1564434 
     0.029925116       2.09477432 
     0.030081792       2.03614371 
     0.030238468       1.97785812 
     0.030395144       1.92105259 
      0.03055182       1.86572713 
     0.030708496       1.81188172 
     0.030865172       1.75951636 
     0.031021848       1.70863107 
     0.031178524       1.65922583 
       0.0313352       1.61232172 
     0.031491876       1.56562012 
     0.031648552       1.52014437 
     0.031805228       1.47589446 
     0.031961904        1.4328704 
      0.03211858       1.39107219 
     0.032275256       1.35049982 
     0.032431932        1.3111533 
     0.032588608       1.27378667 
     0.032745284       1.23655973 
      0.03290196       1.20033811 
     0.033058636       1.16512182 
     0.033215312       1.13091086 
     0.033371988       1.09770522 
     0.033528664       1.06550492 
      0.03368534       1.03499215 
     0.033842016       1.00461546 
     0.033998692      0.975057152 
     0.034155368      0.946317238 
     0.034312044      0.918395715 
      0.03446872      0.891292582 
     0.034625396       0.86500784 
     0.034782072      0.839541488 
     0.034938748      0.815388244 
     0.035095424      0.791325934 
       0.0352521      0.767926154 
     0.035408776      0.745188904 
     0.035565452      0.723114185 
     0.035722128      0.701701995 
     0.035878804      0.680952336 
      0.03603548      0.661310922 
     0.036192156      0.641759905 
     0.036348832      0.622743028 
     0.036505508      0.604260293 
     0.036662184      0.586311698 
      0.03681886      0.568897245 
     0.036975536      0.552016932 
     0.037132212      0.535670761 
     0.037288888      0.520179023 
     0.037445564      0.504746497 
      0.03760224      0.489743282 
     0.037758916      0.475169377 
     0.037915592      0.461024783 
     0.038072268        0.4473095 
     0.038228944      0.434023527 
      0.03838562      0.421454208 
     0.038542296      0.408944803 
     0.038698972      0.396779667 
     0.038855648        0.3849588 
     0.039012324      0.373482201 
        0.039169      0.362349871 
     0.039325676       0.35156181 
     0.039482352      0.341118017 
     0.039639028       0.33122437 
     0.039795704      0.321369277 
      0.03995238      0.311789792 
     0.040109056      0.302485913 
     0.040265732      0.293457642 
     0.040422408      0.284704978 
     0.040579084       0.27622792 
      0.04073576      0.268210426 
     0.040892436      0.260232499 
     0.041049112      0.252474936 
     0.041205788      0.244937737 
     0.041362464      0.237620903 
      0.04151914      0.230524433 
     0.041675816      0.223648328 
     0.041832492      0.216992587 
     0.041989168      0.210689085 
     0.042145844      0.204410622 
      0.04230252       0.19830819 
     0.042459196      0.192381791 
     0.042615872      0.186631423 
     0.042772548      0.181057087 
     0.042929224      0.175658783 
       0.0430859      0.170553877 
     0.043242576      0.165474989 
     0.043399252      0.160536623 
     0.043555928       0.15573878 
     0.043712604       0.15108146 
      0.04386928      0.146564662 
     0.044025956      0.142188386 
     0.044182632      0.137952633 
     0.044339308      0.133941753 
     0.044495984      0.129947072 
      0.04465266      0.126064511 
     0.044809336      0.122294069 
     0.044966012      0.118635747 
     0.045122688      0.115089544 
     0.045279364      0.111655461 
      0.04543604      0.108408264 
     0.045592716      0.105178106 
     0.045749392      0.102037373 
     0.045906068     0.0989860635 
     0.046062744     0.0960241784 
      0.04621942     0.0931517176 
     0.046376096     0.0903686811 
     0.046532772     0.0876750687 
     0.046689448     0.0851248096 
     0.046846124     0.0825849919 
       0.0470028     0.0801164775 
     0.047159476     0.0777192664 
     0.047316152     0.0753933586 
     0.047472828     0.0731387541 
     0.047629504     0.0709554529 
      0.04778618     0.0688910595 
     0.047942856      0.066837785 
     0.048099532     0.0648413534 
     0.048256208     0.0629017646 
     0.048412884     0.0610190187 
      0.04856956     0.0591931157 
     0.048726236     0.0574240555 
     0.048882912     0.0557118382 
     0.049039588     0.0540909471 
     0.049196264     0.0524767613 
      0.04935294     0.0509078837 
     0.049509616     0.0493843143 
     0.049666292     0.0479060532 
     0.049822968     0.0464731003 
     0.049979644     0.0450854557 
      0.05013632       0.04377343 
     0.050292996      0.042468637 
     0.050449672     0.0411999542 
     0.050606348     0.0399673817 
     0.050763024     0.0387709195 
       0.0509197     0.0376105675 
     0.051076376     0.0364863258 
     0.051233052     0.0353981943 
     0.051389728     0.0343682315 
     0.051546404     0.0333425599 
      0.05170308     0.0323456655 
     0.051859756     0.0313775483 
     0.052016432     0.0304382084 
     0.052173108     0.0295276457 
     0.052329784     0.0286458603 
      0.05248646     0.0278121577 
     0.052643136     0.0269831468 
     0.052799812      0.026177068 
     0.052956488     0.0253939212 
     0.053113164     0.0246337066 
      0.05326984      0.023896424 
     0.053426516     0.0231820735 
     0.053583192      0.022490655 
     0.053739868     0.0218362876 
     0.053896544     0.0211846572 
      0.05405322     0.0205513003 
     0.054209896     0.0199362169 
     0.054366572      0.019339407 
     0.054523248     0.0187608706 
     0.054679924     0.0182006076 
       0.0548366     0.0176709203 
     0.054993276     0.0171442693 
     0.055149952     0.0166321793 
     0.055306628     0.0161346502 
     0.055463304     0.0156516822 
      0.05561998     0.0151832751 
     0.055776656      0.014729429 
     0.055933332     0.0142901439 
     0.056090008     0.0138744636 
     0.056246684     0.0134605237 
      0.05640336     0.0130581867 
     0.056560036     0.0126674523 
     0.056716712     0.0122883206 
     0.056873388     0.0119207917 
     0.057030064     0.0115648655 
      0.05718674     0.0112283863 
     0.057343416     0.0108938683 
     0.057500092     0.0105685961 
     0.057656768     0.0102525694 
     0.057813444    0.00994578847 
      0.05797012    0.00964825317 
     0.058126796    0.00935996354 
     0.058283472    0.00908091957 
     0.058440148     0.0088169191 
     0.058596824    0.00855402292 
       0.0587535    0.00829849455 
     0.058910176      0.008050334 
     0.059066852    0.00780954127 
     0.059223528    0.00757611635 
     0.059380204    0.00735005926 
      0.05953688     0.0071363752 
     0.059693556    0.00692395697 
     0.059850232    0.00671741069 
     0.060006908    0.00651673634 
     0.060163584    0.00632193394 
      0.06032026    0.00613300347 
     0.060476936    0.00594994495 
     0.060633612    0.00577275836 
     0.060790288    0.00560516406 
     0.060946964    0.00543827022 
      0.06110364     0.0052760569 
     0.061260316    0.00511852413 
     0.061416992    0.00496567188 
     0.061573668    0.00481750017 
     0.061730344    0.00467400899 
      0.06188702    0.00453839409 
     0.062043696    0.00440359766 
     0.062200372    0.00427253309 
     0.062357048     0.0041452004 
     0.062513724    0.00402159956 
       0.0626704    0.00390173059 
     0.062827076    0.00378559349 
     0.062983752    0.00367318825 
     0.063140428    0.00356690415 
     0.063297104    0.00346106694 
      0.06345378    0.00335820648 
     0.063610456    0.00325832279 
     0.063767132    0.00316141587 
     0.063923808    0.00306748571 
     0.064080484    0.00297653231 
      0.06423716    0.00289059678 
     0.064393836     0.0028051948 
     0.064550512    0.00272216891 
     0.064707188    0.00264151911 
     0.064863864     0.0025632454 
      0.06502054    0.00248734777 
     0.065177216    0.00241382622 
     0.065333892    0.00234268076 
     0.065490568    0.00227544656 
     0.065647244    0.00220850339 
      0.06580392     0.0021434589 
     0.065960596     0.0020803131 
     0.066117272      0.002019066 
     0.066273948    0.00195971758 
     0.066430624    0.00190226785 
       0.0665873       0.00184802 
     0.066743976    0.00179412769 
     0.066900652    0.00174175521 
     0.067057328    0.00169090254 
     0.067214004     0.0016415697 
      0.06737068    0.00159375667 
     0.067527356    0.00154746346 
     0.067684032    0.00150269007 
     0.067840708    0.00146042295 
     0.067997384    0.00141835512 
      0.06815406    0.00137750711 
     0.068310736    0.00133787892 
     0.068467412    0.00129947056 
     0.068624088    0.00126228202 
     0.068780764     0.0012263133 
      0.06893744    0.00119239616 
     0.069094116    0.00115872691 
     0.069250792     0.0011260408 
     0.069407468    0.00109433782 
     0.069564144    0.00106361798 
      0.06972082    0.00103388128 
     0.069877496    0.00100512772 
     0.070034172   0.000977357299 
     0.070190848   0.000951206547 
     0.070347524   0.000925203993 
       0.0705042   0.000899998914 
     0.070660876   0.000875591308 
     0.070817552   0.000851981177 
     0.070974228   0.000829168521 
     0.071130904   0.000807153339 
      0.07128758   0.000786474293 
     0.071444256   0.000765975947 
     0.071600932   0.000746130768 
     0.071757608   0.000726938755 
     0.071914284    0.00070839991 
      0.07207096   0.000690514231 
     0.072227636   0.000673281719 
     0.072384312   0.000656702374 
     0.072540988   0.000641214213 
     0.072697664   0.000625829956 
      0.07285434   0.000610988324 
     0.073011016   0.000596689316 
     0.073167692   0.000582932932 
     0.073324368   0.000569719172 
     0.073481044   0.000557048036 
      0.07363772   0.000545339989 
     0.073794396   0.000533717191 
     0.073951072   0.000522553818 
     0.074107748   0.000511849871 
     0.074264424   0.000501605349 
       0.0744211   0.000491820252 
     0.074577776   0.000482494581 
     0.074734452   0.000473628335 
     0.074891128   0.000467298415 
     0.075047804   0.000459399708 
      0.07520448   0.000451868383 
     0.075361156   0.000444704439 
     0.075517832   0.000437907878 
     0.075674508   0.000431478698 
     0.075831184     0.0004254169 
      0.07598786    0.00041818777 
     0.076144536   0.000412854784 
     0.076301212   0.000407889589 
     0.076457888   0.000403292187 
     0.076614564   0.000399062577 
      0.07677124   0.000395200759 
     0.076927916   0.000391706734 
     0.077084592     0.0003885805 
     0.077241268   0.000384944092 
     0.077397944   0.000382416023 
      0.07755462   0.000380276888 
     0.077711296   0.000378526687 
     0.077867972    0.00037716542 
     0.078024648   0.000376193086 
     0.078181324   0.000375609685 
        0.078338   0.000375415219 
