       -0.062504    0.00446265453 
    -0.062378992    0.00446412681 
    -0.062253984    0.00446854367 
    -0.062128976     0.0044759051 
    -0.062003968    0.00448621111 
     -0.06187896    0.00449946168 
    -0.061753952    0.00451565683 
    -0.061628944    0.00453479655 
    -0.061503936    0.00455688084 
    -0.061378928    0.00458190971 
     -0.06125392    0.00461857702 
    -0.061128912     0.0046478102 
    -0.061003904     0.0046798275 
    -0.060878896    0.00471462891 
    -0.060753888    0.00475221443 
     -0.06062888    0.00479258407 
    -0.060503872    0.00483573782 
    -0.060378864    0.00488167568 
    -0.060253856    0.00493039765 
    -0.060128848    0.00500027303 
     -0.06000384    0.00505450418 
    -0.059878832    0.00511151642 
    -0.059753824    0.00517130974 
    -0.059628816    0.00523388414 
    -0.059503808    0.00529923963 
      -0.0593788     0.0053673762 
    -0.059253792    0.00543829386 
    -0.059128784     0.0055119926 
    -0.059003776    0.00558847243 
    -0.058878768    0.00564476454 
     -0.05875376    0.00572902236 
    -0.058628752    0.00581676069 
    -0.058503744    0.00590797953 
    -0.058378736    0.00600267888 
    -0.058253728    0.00610085873 
     -0.05812872    0.00620251909 
    -0.058003712    0.00630765995 
    -0.057878704    0.00641628132 
    -0.057753696     0.0065233821 
    -0.057628688    0.00663953452 
     -0.05750368    0.00675979973 
    -0.057378672    0.00688417774 
    -0.057253664    0.00701266855 
    -0.057128656    0.00714527215 
    -0.057003648    0.00728198854 
     -0.05687864    0.00742281773 
    -0.056753632    0.00756775971 
    -0.056628624    0.00771681449 
    -0.056503616    0.00786488426 
    -0.056378608    0.00802334562 
      -0.0562536    0.00818676008 
    -0.056128592    0.00835512765 
    -0.056003584    0.00852844832 
    -0.055878576    0.00870672209 
    -0.055753568    0.00888994896 
     -0.05562856    0.00907812894 
    -0.055503552    0.00927126203 
    -0.055378544    0.00946296463 
    -0.055253536    0.00966703994 
    -0.055128528    0.00987716563 
     -0.05500352     0.0100933417 
    -0.054878512     0.0103155681 
    -0.054753504     0.0105438449 
    -0.054628496      0.010778172 
    -0.054503488     0.0110185495 
     -0.05437848     0.0112649774 
    -0.054253472     0.0115174557 
    -0.054128464     0.0117686421 
    -0.054003456     0.0120353286 
    -0.053878448     0.0123094777 
     -0.05375344     0.0125910892 
    -0.053628432     0.0128801631 
    -0.053503424     0.0131766996 
    -0.053378416     0.0134806985 
    -0.053253408     0.0137921599 
      -0.0531284     0.0141110837 
    -0.053003392     0.0144276889 
    -0.052878384     0.0147634203 
    -0.052753376     0.0151084147 
    -0.052628368     0.0154626723 
     -0.05250336      0.015826193 
    -0.052378352     0.0161989768 
    -0.052253344     0.0165810237 
    -0.052128336     0.0169723338 
    -0.052003328     0.0173729069 
     -0.05187832     0.0177701614 
    -0.051753312     0.0181906337 
    -0.051628304      0.018622652 
    -0.051503296     0.0190662162 
    -0.051378288     0.0195213265 
     -0.05125328     0.0199879828 
    -0.051128272     0.0204661851 
    -0.051003264     0.0209559333 
    -0.050878256     0.0214572276 
    -0.050753248     0.0219700679 
     -0.05062824     0.0224792935 
    -0.050503232     0.0230185691 
    -0.050378224     0.0235722744 
    -0.050253216     0.0241404095 
    -0.050128208     0.0247229744 
      -0.0500032     0.0253199691 
    -0.049878192     0.0259313935 
    -0.049753184     0.0265572478 
    -0.049628176     0.0271975318 
    -0.049503168     0.0278325436 
     -0.04937816     0.0285042997 
    -0.049253152     0.0291941199 
    -0.049128144     0.0299020043 
    -0.049003136     0.0306279529 
    -0.048878128     0.0313719657 
     -0.04875312     0.0321340427 
    -0.048628112     0.0329141838 
    -0.048503104     0.0337123891 
    -0.048378096     0.0345286586 
    -0.048253088     0.0353395802 
     -0.04812808       0.03619783 
    -0.048003072     0.0370787174 
    -0.047878064     0.0379822424 
    -0.047753056     0.0389084052 
    -0.047628048     0.0398572056 
     -0.04750304     0.0408286436 
    -0.047378032     0.0418227194 
    -0.047253024     0.0428394328 
    -0.047128016     0.0438480357 
    -0.047003008     0.0449148609 
       -0.046878     0.0460100732 
    -0.046752992     0.0471336725 
    -0.046627984     0.0482856589 
    -0.046502976     0.0494660324 
    -0.046377968     0.0506747929 
     -0.04625296     0.0519119405 
    -0.046127952     0.0531774751 
    -0.046002944     0.0544713968 
    -0.045877936     0.0557576978 
    -0.045752928     0.0571185321 
     -0.04562792     0.0585149758 
    -0.045502912     0.0599470291 
    -0.045377904     0.0614146918 
    -0.045252896      0.062917964 
    -0.045127888     0.0644568457 
     -0.04500288     0.0660313369 
    -0.044877872     0.0676414376 
    -0.044752864     0.0692393048 
    -0.044627856     0.0709293927 
    -0.044502848     0.0726641579 
     -0.04437784     0.0744436003 
    -0.044252832       0.07626772 
    -0.044127824     0.0781365169 
    -0.044002816     0.0800499911 
    -0.043877808     0.0820081424 
      -0.0437528     0.0840109711 
    -0.043627792     0.0859972652 
    -0.043502784     0.0880954884 
    -0.043377776     0.0902497676 
    -0.043252768     0.0924601029 
     -0.04312776     0.0947264943 
    -0.043002752     0.0970489417 
    -0.042877744     0.0994274452 
    -0.042752736      0.101862005 
    -0.042627728       0.10435262 
     -0.04250272      0.106899292 
    -0.042377712      0.109427795 
    -0.042252704      0.112102209 
    -0.042127696      0.114846951 
    -0.042002688       0.11766202 
     -0.04187768      0.120547416 
    -0.041752672      0.123503141 
    -0.041627664      0.126529193 
    -0.041502656      0.129625572 
    -0.041377648      0.132792279 
     -0.04125264      0.135933305 
    -0.041127632      0.139252476 
    -0.041002624      0.142659863 
    -0.040877616      0.146155467 
    -0.040752608      0.149739287 
      -0.0406276      0.153411324 
    -0.040502592      0.157171577 
    -0.040377584      0.161020047 
    -0.040252576      0.164956733 
    -0.040127568      0.168981636 
     -0.04000256      0.172979982 
    -0.039877552      0.177208777 
    -0.039752544      0.181548194 
    -0.039627536      0.185998235 
    -0.039502528      0.190558899 
     -0.03937752      0.195230187 
    -0.039252512      0.200012097 
    -0.039127504      0.204904631 
    -0.039002496      0.209907788 
    -0.038877488      0.214871472 
     -0.03875248      0.220118061 
    -0.038627472      0.225503312 
    -0.038502464      0.231027224 
    -0.038377456      0.236689799 
    -0.038252448      0.242491035 
     -0.03812744      0.248430932 
    -0.038002432      0.254509492 
    -0.037877424      0.260726713 
    -0.037752416      0.267082595 
    -0.037627408      0.273400405 
      -0.0375024      0.280081179 
    -0.037377392      0.286935656 
    -0.037252384      0.293963836 
    -0.037127376      0.301165717 
    -0.037002368      0.308541301 
     -0.03687736      0.316090588 
    -0.036752352      0.323813577 
    -0.036627344      0.331710268 
    -0.036502336      0.339547048 
    -0.036377328      0.347831549 
     -0.03625232      0.356333469 
    -0.036127312      0.365052808 
    -0.036002304      0.373989565 
    -0.035877296      0.383143741 
    -0.035752288      0.392515336 
     -0.03562728       0.40210435 
    -0.035502272      0.411910782 
    -0.035377264      0.421637274 
    -0.035252256      0.431905288 
    -0.035127248      0.442445134 
     -0.03500224      0.453256811 
    -0.034877232       0.46434032 
    -0.034752224       0.47569566 
    -0.034627216      0.487322832 
    -0.034502208      0.499221835 
      -0.0343772       0.51139267 
    -0.034252192      0.523835336 
    -0.034127184      0.536188604 
    -0.034002176      0.549246452 
    -0.033877168      0.562643644 
     -0.03375216       0.57638018 
    -0.033627152      0.590456058 
    -0.033502144       0.60487128 
    -0.033377136      0.619625845 
    -0.033252128      0.634719754 
     -0.03312712      0.650153006 
    -0.033002112      0.665462239 
    -0.032877104      0.681626548 
    -0.032752096      0.698213604 
    -0.032627088      0.715223406 
     -0.03250208      0.732655955 
    -0.032377072       0.75051125 
    -0.032252064      0.768789292 
    -0.032127056       0.78749008 
    -0.032002048      0.806613615 
     -0.03187704      0.826159897 
    -0.031752032      0.845576096 
    -0.031627024      0.866090515 
    -0.031502016      0.887130111 
    -0.031377008      0.908694883 
       -0.031252      0.930784831 
    -0.031126992      0.953399956 
    -0.031001984      0.976540257 
    -0.030876976       1.00020573 
    -0.030751968       1.02439639 
     -0.03062696       1.04839998 
    -0.030501952       1.07373682 
    -0.030376944       1.09972361 
    -0.030251936       1.12636037 
    -0.030126928        1.1536471 
     -0.03000192       1.18158378 
    -0.029876912       1.21017044 
    -0.029751904       1.23940705 
    -0.029626896       1.26929363 
    -0.029501888       1.29983018 
     -0.02937688       1.33018505 
    -0.029251872       1.36222299 
    -0.029126864       1.39506126 
    -0.029001856       1.42869984 
    -0.028876848       1.46313875 
     -0.02875184       1.49837799 
    -0.028626832       1.53441754 
    -0.028501824       1.57125742 
    -0.028376816       1.60889762 
    -0.028251808       1.64626897 
      -0.0281268        1.6856729 
    -0.028001792       1.72605559 
    -0.027876784       1.76741704 
    -0.027751776       1.80975726 
    -0.027626768       1.85307625 
     -0.02750176         1.897374 
    -0.027376752       1.94265051 
    -0.027251744       1.98890578 
    -0.027126736       2.03482281 
    -0.027001728       2.08313737 
     -0.02687672       2.13263807 
    -0.026751712        2.1833249 
    -0.026626704       2.23519787 
    -0.026501696       2.28825696 
    -0.026376688       2.34250219 
     -0.02625168       2.39793355 
    -0.026126672       2.45455105 
    -0.026001664       2.51235468 
    -0.025876656       2.56980224 
    -0.025751648        2.6302289 
     -0.02562664       2.69207569 
    -0.025501632       2.75534261 
    -0.025376624       2.82002966 
    -0.025251616       2.88613685 
    -0.025126608       2.95366416 
      -0.0250016       3.02261161 
    -0.024876592       3.09297919 
    -0.024751584       3.16289791 
    -0.024626576       3.23627263 
    -0.024501568       3.31132063 
     -0.02437656       3.38804192 
    -0.024251552        3.4664365 
    -0.024126544       3.54650436 
    -0.024001536       3.62824551 
    -0.023876528       3.71165995 
     -0.02375152       3.79674767 
    -0.023626512       3.88350868 
    -0.023501504       3.96981927 
    -0.023376496        4.0602506 
    -0.023251488       4.15261254 
     -0.02312648       4.24690511 
    -0.023001472       4.34312829 
    -0.022876464       4.44128209 
    -0.022751456        4.5413665 
    -0.022626448       4.64338154 
     -0.02250144       4.74732719 
    -0.022376432       4.85061087 
    -0.022251424       4.95862637 
    -0.022126416       5.06880979 
    -0.022001408       5.18116112 
      -0.0218764       5.29568037 
    -0.021751392       5.41236752 
    -0.021626384       5.53122259 
    -0.021501376       5.65224557 
    -0.021376368       5.77543646 
     -0.02125136       5.90079526 
    -0.021126352       6.02408099 
    -0.021001344       6.15406448 
    -0.020876336       6.28639281 
    -0.020751328       6.42106599 
     -0.02062632       6.55808402 
    -0.020501312        6.6974469 
    -0.020376304       6.83915463 
    -0.020251296       6.98320721 
    -0.020126288       7.12960464 
     -0.02000128       7.26896719 
    -0.019876272        7.4202292 
    -0.019751264       7.57383307 
    -0.019626256       7.72977878 
    -0.019501248       7.88806635 
     -0.01937624       8.04869578 
    -0.019251232       8.21166706 
    -0.019126224       8.37698019 
    -0.019001216       8.54463518 
    -0.018876208       8.71463202 
      -0.0187512       8.87309826 
    -0.018626192        9.0480243 
    -0.018501184       9.22525262 
    -0.018376176       9.40478321 
    -0.018251168       9.58661608 
     -0.01812616       9.77075123 
    -0.018001152       9.95718865 
    -0.017876144       10.1459284 
    -0.017751136       10.3369703 
    -0.017626128       10.5370952 
     -0.01750112       10.7315516 
    -0.017376112       10.9281281 
    -0.017251104       11.1268247 
    -0.017126096       11.3276415 
    -0.017001088       11.5103829 
     -0.01687608       11.7175134 
    -0.016751072       11.9277149 
    -0.016626064       12.1409872 
    -0.016501056       12.3573304 
    -0.016376048       12.5907839 
     -0.01625104       12.8113242 
    -0.016126032       13.0340748 
    -0.016001024       13.2590356 
    -0.015876016       13.4932779 
    -0.015751008       13.7191304 
       -0.015626       13.9460094 
    -0.015500992       14.1675673 
    -0.015375984       14.3988915 
    -0.015250976       14.6415585 
    -0.015125968       14.8763658 
     -0.01500096       15.1143564 
    -0.014875952       15.3517448 
    -0.014750944       15.5902819 
    -0.014625936       15.8298225 
    -0.014500928       16.0704224 
     -0.01437592       16.3114819 
    -0.014250912       16.5538656 
    -0.014125904       16.7963291 
    -0.014000896       17.0401918 
    -0.013875888       17.2846456 
     -0.01375088       17.5288148 
    -0.013625872        17.774226 
    -0.013500864       18.0190981 
    -0.013375856       18.2651309 
    -0.013250848       18.5113489 
     -0.01312584       18.7566948 
    -0.013000832       19.0029888 
    -0.012875824       19.2482493 
    -0.012750816       19.4942819 
    -0.012625808       19.7391446 
      -0.0125008        19.984586 
    -0.012375792       20.2296117 
    -0.012250784       20.4733163 
    -0.012125776       20.7172609 
    -0.012000768       20.9599998 
     -0.01187576       21.2026062 
    -0.011750752       21.4443568 
    -0.011625744        21.685435 
    -0.011500736        21.925738 
    -0.011375728       22.1659009 
     -0.01125072       22.4047408 
    -0.011125712       22.6432277 
    -0.011000704       22.8809717 
    -0.010875696       23.1244905 
    -0.010750688       23.3609582 
     -0.01062568       23.5924147 
    -0.010500672       23.8094302 
    -0.010375664       24.0324607 
    -0.010250656        24.253181 
    -0.010125648       24.4715912 
     -0.01000064       24.6876912 
    -0.009875632       24.8922564 
    -0.009750624       25.1089576 
    -0.009625616       25.3258592 
    -0.009500608       25.5429611 
      -0.0093756       25.7921573 
    -0.009250592       26.0087473 
    -0.009125584       26.2202216 
    -0.009000576       26.4265802 
    -0.008875568       26.6278231 
     -0.00875056       26.8409802 
    -0.008625552       27.0324862 
    -0.008500544       27.2199457 
    -0.008375536       27.4033587 
    -0.008250528       27.5827251 
     -0.00812552       27.7580451 
    -0.008000512       27.9293185 
    -0.007875504       28.0965454 
    -0.007750496       28.2597258 
    -0.007625488       28.4188597 
     -0.00750048       28.4357118 
    -0.007375472       28.5931005 
    -0.007250464       28.7489023 
    -0.007125456       28.9031171 
    -0.007000448       29.0557449 
     -0.00687544       29.2067858 
    -0.006750432       29.3562398 
    -0.006625424       29.5041068 
    -0.006500416       29.6503869 
    -0.006375408         29.79508 
      -0.0062504         30.00862 
    -0.006125392       30.1473212 
    -0.006000384       30.2831167 
    -0.005875376       30.4160064 
    -0.005750368       30.5459903 
     -0.00562536       30.6730685 
    -0.005500352       30.7972408 
    -0.005375344       30.9185074 
    -0.005250336       31.0368682 
    -0.005125328       31.1523232 
     -0.00500032       31.2591877 
    -0.004875312       31.3682808 
    -0.004750304       31.4744758 
    -0.004625296       31.5777725 
    -0.004500288        31.678171 
     -0.00437528       31.7756714 
    -0.004250272       31.8702735 
    -0.004125264       31.9619775 
    -0.004000256       32.0507832 
    -0.003875248       32.1366908 
     -0.00375024       32.2255452 
    -0.003625232       32.3057678 
    -0.003500224       32.3832084 
    -0.003375216       32.4578671 
    -0.003250208       32.5297439 
      -0.0031252       32.5988388 
    -0.003000192       32.6651517 
    -0.002875184       32.7286826 
    -0.002750176       32.7894316 
    -0.002625168       32.8473987 
     -0.00250016       32.9216563 
    -0.002375152       32.9743886 
    -0.002250144       33.0244167 
    -0.002125136       33.0717406 
    -0.002000128       33.1163602 
     -0.00187512       33.1582757 
    -0.001750112       33.1974869 
    -0.001625104       33.2339939 
    -0.001500096       33.2677966 
    -0.001375088       33.2988952 
     -0.00125008       33.3375799 
    -0.001125072       33.3648707 
    -0.001000064       33.3892887 
    -0.000875056       33.4108341 
    -0.000750048       33.4295067 
     -0.00062504       33.4453066 
    -0.000500032       33.4582339 
    -0.000375024       33.4682884 
    -0.000250016       33.4754701 
    -0.000125008       33.4797792 
               0       33.4812156 
     0.000125008       33.4797792 
     0.000250016       33.4754701 
     0.000375024       33.4682884 
     0.000500032       33.4582339 
      0.00062504       33.4453066 
     0.000750048       33.4295067 
     0.000875056       33.4108341 
     0.001000064       33.3892887 
     0.001125072       33.3648707 
      0.00125008       33.3375799 
     0.001375088       33.2988952 
     0.001500096       33.2677966 
     0.001625104       33.2339939 
     0.001750112       33.1974869 
      0.00187512       33.1582757 
     0.002000128       33.1163602 
     0.002125136       33.0717406 
     0.002250144       33.0244167 
     0.002375152       32.9743886 
      0.00250016       32.9216563 
     0.002625168       32.8473987 
     0.002750176       32.7894316 
     0.002875184       32.7286826 
     0.003000192       32.6651517 
       0.0031252       32.5988388 
     0.003250208       32.5297439 
     0.003375216       32.4578671 
     0.003500224       32.3832084 
     0.003625232       32.3057678 
      0.00375024       32.2255452 
     0.003875248       32.1366908 
     0.004000256       32.0507832 
     0.004125264       31.9619775 
     0.004250272       31.8702735 
      0.00437528       31.7756714 
     0.004500288        31.678171 
     0.004625296       31.5777725 
     0.004750304       31.4744758 
     0.004875312       31.3682808 
      0.00500032       31.2591877 
     0.005125328       31.1523232 
     0.005250336       31.0368682 
     0.005375344       30.9185074 
     0.005500352       30.7972408 
      0.00562536       30.6730685 
     0.005750368       30.5459903 
     0.005875376       30.4160064 
     0.006000384       30.2831167 
     0.006125392       30.1473212 
       0.0062504         30.00862 
     0.006375408         29.79508 
     0.006500416       29.6503869 
     0.006625424       29.5041068 
     0.006750432       29.3562398 
      0.00687544       29.2067858 
     0.007000448       29.0557449 
     0.007125456       28.9031171 
     0.007250464       28.7489023 
     0.007375472       28.5931005 
      0.00750048       28.4357118 
     0.007625488       28.4188597 
     0.007750496       28.2597258 
     0.007875504       28.0965454 
     0.008000512       27.9293185 
      0.00812552       27.7580451 
     0.008250528       27.5827251 
     0.008375536       27.4033587 
     0.008500544       27.2199457 
     0.008625552       27.0324862 
      0.00875056       26.8409802 
     0.008875568       26.6278231 
     0.009000576       26.4265802 
     0.009125584       26.2202216 
     0.009250592       26.0087473 
       0.0093756       25.7921573 
     0.009500608       25.5429611 
     0.009625616       25.3258592 
     0.009750624       25.1089576 
     0.009875632       24.8922564 
      0.01000064       24.6876912 
     0.010125648       24.4715912 
     0.010250656        24.253181 
     0.010375664       24.0324607 
     0.010500672       23.8094302 
      0.01062568       23.5924147 
     0.010750688       23.3609582 
     0.010875696       23.1244905 
     0.011000704       22.8809717 
     0.011125712       22.6432277 
      0.01125072       22.4047408 
     0.011375728       22.1659009 
     0.011500736        21.925738 
     0.011625744        21.685435 
     0.011750752       21.4443568 
      0.01187576       21.2026062 
     0.012000768       20.9599998 
     0.012125776       20.7172609 
     0.012250784       20.4733163 
     0.012375792       20.2296117 
       0.0125008        19.984586 
     0.012625808       19.7391446 
     0.012750816       19.4942819 
     0.012875824       19.2482493 
     0.013000832       19.0029888 
      0.01312584       18.7566948 
     0.013250848       18.5113489 
     0.013375856       18.2651309 
     0.013500864       18.0190981 
     0.013625872        17.774226 
      0.01375088       17.5288148 
     0.013875888       17.2846456 
     0.014000896       17.0401918 
     0.014125904       16.7963291 
     0.014250912       16.5538656 
      0.01437592       16.3114819 
     0.014500928       16.0704224 
     0.014625936       15.8298225 
     0.014750944       15.5902819 
     0.014875952       15.3517448 
      0.01500096       15.1143564 
     0.015125968       14.8763658 
     0.015250976       14.6415585 
     0.015375984       14.3988915 
     0.015500992       14.1675673 
        0.015626       13.9460094 
     0.015751008       13.7191304 
     0.015876016       13.4932779 
     0.016001024       13.2590356 
     0.016126032       13.0340748 
      0.01625104       12.8113242 
     0.016376048       12.5907839 
     0.016501056       12.3573304 
     0.016626064       12.1409872 
     0.016751072       11.9277149 
      0.01687608       11.7175134 
     0.017001088       11.5103829 
     0.017126096       11.3276415 
     0.017251104       11.1268247 
     0.017376112       10.9281281 
      0.01750112       10.7315516 
     0.017626128       10.5370952 
     0.017751136       10.3369703 
     0.017876144       10.1459284 
     0.018001152       9.95718865 
      0.01812616       9.77075123 
     0.018251168       9.58661608 
     0.018376176       9.40478321 
     0.018501184       9.22525262 
     0.018626192        9.0480243 
       0.0187512       8.87309826 
     0.018876208       8.71463202 
     0.019001216       8.54463518 
     0.019126224       8.37698019 
     0.019251232       8.21166706 
      0.01937624       8.04869578 
     0.019501248       7.88806635 
     0.019626256       7.72977878 
     0.019751264       7.57383307 
     0.019876272        7.4202292 
      0.02000128       7.26896719 
     0.020126288       7.12960464 
     0.020251296       6.98320721 
     0.020376304       6.83915463 
     0.020501312        6.6974469 
      0.02062632       6.55808402 
     0.020751328       6.42106599 
     0.020876336       6.28639281 
     0.021001344       6.15406448 
     0.021126352       6.02408099 
      0.02125136       5.90079526 
     0.021376368       5.77543646 
     0.021501376       5.65224557 
     0.021626384       5.53122259 
     0.021751392       5.41236752 
       0.0218764       5.29568037 
     0.022001408       5.18116112 
     0.022126416       5.06880979 
     0.022251424       4.95862637 
     0.022376432       4.85061087 
      0.02250144       4.74732719 
     0.022626448       4.64338154 
     0.022751456        4.5413665 
     0.022876464       4.44128209 
     0.023001472       4.34312829 
      0.02312648       4.24690511 
     0.023251488       4.15261254 
     0.023376496        4.0602506 
     0.023501504       3.96981927 
     0.023626512       3.88350868 
      0.02375152       3.79674767 
     0.023876528       3.71165995 
     0.024001536       3.62824551 
     0.024126544       3.54650436 
     0.024251552        3.4664365 
      0.02437656       3.38804192 
     0.024501568       3.31132063 
     0.024626576       3.23627263 
     0.024751584       3.16289791 
     0.024876592       3.09297919 
       0.0250016       3.02261161 
     0.025126608       2.95366416 
     0.025251616       2.88613685 
     0.025376624       2.82002966 
     0.025501632       2.75534261 
      0.02562664       2.69207569 
     0.025751648        2.6302289 
     0.025876656       2.56980224 
     0.026001664       2.51235468 
     0.026126672       2.45455105 
      0.02625168       2.39793355 
     0.026376688       2.34250219 
     0.026501696       2.28825696 
     0.026626704       2.23519787 
     0.026751712        2.1833249 
      0.02687672       2.13263807 
     0.027001728       2.08313737 
     0.027126736       2.03482281 
     0.027251744       1.98890578 
     0.027376752       1.94265051 
      0.02750176         1.897374 
     0.027626768       1.85307625 
     0.027751776       1.80975726 
     0.027876784       1.76741704 
     0.028001792       1.72605559 
       0.0281268        1.6856729 
     0.028251808       1.64626897 
     0.028376816       1.60889762 
     0.028501824       1.57125742 
     0.028626832       1.53441754 
      0.02875184       1.49837799 
     0.028876848       1.46313875 
     0.029001856       1.42869984 
     0.029126864       1.39506126 
     0.029251872       1.36222299 
      0.02937688       1.33018505 
     0.029501888       1.29983018 
     0.029626896       1.26929363 
     0.029751904       1.23940705 
     0.029876912       1.21017044 
      0.03000192       1.18158378 
     0.030126928        1.1536471 
     0.030251936       1.12636037 
     0.030376944       1.09972361 
     0.030501952       1.07373682 
      0.03062696       1.04839998 
     0.030751968       1.02439639 
     0.030876976       1.00020573 
     0.031001984      0.976540257 
     0.031126992      0.953399956 
        0.031252      0.930784831 
     0.031377008      0.908694883 
     0.031502016      0.887130111 
     0.031627024      0.866090515 
     0.031752032      0.845576096 
      0.03187704      0.826159897 
     0.032002048      0.806613615 
     0.032127056       0.78749008 
     0.032252064      0.768789292 
     0.032377072       0.75051125 
      0.03250208      0.732655955 
     0.032627088      0.715223406 
     0.032752096      0.698213604 
     0.032877104      0.681626548 
     0.033002112      0.665462239 
      0.03312712      0.650153006 
     0.033252128      0.634719754 
     0.033377136      0.619625845 
     0.033502144       0.60487128 
     0.033627152      0.590456058 
      0.03375216       0.57638018 
     0.033877168      0.562643644 
     0.034002176      0.549246452 
     0.034127184      0.536188604 
     0.034252192      0.523835336 
       0.0343772       0.51139267 
     0.034502208      0.499221835 
     0.034627216      0.487322832 
     0.034752224       0.47569566 
     0.034877232       0.46434032 
      0.03500224      0.453256811 
     0.035127248      0.442445134 
     0.035252256      0.431905288 
     0.035377264      0.421637274 
     0.035502272      0.411910782 
      0.03562728       0.40210435 
     0.035752288      0.392515336 
     0.035877296      0.383143741 
     0.036002304      0.373989565 
     0.036127312      0.365052808 
      0.03625232      0.356333469 
     0.036377328      0.347831549 
     0.036502336      0.339547048 
     0.036627344      0.331710268 
     0.036752352      0.323813577 
      0.03687736      0.316090588 
     0.037002368      0.308541301 
     0.037127376      0.301165717 
     0.037252384      0.293963836 
     0.037377392      0.286935656 
       0.0375024      0.280081179 
     0.037627408      0.273400405 
     0.037752416      0.267082595 
     0.037877424      0.260726713 
     0.038002432      0.254509492 
      0.03812744      0.248430932 
     0.038252448      0.242491035 
     0.038377456      0.236689799 
     0.038502464      0.231027224 
     0.038627472      0.225503312 
      0.03875248      0.220118061 
     0.038877488      0.214871472 
     0.039002496      0.209907788 
     0.039127504      0.204904631 
     0.039252512      0.200012097 
      0.03937752      0.195230187 
     0.039502528      0.190558899 
     0.039627536      0.185998235 
     0.039752544      0.181548194 
     0.039877552      0.177208777 
      0.04000256      0.172979982 
     0.040127568      0.168981636 
     0.040252576      0.164956733 
     0.040377584      0.161020047 
     0.040502592      0.157171577 
       0.0406276      0.153411324 
     0.040752608      0.149739287 
     0.040877616      0.146155467 
     0.041002624      0.142659863 
     0.041127632      0.139252476 
      0.04125264      0.135933305 
     0.041377648      0.132792279 
     0.041502656      0.129625572 
     0.041627664      0.126529193 
     0.041752672      0.123503141 
      0.04187768      0.120547416 
     0.042002688       0.11766202 
     0.042127696      0.114846951 
     0.042252704      0.112102209 
     0.042377712      0.109427795 
      0.04250272      0.106899292 
     0.042627728       0.10435262 
     0.042752736      0.101862005 
     0.042877744     0.0994274452 
     0.043002752     0.0970489417 
      0.04312776     0.0947264943 
     0.043252768     0.0924601029 
     0.043377776     0.0902497676 
     0.043502784     0.0880954884 
     0.043627792     0.0859972652 
       0.0437528     0.0840109711 
     0.043877808     0.0820081424 
     0.044002816     0.0800499911 
     0.044127824     0.0781365169 
     0.044252832       0.07626772 
      0.04437784     0.0744436003 
     0.044502848     0.0726641579 
     0.044627856     0.0709293927 
     0.044752864     0.0692393048 
     0.044877872     0.0676414376 
      0.04500288     0.0660313369 
     0.045127888     0.0644568457 
     0.045252896      0.062917964 
     0.045377904     0.0614146918 
     0.045502912     0.0599470291 
      0.04562792     0.0585149758 
     0.045752928     0.0571185321 
     0.045877936     0.0557576978 
     0.046002944     0.0544713968 
     0.046127952     0.0531774751 
      0.04625296     0.0519119405 
     0.046377968     0.0506747929 
     0.046502976     0.0494660324 
     0.046627984     0.0482856589 
     0.046752992     0.0471336725 
        0.046878     0.0460100732 
     0.047003008     0.0449148609 
     0.047128016     0.0438480357 
     0.047253024     0.0428394328 
     0.047378032     0.0418227194 
      0.04750304     0.0408286436 
     0.047628048     0.0398572056 
     0.047753056     0.0389084052 
     0.047878064     0.0379822424 
     0.048003072     0.0370787174 
      0.04812808       0.03619783 
     0.048253088     0.0353395802 
     0.048378096     0.0345286586 
     0.048503104     0.0337123891 
     0.048628112     0.0329141838 
      0.04875312     0.0321340427 
     0.048878128     0.0313719657 
     0.049003136     0.0306279529 
     0.049128144     0.0299020043 
     0.049253152     0.0291941199 
      0.04937816     0.0285042997 
     0.049503168     0.0278325436 
     0.049628176     0.0271975318 
     0.049753184     0.0265572478 
     0.049878192     0.0259313935 
       0.0500032     0.0253199691 
     0.050128208     0.0247229744 
     0.050253216     0.0241404095 
     0.050378224     0.0235722744 
     0.050503232     0.0230185691 
      0.05062824     0.0224792935 
     0.050753248     0.0219700679 
     0.050878256     0.0214572276 
     0.051003264     0.0209559333 
     0.051128272     0.0204661851 
      0.05125328     0.0199879828 
     0.051378288     0.0195213265 
     0.051503296     0.0190662162 
     0.051628304      0.018622652 
     0.051753312     0.0181906337 
      0.05187832     0.0177701614 
     0.052003328     0.0173729069 
     0.052128336     0.0169723338 
     0.052253344     0.0165810237 
     0.052378352     0.0161989768 
      0.05250336      0.015826193 
     0.052628368     0.0154626723 
     0.052753376     0.0151084147 
     0.052878384     0.0147634203 
     0.053003392     0.0144276889 
       0.0531284     0.0141110837 
     0.053253408     0.0137921599 
     0.053378416     0.0134806985 
     0.053503424     0.0131766996 
     0.053628432     0.0128801631 
      0.05375344     0.0125910892 
     0.053878448     0.0123094777 
     0.054003456     0.0120353286 
     0.054128464     0.0117686421 
     0.054253472     0.0115174557 
      0.05437848     0.0112649774 
     0.054503488     0.0110185495 
     0.054628496      0.010778172 
     0.054753504     0.0105438449 
     0.054878512     0.0103155681 
      0.05500352     0.0100933417 
     0.055128528    0.00987716563 
     0.055253536    0.00966703994 
     0.055378544    0.00946296463 
     0.055503552    0.00927126203 
      0.05562856    0.00907812894 
     0.055753568    0.00888994896 
     0.055878576    0.00870672209 
     0.056003584    0.00852844832 
     0.056128592    0.00835512765 
       0.0562536    0.00818676008 
     0.056378608    0.00802334562 
     0.056503616    0.00786488426 
     0.056628624    0.00771681449 
     0.056753632    0.00756775971 
      0.05687864    0.00742281773 
     0.057003648    0.00728198854 
     0.057128656    0.00714527215 
     0.057253664    0.00701266855 
     0.057378672    0.00688417774 
      0.05750368    0.00675979973 
     0.057628688    0.00663953452 
     0.057753696     0.0065233821 
     0.057878704    0.00641628132 
     0.058003712    0.00630765995 
      0.05812872    0.00620251909 
     0.058253728    0.00610085873 
     0.058378736    0.00600267888 
     0.058503744    0.00590797953 
     0.058628752    0.00581676069 
      0.05875376    0.00572902236 
     0.058878768    0.00564476454 
     0.059003776    0.00558847243 
     0.059128784     0.0055119926 
     0.059253792    0.00543829386 
       0.0593788     0.0053673762 
     0.059503808    0.00529923963 
     0.059628816    0.00523388414 
     0.059753824    0.00517130974 
     0.059878832    0.00511151642 
      0.06000384    0.00505450418 
     0.060128848    0.00500027303 
     0.060253856    0.00493039765 
     0.060378864    0.00488167568 
     0.060503872    0.00483573782 
      0.06062888    0.00479258407 
     0.060753888    0.00475221443 
     0.060878896    0.00471462891 
     0.061003904     0.0046798275 
     0.061128912     0.0046478102 
      0.06125392    0.00461857702 
     0.061378928    0.00458190971 
     0.061503936    0.00455688084 
     0.061628944    0.00453479655 
     0.061753952    0.00451565683 
      0.06187896    0.00449946168 
     0.062003968    0.00448621111 
     0.062128976     0.0044759051 
     0.062253984    0.00446854367 
     0.062378992    0.00446412681 
        0.062504    0.00446265453 
