       -0.079823   0.000301447858 
    -0.079663354   0.000301609683 
    -0.079503708   0.000302095157 
    -0.079344062    0.00030290428 
    -0.079184416   0.000304037053 
     -0.07902477   0.000305493475 
    -0.078865124   0.000307273547 
    -0.078705478   0.000309377268 
    -0.078545832   0.000312335966 
    -0.078386186   0.000314939057 
     -0.07822654   0.000317848395 
    -0.078066894   0.000321063979 
    -0.077907248   0.000324585809 
    -0.077747602   0.000328413885 
    -0.077587956   0.000332548207 
     -0.07742831   0.000338183733 
    -0.077268664   0.000342924875 
    -0.077109018   0.000347971897 
    -0.076949372   0.000353324798 
    -0.076789726    0.00035898358 
     -0.07663008   0.000364948242 
    -0.076470434   0.000371218784 
    -0.076310788   0.000376228547 
    -0.076151142   0.000383266768 
    -0.075991496   0.000390686376 
     -0.07583185   0.000398487373 
    -0.075672204   0.000406669757 
    -0.075512558   0.000415233529 
    -0.075352912   0.000424178689 
    -0.075193266   0.000433505237 
     -0.07503362   0.000442910703 
    -0.074873974   0.000453090162 
    -0.074714328   0.000463719218 
    -0.074554682   0.000474797873 
    -0.074395036   0.000486326124 
     -0.07423539   0.000498303974 
    -0.074075744   0.000510731421 
    -0.073916098   0.000523270052 
    -0.073756452   0.000536682892 
    -0.073596806   0.000550635858 
     -0.07343716   0.000565128952 
    -0.073277514   0.000580162173 
    -0.073117868   0.000595735521 
    -0.072958222   0.000611848996 
    -0.072798576   0.000628090505 
     -0.07263893    0.00064535623 
    -0.072479284   0.000663280127 
    -0.072319638   0.000681862195 
    -0.072159992   0.000701102436 
    -0.072000346   0.000721000847 
      -0.0718407    0.00074155743 
    -0.071681054   0.000762772185 
    -0.071521408   0.000784181142 
    -0.071361762   0.000806905642 
    -0.071202116   0.000830439997 
     -0.07104247   0.000854784206 
    -0.070882824   0.000879938269 
    -0.070723178   0.000905902187 
    -0.070563532   0.000932675959 
    -0.070403886   0.000959643205 
     -0.07024424   0.000988218931 
    -0.070084594    0.00101779762 
    -0.069924948    0.00104837926 
    -0.069765302    0.00107996386 
    -0.069605656    0.00111255142 
     -0.06944601    0.00114614194 
    -0.069286364    0.00117994265 
    -0.069126718    0.00121568933 
    -0.068967072    0.00125268338 
    -0.068807426    0.00129092479 
     -0.06864778    0.00133041357 
    -0.068488134    0.00137114972 
    -0.068328488    0.00141313323 
    -0.068168842    0.00145636411 
    -0.068009196    0.00149994435 
     -0.06784955     0.0015460667 
    -0.067689904    0.00159374463 
    -0.067530258    0.00164297813 
    -0.067370612    0.00169376721 
    -0.067210966    0.00174611187 
     -0.06705132     0.0018000121 
    -0.066891674     0.0018542667 
    -0.066732028     0.0019116507 
    -0.066572382    0.00197097805 
    -0.066412736    0.00203224874 
     -0.06625309    0.00209546277 
    -0.066093444    0.00216062014 
    -0.065933798    0.00222772086 
    -0.065774152    0.00229521597 
    -0.065614506    0.00236651297 
     -0.06545486    0.00244024046 
    -0.065295214    0.00251639844 
    -0.065135568     0.0025949869 
    -0.064975922    0.00267600585 
    -0.064816276    0.00275945528 
     -0.06465663     0.0028453352 
    -0.064496984    0.00293190438 
    -0.064337338    0.00302344677 
    -0.064177692    0.00311803106 
    -0.064018046    0.00321565724 
      -0.0638584    0.00331632533 
    -0.063698754    0.00342003531 
    -0.063539108    0.00352678719 
    -0.063379462    0.00363424335 
    -0.063219816    0.00374783588 
     -0.06306017    0.00386523722 
    -0.062900524    0.00398644739 
    -0.062740878    0.00411146637 
    -0.062581232    0.00424029418 
    -0.062421586    0.00437293081 
     -0.06226194    0.00450635215 
    -0.062102294     0.0046472443 
    -0.061942648    0.00479290688 
    -0.061783002     0.0049433399 
    -0.061623356    0.00509854335 
     -0.06146371    0.00525851723 
    -0.061304064    0.00542326154 
    -0.061144418    0.00559277629 
    -0.060984772    0.00576368855 
    -0.060825126    0.00594435974 
     -0.06066548    0.00613100679 
    -0.060505834    0.00632362969 
    -0.060346188    0.00652222845 
    -0.060186542    0.00672680307 
    -0.060026896    0.00693735355 
     -0.05986725    0.00714933027 
    -0.059707604    0.00737336974 
    -0.059547958    0.00760489587 
    -0.059388312    0.00784390864 
    -0.059228666    0.00809040806 
     -0.05906902    0.00834439413 
    -0.058909374    0.00860586685 
    -0.058749728    0.00886891626 
    -0.058590082    0.00914667838 
    -0.058430436    0.00943382044 
     -0.05827079    0.00973034245 
    -0.058111144     0.0100362444 
    -0.057951498     0.0103515263 
    -0.057791852     0.0106761881 
    -0.057632206     0.0110102299 
     -0.05747256     0.0113471139 
    -0.057312914      0.011703173 
    -0.057153268     0.0120709844 
    -0.056993622     0.0124505482 
    -0.056833976     0.0128418643 
     -0.05667433     0.0132449328 
    -0.056514684     0.0136597537 
    -0.056355038     0.0140774628 
    -0.056195392      0.014518913 
    -0.056035746     0.0149750881 
      -0.0558761     0.0154459882 
    -0.055716454     0.0159316132 
    -0.055556808     0.0164319631 
    -0.055397162      0.016947038 
    -0.055237516     0.0174652721 
     -0.05507787     0.0180125137 
    -0.054918224     0.0185782044 
    -0.054758578     0.0191623444 
    -0.054598932     0.0197649335 
    -0.054439286     0.0203859718 
     -0.05427964     0.0210254594 
    -0.054119994     0.0216833961 
    -0.053960348     0.0223470989 
    -0.053800702     0.0230485034 
    -0.053641056     0.0237730226 
     -0.05348141     0.0245206567 
    -0.053321764     0.0252914056 
    -0.053162118     0.0260852694 
    -0.053002472      0.026902248 
    -0.052842826     0.0277250527 
     -0.05268318     0.0285946122 
    -0.052523534      0.029493131 
    -0.052363888      0.030420609 
    -0.052204242     0.0313770462 
    -0.052044596     0.0323624425 
     -0.05188495     0.0333767981 
    -0.051725304     0.0343974535 
    -0.051565658     0.0354753318 
    -0.051406012     0.0365894894 
    -0.051246366     0.0377399261 
     -0.05108672      0.038926642 
    -0.050927074     0.0401496372 
    -0.050767428     0.0414089115 
    -0.050607782      0.042704465 
    -0.050448136     0.0440116752 
     -0.05028849     0.0453930297 
    -0.050128844     0.0468198301 
    -0.049969198     0.0482920763 
    -0.049809552     0.0498097684 
    -0.049649906     0.0513729062 
     -0.04949026     0.0529814899 
    -0.049330614     0.0546017762 
    -0.049170968     0.0563141494 
    -0.049011322     0.0580834451 
    -0.048851676     0.0599096631 
     -0.04869203     0.0617928036 
    -0.048532384     0.0637328665 
    -0.048372738     0.0657298518 
    -0.048213092     0.0677393381 
    -0.048053446     0.0698617053 
      -0.0478938     0.0720553593 
    -0.047734154        0.0743203 
    -0.047574508     0.0766565276 
    -0.047414862     0.0790640419 
    -0.047255216      0.081542843 
     -0.04709557      0.084036441 
    -0.046935924     0.0866664896 
    -0.046776278     0.0893857965 
    -0.046616632     0.0921943618 
    -0.046456986     0.0950921854 
     -0.04629734     0.0980792672 
    -0.046137694      0.101155607 
    -0.045978048      0.104321206 
    -0.045818402      0.107510201 
    -0.045658756      0.110880435 
     -0.04549911        0.1143624 
    -0.045339464      0.117956096 
    -0.045179818      0.121661522 
    -0.045020172      0.125478679 
    -0.044860526      0.129407566 
     -0.04470088       0.13336113 
    -0.044541234      0.137537124 
    -0.044381588      0.141852929 
    -0.044221942      0.146308544 
    -0.044062296       0.15090397 
     -0.04390265      0.155639206 
    -0.043743004      0.160514252 
    -0.043583358      0.165418006 
    -0.043423712      0.170590972 
    -0.043264066      0.175938801 
     -0.04310442      0.181461491 
    -0.042944774      0.187159043 
    -0.042785128      0.193031457 
    -0.042625482      0.199078734 
    -0.042465836      0.205300872 
     -0.04230619      0.211569506 
    -0.042146544      0.218193902 
    -0.041986898      0.225036855 
    -0.041827252      0.232098366 
    -0.041667606      0.239378435 
     -0.04150796       0.24687706 
    -0.041348314      0.254594244 
    -0.041188668      0.262359824 
    -0.041029022      0.270562118 
    -0.040869376      0.279037343 
     -0.04070973      0.287785497 
    -0.040550084      0.296806581 
    -0.040390438      0.306100595 
    -0.040230792      0.315667539 
    -0.040071146      0.325289776 
      -0.0399115      0.335440611 
    -0.039751854      0.345931868 
    -0.039592208      0.356763546 
    -0.039432562      0.367935645 
    -0.039272916      0.379448164 
     -0.03911327      0.391301105 
    -0.038953624      0.403494467 
    -0.038793978      0.415779394 
    -0.038634332      0.428757525 
    -0.038474686      0.442159573 
     -0.03831504      0.455985538 
    -0.038155394       0.47023542 
    -0.037995748      0.484909219 
    -0.037836102      0.500006936 
    -0.037676456      0.515198742 
     -0.03751681      0.531239551 
    -0.037357164      0.547807106 
    -0.037197518      0.564901407 
    -0.037037872      0.582522454 
    -0.036878226      0.600670247 
     -0.03671858      0.619344785 
    -0.036558934      0.638124891 
    -0.036399288      0.657929537 
    -0.036239642       0.67838679 
    -0.036079996      0.699496651 
     -0.03592035      0.721259119 
    -0.035760704      0.743674194 
    -0.035601058      0.766741876 
    -0.035441412      0.790462166 
    -0.035281766      0.814359807 
     -0.03512212      0.839582683 
    -0.034962474      0.865610936 
    -0.034802828      0.892444565 
    -0.034643182       0.92008357 
    -0.034483536      0.948527952 
     -0.03432389      0.977777711 
    -0.034164244       1.00720774 
    -0.034004598       1.03824725 
    -0.033844952       1.07027546 
    -0.033685306       1.10329238 
     -0.03352566         1.137298 
    -0.033366014       1.17229233 
    -0.033206368       1.20827536 
    -0.033046722       1.24445684 
    -0.032887076       1.28256076 
     -0.03272743       1.32186998 
    -0.032567784       1.36238448 
    -0.032408138       1.40410427 
    -0.032248492       1.44702936 
    -0.032088846       1.49115973 
      -0.0319292        1.5364954 
    -0.031769554       1.58215933 
    -0.031609908        1.6302439 
    -0.031450262       1.67978418 
    -0.031290616       1.73078015 
     -0.03113097       1.78323184 
    -0.030971324       1.83713922 
    -0.030811678       1.89250231 
    -0.030652032       1.94818763 
    -0.030492386       2.00675523 
     -0.03033274       2.06705941 
    -0.030173094       2.12910019 
    -0.030013448       2.19287755 
    -0.029853802       2.25839149 
    -0.029694156       2.32564203 
     -0.02953451       2.39320885 
    -0.029374864       2.46415653 
    -0.029215218       2.53714252 
    -0.029055572       2.61216683 
    -0.028895926       2.68922946 
     -0.02873628        2.7683304 
    -0.028576634       2.84946967 
    -0.028416988       2.93264725 
    -0.028257342       3.01622951 
    -0.028097696       3.10392585 
     -0.02793805       3.19396508 
    -0.027778404       3.28634719 
    -0.027618758       3.38107218 
    -0.027459112       3.47814004 
    -0.027299466       3.57755079 
     -0.02713982       3.67635371 
    -0.026980174       3.78078324 
    -0.026820528       3.88782721 
    -0.026660882       3.99748563 
    -0.026501236        4.1097585 
     -0.02634159        4.2246458 
    -0.026181944       4.34214756 
    -0.026022298       4.45505655 
    -0.025862652       4.57803143 
    -0.025703006       4.70372264 
     -0.02554336       4.83213019 
    -0.025383714       4.96325408 
    -0.025224068       5.09709431 
    -0.025064422       5.23365087 
    -0.024904776       5.37292376 
     -0.02474513       5.50778252 
    -0.024585484       5.65278113 
    -0.024425838        5.8005142 
    -0.024266192       5.95098173 
    -0.024106546       6.10418371 
      -0.0239469       6.26012016 
    -0.023787254       6.41879106 
    -0.023627608       6.58267083 
    -0.023467962       6.74656851 
    -0.023308316       6.91325117 
     -0.02314867        7.0827188 
    -0.022989024       7.24355063 
    -0.022829378       7.42096475 
    -0.022669732       7.60225826 
    -0.022510086       7.79725696 
     -0.02235044       7.98520573 
    -0.022190794       8.17613221 
    -0.022031148       8.37003639 
    -0.021871502       8.57113871 
    -0.021711856       8.76785255 
     -0.02155221       8.96182849 
    -0.021392564       9.16431546 
    -0.021232918       9.37645004 
    -0.021073272       9.58439759 
    -0.020913626       9.79574605 
     -0.02075398       10.0079734 
    -0.020594334       10.2222434 
    -0.020434688        10.438432 
    -0.020275042        10.656216 
    -0.020115396         10.87601 
     -0.01995575       11.0970421 
    -0.019796104       11.3194987 
    -0.019636458        11.543927 
    -0.019476812       11.7690532 
    -0.019317166       11.9959888 
     -0.01915752       12.2233275 
    -0.018997874       12.4522815 
    -0.018838228       12.6813482 
    -0.018678582       12.9118123 
    -0.018518936       13.1421038 
     -0.01835929       13.3735569 
    -0.018199644       13.6045611 
    -0.018039998       13.8364765 
    -0.017880352       14.0676831 
    -0.017720706       14.2995376 
     -0.01756106       14.5304548 
    -0.017401414       14.7617409 
    -0.017241768        14.991923 
    -0.017082122       15.2221699 
    -0.016922476       15.4512663 
     -0.01676283       15.6800784 
    -0.016603184       15.9079197 
    -0.016443538       16.1355349 
    -0.016283892       16.3618383 
    -0.016124246       16.5876819 
      -0.0159646       16.8127982 
    -0.015804954       17.0422021 
    -0.015645308       17.2647662 
    -0.015485662       17.4757382 
    -0.015326016       17.6879444 
     -0.01516637       17.8974499 
    -0.015006724       18.1042544 
    -0.014847078       18.3004099 
    -0.014687432       18.5067913 
    -0.014527786       18.7136174 
     -0.01436814       18.9208881 
    -0.014208494       19.1514722 
    -0.014048848       19.3536942 
    -0.013889202       19.5500251 
    -0.013729556       19.7543053 
     -0.01356991       19.9390694 
    -0.013410264       20.1192485 
    -0.013250618       20.2948426 
    -0.013090972       20.4658517 
    -0.012931326       20.6322759 
     -0.01277168        20.794115 
    -0.012612034       20.9513692 
    -0.012452388       21.0028513 
    -0.012292742       21.1573967 
    -0.012133096       21.3104034 
     -0.01197345       21.4618714 
    -0.011813804       21.6118007 
    -0.011654158       21.7601913 
    -0.011494512       21.9070433 
    -0.011334866       22.0523565 
     -0.01117522       22.2459087 
    -0.011015574       22.3851609 
    -0.010855928       22.5214059 
    -0.010696282       22.6546439 
    -0.010536636       22.7848746 
     -0.01037699       22.9120983 
    -0.010217344       23.0363148 
    -0.010057698       23.1575242 
    -0.009898052       23.2699716 
    -0.009738406       23.3848867 
     -0.00957876       23.4969687 
    -0.009419114       23.6062175 
    -0.009259468       23.7126331 
    -0.009099822       23.8162155 
    -0.008940176       23.9169647 
     -0.00878053       24.0148808 
    -0.008620884       24.1129642 
    -0.008461238       24.2056802 
    -0.008301592       24.2958812 
    -0.008141946       24.3835671 
      -0.0079823       24.4687379 
    -0.007822654       24.5513936 
    -0.007663008       24.6315342 
    -0.007503362       24.7091597 
    -0.007343716       24.7840901 
     -0.00718407       24.8571617 
    -0.007024424       24.9280232 
    -0.006864778       24.9966745 
    -0.006705132       25.0631156 
    -0.006545486       25.1273465 
     -0.00638584       25.1893672 
    -0.006226194        25.248503 
    -0.006066548       25.3063234 
    -0.005906902       25.3622293 
    -0.005747256       25.4162207 
     -0.00558761       25.4682978 
    -0.005427964       25.5184603 
    -0.005268318       25.5667085 
    -0.005108672       25.6130421 
    -0.004949026       25.6567611 
     -0.00478938       25.6995079 
    -0.004629734       25.7405992 
    -0.004470088       25.7800351 
    -0.004310442       25.8178156 
    -0.004150796       25.8539407 
     -0.00399115       25.8884104 
    -0.003831504       25.9212247 
    -0.003671858       25.9519533 
    -0.003512212       25.9816912 
    -0.003352566       26.0099806 
     -0.00319292       26.0368214 
    -0.003033274       26.0622135 
    -0.002873628       26.0861571 
    -0.002713982       26.1086521 
    -0.002554336       26.1296985 
     -0.00239469       26.1515363 
    -0.002235044       26.1698978 
    -0.002075398        26.186993 
    -0.001915752       26.2028219 
    -0.001756106       26.2173844 
     -0.00159646       26.2306807 
    -0.001436814       26.2427107 
    -0.001277168       26.2534743 
    -0.001117522       26.2670922 
    -0.000957876       26.2756463 
     -0.00079823       26.2828844 
    -0.000638584       26.2888065 
    -0.000478938       26.2934125 
    -0.000319292       26.2967026 
    -0.000159646       26.2986766 
               0       26.2993346 
     0.000159646       26.2986766 
     0.000319292       26.2967026 
     0.000478938       26.2934125 
     0.000638584       26.2888065 
      0.00079823       26.2828844 
     0.000957876       26.2756463 
     0.001117522       26.2670922 
     0.001277168       26.2534743 
     0.001436814       26.2427107 
      0.00159646       26.2306807 
     0.001756106       26.2173844 
     0.001915752       26.2028219 
     0.002075398        26.186993 
     0.002235044       26.1698978 
      0.00239469       26.1515363 
     0.002554336       26.1296985 
     0.002713982       26.1086521 
     0.002873628       26.0861571 
     0.003033274       26.0622135 
      0.00319292       26.0368214 
     0.003352566       26.0099806 
     0.003512212       25.9816912 
     0.003671858       25.9519533 
     0.003831504       25.9212247 
      0.00399115       25.8884104 
     0.004150796       25.8539407 
     0.004310442       25.8178156 
     0.004470088       25.7800351 
     0.004629734       25.7405992 
      0.00478938       25.6995079 
     0.004949026       25.6567611 
     0.005108672       25.6130421 
     0.005268318       25.5667085 
     0.005427964       25.5184603 
      0.00558761       25.4682978 
     0.005747256       25.4162207 
     0.005906902       25.3622293 
     0.006066548       25.3063234 
     0.006226194        25.248503 
      0.00638584       25.1893672 
     0.006545486       25.1273465 
     0.006705132       25.0631156 
     0.006864778       24.9966745 
     0.007024424       24.9280232 
      0.00718407       24.8571617 
     0.007343716       24.7840901 
     0.007503362       24.7091597 
     0.007663008       24.6315342 
     0.007822654       24.5513936 
       0.0079823       24.4687379 
     0.008141946       24.3835671 
     0.008301592       24.2958812 
     0.008461238       24.2056802 
     0.008620884       24.1129642 
      0.00878053       24.0148808 
     0.008940176       23.9169647 
     0.009099822       23.8162155 
     0.009259468       23.7126331 
     0.009419114       23.6062175 
      0.00957876       23.4969687 
     0.009738406       23.3848867 
     0.009898052       23.2699716 
     0.010057698       23.1575242 
     0.010217344       23.0363148 
      0.01037699       22.9120983 
     0.010536636       22.7848746 
     0.010696282       22.6546439 
     0.010855928       22.5214059 
     0.011015574       22.3851609 
      0.01117522       22.2459087 
     0.011334866       22.0523565 
     0.011494512       21.9070433 
     0.011654158       21.7601913 
     0.011813804       21.6118007 
      0.01197345       21.4618714 
     0.012133096       21.3104034 
     0.012292742       21.1573967 
     0.012452388       21.0028513 
     0.012612034       20.9513692 
      0.01277168        20.794115 
     0.012931326       20.6322759 
     0.013090972       20.4658517 
     0.013250618       20.2948426 
     0.013410264       20.1192485 
      0.01356991       19.9390694 
     0.013729556       19.7543053 
     0.013889202       19.5500251 
     0.014048848       19.3536942 
     0.014208494       19.1514722 
      0.01436814       18.9208881 
     0.014527786       18.7136174 
     0.014687432       18.5067913 
     0.014847078       18.3004099 
     0.015006724       18.1042544 
      0.01516637       17.8974499 
     0.015326016       17.6879444 
     0.015485662       17.4757382 
     0.015645308       17.2647662 
     0.015804954       17.0422021 
       0.0159646       16.8127982 
     0.016124246       16.5876819 
     0.016283892       16.3618383 
     0.016443538       16.1355349 
     0.016603184       15.9079197 
      0.01676283       15.6800784 
     0.016922476       15.4512663 
     0.017082122       15.2221699 
     0.017241768        14.991923 
     0.017401414       14.7617409 
      0.01756106       14.5304548 
     0.017720706       14.2995376 
     0.017880352       14.0676831 
     0.018039998       13.8364765 
     0.018199644       13.6045611 
      0.01835929       13.3735569 
     0.018518936       13.1421038 
     0.018678582       12.9118123 
     0.018838228       12.6813482 
     0.018997874       12.4522815 
      0.01915752       12.2233275 
     0.019317166       11.9959888 
     0.019476812       11.7690532 
     0.019636458        11.543927 
     0.019796104       11.3194987 
      0.01995575       11.0970421 
     0.020115396         10.87601 
     0.020275042        10.656216 
     0.020434688        10.438432 
     0.020594334       10.2222434 
      0.02075398       10.0079734 
     0.020913626       9.79574605 
     0.021073272       9.58439759 
     0.021232918       9.37645004 
     0.021392564       9.16431546 
      0.02155221       8.96182849 
     0.021711856       8.76785255 
     0.021871502       8.57113871 
     0.022031148       8.37003639 
     0.022190794       8.17613221 
      0.02235044       7.98520573 
     0.022510086       7.79725696 
     0.022669732       7.60225826 
     0.022829378       7.42096475 
     0.022989024       7.24355063 
      0.02314867        7.0827188 
     0.023308316       6.91325117 
     0.023467962       6.74656851 
     0.023627608       6.58267083 
     0.023787254       6.41879106 
       0.0239469       6.26012016 
     0.024106546       6.10418371 
     0.024266192       5.95098173 
     0.024425838        5.8005142 
     0.024585484       5.65278113 
      0.02474513       5.50778252 
     0.024904776       5.37292376 
     0.025064422       5.23365087 
     0.025224068       5.09709431 
     0.025383714       4.96325408 
      0.02554336       4.83213019 
     0.025703006       4.70372264 
     0.025862652       4.57803143 
     0.026022298       4.45505655 
     0.026181944       4.34214756 
      0.02634159        4.2246458 
     0.026501236        4.1097585 
     0.026660882       3.99748563 
     0.026820528       3.88782721 
     0.026980174       3.78078324 
      0.02713982       3.67635371 
     0.027299466       3.57755079 
     0.027459112       3.47814004 
     0.027618758       3.38107218 
     0.027778404       3.28634719 
      0.02793805       3.19396508 
     0.028097696       3.10392585 
     0.028257342       3.01622951 
     0.028416988       2.93264725 
     0.028576634       2.84946967 
      0.02873628        2.7683304 
     0.028895926       2.68922946 
     0.029055572       2.61216683 
     0.029215218       2.53714252 
     0.029374864       2.46415653 
      0.02953451       2.39320885 
     0.029694156       2.32564203 
     0.029853802       2.25839149 
     0.030013448       2.19287755 
     0.030173094       2.12910019 
      0.03033274       2.06705941 
     0.030492386       2.00675523 
     0.030652032       1.94818763 
     0.030811678       1.89250231 
     0.030971324       1.83713922 
      0.03113097       1.78323184 
     0.031290616       1.73078015 
     0.031450262       1.67978418 
     0.031609908        1.6302439 
     0.031769554       1.58215933 
       0.0319292        1.5364954 
     0.032088846       1.49115973 
     0.032248492       1.44702936 
     0.032408138       1.40410427 
     0.032567784       1.36238448 
      0.03272743       1.32186998 
     0.032887076       1.28256076 
     0.033046722       1.24445684 
     0.033206368       1.20827536 
     0.033366014       1.17229233 
      0.03352566         1.137298 
     0.033685306       1.10329238 
     0.033844952       1.07027546 
     0.034004598       1.03824725 
     0.034164244       1.00720774 
      0.03432389      0.977777711 
     0.034483536      0.948527952 
     0.034643182       0.92008357 
     0.034802828      0.892444565 
     0.034962474      0.865610936 
      0.03512212      0.839582683 
     0.035281766      0.814359807 
     0.035441412      0.790462166 
     0.035601058      0.766741876 
     0.035760704      0.743674194 
      0.03592035      0.721259119 
     0.036079996      0.699496651 
     0.036239642       0.67838679 
     0.036399288      0.657929537 
     0.036558934      0.638124891 
      0.03671858      0.619344785 
     0.036878226      0.600670247 
     0.037037872      0.582522454 
     0.037197518      0.564901407 
     0.037357164      0.547807106 
      0.03751681      0.531239551 
     0.037676456      0.515198742 
     0.037836102      0.500006936 
     0.037995748      0.484909219 
     0.038155394       0.47023542 
      0.03831504      0.455985538 
     0.038474686      0.442159573 
     0.038634332      0.428757525 
     0.038793978      0.415779394 
     0.038953624      0.403494467 
      0.03911327      0.391301105 
     0.039272916      0.379448164 
     0.039432562      0.367935645 
     0.039592208      0.356763546 
     0.039751854      0.345931868 
       0.0399115      0.335440611 
     0.040071146      0.325289776 
     0.040230792      0.315667539 
     0.040390438      0.306100595 
     0.040550084      0.296806581 
      0.04070973      0.287785497 
     0.040869376      0.279037343 
     0.041029022      0.270562118 
     0.041188668      0.262359824 
     0.041348314      0.254594244 
      0.04150796       0.24687706 
     0.041667606      0.239378435 
     0.041827252      0.232098366 
     0.041986898      0.225036855 
     0.042146544      0.218193902 
      0.04230619      0.211569506 
     0.042465836      0.205300872 
     0.042625482      0.199078734 
     0.042785128      0.193031457 
     0.042944774      0.187159043 
      0.04310442      0.181461491 
     0.043264066      0.175938801 
     0.043423712      0.170590972 
     0.043583358      0.165418006 
     0.043743004      0.160514252 
      0.04390265      0.155639206 
     0.044062296       0.15090397 
     0.044221942      0.146308544 
     0.044381588      0.141852929 
     0.044541234      0.137537124 
      0.04470088       0.13336113 
     0.044860526      0.129407566 
     0.045020172      0.125478679 
     0.045179818      0.121661522 
     0.045339464      0.117956096 
      0.04549911        0.1143624 
     0.045658756      0.110880435 
     0.045818402      0.107510201 
     0.045978048      0.104321206 
     0.046137694      0.101155607 
      0.04629734     0.0980792672 
     0.046456986     0.0950921854 
     0.046616632     0.0921943618 
     0.046776278     0.0893857965 
     0.046935924     0.0866664896 
      0.04709557      0.084036441 
     0.047255216      0.081542843 
     0.047414862     0.0790640419 
     0.047574508     0.0766565276 
     0.047734154        0.0743203 
       0.0478938     0.0720553593 
     0.048053446     0.0698617053 
     0.048213092     0.0677393381 
     0.048372738     0.0657298518 
     0.048532384     0.0637328665 
      0.04869203     0.0617928036 
     0.048851676     0.0599096631 
     0.049011322     0.0580834451 
     0.049170968     0.0563141494 
     0.049330614     0.0546017762 
      0.04949026     0.0529814899 
     0.049649906     0.0513729062 
     0.049809552     0.0498097684 
     0.049969198     0.0482920763 
     0.050128844     0.0468198301 
      0.05028849     0.0453930297 
     0.050448136     0.0440116752 
     0.050607782      0.042704465 
     0.050767428     0.0414089115 
     0.050927074     0.0401496372 
      0.05108672      0.038926642 
     0.051246366     0.0377399261 
     0.051406012     0.0365894894 
     0.051565658     0.0354753318 
     0.051725304     0.0343974535 
      0.05188495     0.0333767981 
     0.052044596     0.0323624425 
     0.052204242     0.0313770462 
     0.052363888      0.030420609 
     0.052523534      0.029493131 
      0.05268318     0.0285946122 
     0.052842826     0.0277250527 
     0.053002472      0.026902248 
     0.053162118     0.0260852694 
     0.053321764     0.0252914056 
      0.05348141     0.0245206567 
     0.053641056     0.0237730226 
     0.053800702     0.0230485034 
     0.053960348     0.0223470989 
     0.054119994     0.0216833961 
      0.05427964     0.0210254594 
     0.054439286     0.0203859718 
     0.054598932     0.0197649335 
     0.054758578     0.0191623444 
     0.054918224     0.0185782044 
      0.05507787     0.0180125137 
     0.055237516     0.0174652721 
     0.055397162      0.016947038 
     0.055556808     0.0164319631 
     0.055716454     0.0159316132 
       0.0558761     0.0154459882 
     0.056035746     0.0149750881 
     0.056195392      0.014518913 
     0.056355038     0.0140774628 
     0.056514684     0.0136597537 
      0.05667433     0.0132449328 
     0.056833976     0.0128418643 
     0.056993622     0.0124505482 
     0.057153268     0.0120709844 
     0.057312914      0.011703173 
      0.05747256     0.0113471139 
     0.057632206     0.0110102299 
     0.057791852     0.0106761881 
     0.057951498     0.0103515263 
     0.058111144     0.0100362444 
      0.05827079    0.00973034245 
     0.058430436    0.00943382044 
     0.058590082    0.00914667838 
     0.058749728    0.00886891626 
     0.058909374    0.00860586685 
      0.05906902    0.00834439413 
     0.059228666    0.00809040806 
     0.059388312    0.00784390864 
     0.059547958    0.00760489587 
     0.059707604    0.00737336974 
      0.05986725    0.00714933027 
     0.060026896    0.00693735355 
     0.060186542    0.00672680307 
     0.060346188    0.00652222845 
     0.060505834    0.00632362969 
      0.06066548    0.00613100679 
     0.060825126    0.00594435974 
     0.060984772    0.00576368855 
     0.061144418    0.00559277629 
     0.061304064    0.00542326154 
      0.06146371    0.00525851723 
     0.061623356    0.00509854335 
     0.061783002     0.0049433399 
     0.061942648    0.00479290688 
     0.062102294     0.0046472443 
      0.06226194    0.00450635215 
     0.062421586    0.00437293081 
     0.062581232    0.00424029418 
     0.062740878    0.00411146637 
     0.062900524    0.00398644739 
      0.06306017    0.00386523722 
     0.063219816    0.00374783588 
     0.063379462    0.00363424335 
     0.063539108    0.00352678719 
     0.063698754    0.00342003531 
       0.0638584    0.00331632533 
     0.064018046    0.00321565724 
     0.064177692    0.00311803106 
     0.064337338    0.00302344677 
     0.064496984    0.00293190438 
      0.06465663     0.0028453352 
     0.064816276    0.00275945528 
     0.064975922    0.00267600585 
     0.065135568     0.0025949869 
     0.065295214    0.00251639844 
      0.06545486    0.00244024046 
     0.065614506    0.00236651297 
     0.065774152    0.00229521597 
     0.065933798    0.00222772086 
     0.066093444    0.00216062014 
      0.06625309    0.00209546277 
     0.066412736    0.00203224874 
     0.066572382    0.00197097805 
     0.066732028     0.0019116507 
     0.066891674     0.0018542667 
      0.06705132     0.0018000121 
     0.067210966    0.00174611187 
     0.067370612    0.00169376721 
     0.067530258    0.00164297813 
     0.067689904    0.00159374463 
      0.06784955     0.0015460667 
     0.068009196    0.00149994435 
     0.068168842    0.00145636411 
     0.068328488    0.00141313323 
     0.068488134    0.00137114972 
      0.06864778    0.00133041357 
     0.068807426    0.00129092479 
     0.068967072    0.00125268338 
     0.069126718    0.00121568933 
     0.069286364    0.00117994265 
      0.06944601    0.00114614194 
     0.069605656    0.00111255142 
     0.069765302    0.00107996386 
     0.069924948    0.00104837926 
     0.070084594    0.00101779762 
      0.07024424   0.000988218931 
     0.070403886   0.000959643205 
     0.070563532   0.000932675959 
     0.070723178   0.000905902187 
     0.070882824   0.000879938269 
      0.07104247   0.000854784206 
     0.071202116   0.000830439997 
     0.071361762   0.000806905642 
     0.071521408   0.000784181142 
     0.071681054   0.000762772185 
       0.0718407    0.00074155743 
     0.072000346   0.000721000847 
     0.072159992   0.000701102436 
     0.072319638   0.000681862195 
     0.072479284   0.000663280127 
      0.07263893    0.00064535623 
     0.072798576   0.000628090505 
     0.072958222   0.000611848996 
     0.073117868   0.000595735521 
     0.073277514   0.000580162173 
      0.07343716   0.000565128952 
     0.073596806   0.000550635858 
     0.073756452   0.000536682892 
     0.073916098   0.000523270052 
     0.074075744   0.000510731421 
      0.07423539   0.000498303974 
     0.074395036   0.000486326124 
     0.074554682   0.000474797873 
     0.074714328   0.000463719218 
     0.074873974   0.000453090162 
      0.07503362   0.000442910703 
     0.075193266   0.000433505237 
     0.075352912   0.000424178689 
     0.075512558   0.000415233529 
     0.075672204   0.000406669757 
      0.07583185   0.000398487373 
     0.075991496   0.000390686376 
     0.076151142   0.000383266768 
     0.076310788   0.000376228547 
     0.076470434   0.000371218784 
      0.07663008   0.000364948242 
     0.076789726    0.00035898358 
     0.076949372   0.000353324798 
     0.077109018   0.000347971897 
     0.077268664   0.000342924875 
      0.07742831   0.000338183733 
     0.077587956   0.000332548207 
     0.077747602   0.000328413885 
     0.077907248   0.000324585809 
     0.078066894   0.000321063979 
      0.07822654   0.000317848395 
     0.078386186   0.000314939057 
     0.078545832   0.000312335966 
     0.078705478   0.000309377268 
     0.078865124   0.000307273547 
      0.07902477   0.000305493475 
     0.079184416   0.000304037053 
     0.079344062    0.00030290428 
     0.079503708   0.000302095157 
     0.079663354   0.000301609683 
        0.079823   0.000301447858 
