       -0.072006   0.000984889037 
    -0.071861988   0.000985319963 
    -0.071717976   0.000986612744 
    -0.071573964   0.000988767377 
    -0.071429952   0.000991783865 
     -0.07128594   0.000995662206 
    -0.071141928     0.0010004024 
    -0.070997916    0.00100600445 
    -0.070853904    0.00101246835 
    -0.070709892    0.00102154748 
     -0.07056588    0.00102929069 
    -0.070421868    0.00103784897 
    -0.070277856    0.00104722233 
    -0.070133844    0.00105741076 
    -0.069989832    0.00106841426 
     -0.06984582    0.00108023284 
    -0.069701808    0.00109286649 
    -0.069557796    0.00111031558 
    -0.069413784    0.00112456334 
    -0.069269772    0.00113962526 
     -0.06912576    0.00115550134 
    -0.068981748    0.00117219157 
    -0.068837736    0.00118969596 
    -0.068693724    0.00120801452 
    -0.068549712    0.00122714722 
      -0.0684057    0.00124203321 
    -0.068261688    0.00126334513 
    -0.068117676    0.00128567479 
    -0.067973664    0.00130902219 
    -0.067829652    0.00133338734 
     -0.06768564    0.00135877023 
    -0.067541628    0.00138517086 
    -0.067397616    0.00141258924 
    -0.067253604     0.0014399459 
    -0.067109592    0.00146957517 
     -0.06696558    0.00150040618 
    -0.066821568    0.00153243895 
    -0.066677556    0.00156567347 
    -0.066533544    0.00160010973 
    -0.066389532    0.00163574775 
     -0.06624552    0.00167258751 
    -0.066101508     0.0017094557 
    -0.065957496    0.00174887817 
    -0.065813484    0.00178974683 
    -0.065669472    0.00183206169 
     -0.06552546    0.00187582274 
    -0.065381448    0.00192102999 
    -0.065237436    0.00196768343 
    -0.065093424    0.00201578307 
    -0.064949412    0.00206392381 
      -0.0648054    0.00211508913 
    -0.064661388    0.00216801972 
    -0.064517376    0.00222271556 
    -0.064373364    0.00227917665 
    -0.064229352      0.002337403 
     -0.06408534    0.00239739461 
    -0.063941328    0.00245915147 
    -0.063797316    0.00252267359 
    -0.063653304    0.00258637501 
    -0.063509292    0.00265398642 
     -0.06336528    0.00272377351 
    -0.063221268    0.00279573629 
    -0.063077256    0.00286987475 
    -0.062933244    0.00294618889 
    -0.062789232    0.00302467872 
     -0.06264522    0.00310534423 
    -0.062501208    0.00318613643 
    -0.062357196    0.00327177257 
    -0.062213184     0.0033601075 
    -0.062069172    0.00345114124 
     -0.06192516    0.00354487378 
    -0.061781148    0.00364130512 
    -0.061637136    0.00374043526 
    -0.061493124    0.00384226421 
    -0.061349112     0.0039441589 
      -0.0612051    0.00405205406 
    -0.061061088    0.00416331094 
    -0.060917076    0.00427792953 
    -0.060773064    0.00439590984 
    -0.060629052    0.00451725186 
     -0.06048504     0.0046419556 
    -0.060341028    0.00477002106 
    -0.060197016    0.00489808972 
    -0.060053004    0.00503357768 
    -0.059908992    0.00517326438 
     -0.05976498    0.00531714982 
    -0.059620968    0.00546523401 
    -0.059476956    0.00561751694 
    -0.059332944    0.00577399862 
    -0.059188932    0.00593467904 
     -0.05904492    0.00609530708 
    -0.058900908    0.00626508419 
    -0.058756896     0.0064401145 
    -0.058612884    0.00662039802 
    -0.058468872    0.00680593475 
     -0.05832486    0.00699672469 
    -0.058180848    0.00719276784 
    -0.058036836    0.00739406419 
    -0.057892824    0.00759527272 
    -0.057748812    0.00780772813 
      -0.0576048    0.00802676319 
    -0.057460788    0.00825237791 
    -0.057316776    0.00848457229 
    -0.057172764    0.00872334632 
    -0.057028752        0.0089687 
     -0.05688474    0.00922063334 
    -0.056740728    0.00947914633 
    -0.056596716    0.00973811371 
    -0.056452704     0.0100119895 
    -0.056308692      0.010294112 
     -0.05616468     0.0105844812 
    -0.056020668      0.010883097 
    -0.055876656     0.0111899596 
    -0.055732644     0.0115050688 
    -0.055588632     0.0118284247 
     -0.05544462     0.0121520971 
    -0.055300608      0.012494359 
    -0.055156596     0.0128469614 
    -0.055012584     0.0132099044 
    -0.054868572     0.0135831878 
     -0.05472456     0.0139668117 
    -0.054580548     0.0143607761 
    -0.054436536      0.014765081 
    -0.054292524      0.015169543 
    -0.054148512     0.0155971139 
      -0.0540045     0.0160376539 
    -0.053860488     0.0164911633 
    -0.053716476     0.0169576419 
    -0.053572464     0.0174370899 
    -0.053428452      0.017929507 
     -0.05328444     0.0184348935 
    -0.053140428     0.0189402712 
    -0.052996416     0.0194742848 
    -0.052852404     0.0200245672 
    -0.052708392     0.0205911184 
     -0.05256438     0.0211739384 
    -0.052420368     0.0217730272 
    -0.052276356     0.0223883847 
    -0.052132344      0.023020011 
    -0.051988332     0.0236514847 
     -0.05184432     0.0243183268 
    -0.051700308     0.0250055782 
    -0.051556296     0.0257132388 
    -0.051412284     0.0264413088 
    -0.051268272      0.027189788 
     -0.05112426     0.0279586766 
    -0.050980248     0.0287479744 
    -0.050836236     0.0295370467 
    -0.050692224     0.0303696523 
    -0.050548212     0.0312278622 
      -0.0504042     0.0321116763 
    -0.050260188     0.0330210947 
    -0.050116176     0.0339561172 
    -0.049972164     0.0349167441 
    -0.049828152     0.0359029751 
     -0.04968414     0.0369148104 
    -0.049540128     0.0379285305 
    -0.049396116     0.0390001231 
    -0.049252104     0.0401038368 
    -0.049108092     0.0412396716 
     -0.04896408     0.0424076273 
    -0.048820068      0.043607704 
    -0.048676056     0.0448399018 
    -0.048532044     0.0461042205 
    -0.048388032     0.0473699294 
     -0.04824402      0.048707847 
    -0.048100008     0.0500860591 
    -0.047955996     0.0515045656 
    -0.047811984     0.0529633665 
    -0.047667972     0.0544624618 
     -0.04752396     0.0560018516 
    -0.047379948     0.0575815357 
    -0.047235936     0.0591620208 
    -0.047091924     0.0608323174 
    -0.046947912     0.0625531572 
      -0.0468039     0.0643245402 
    -0.046659888     0.0661464665 
    -0.046515876      0.068018936 
    -0.046371864     0.0699419487 
    -0.046227852     0.0719155047 
     -0.04608384     0.0738892312 
    -0.045939828     0.0759742994 
    -0.045795816     0.0781227583 
    -0.045651804     0.0803346079 
    -0.045507792     0.0826098482 
     -0.04536378     0.0849484791 
    -0.045219768     0.0873505008 
    -0.045075756     0.0898159131 
    -0.044931744     0.0922809291 
    -0.044787732     0.0948835102 
     -0.04464372     0.0975655808 
    -0.044499708      0.100327141 
    -0.044355696      0.103168191 
    -0.044211684       0.10608873 
    -0.044067672      0.109088758 
     -0.04392366      0.112168277 
    -0.043779648      0.115247076 
    -0.043635636      0.118495235 
    -0.043491624      0.121843046 
    -0.043347612      0.125290509 
      -0.0432036      0.128837625 
    -0.043059588      0.132484392 
    -0.042915576      0.136230812 
    -0.042771564      0.140076884 
    -0.042627552      0.144022609 
     -0.04248354      0.147975741 
    -0.042339528      0.152153912 
    -0.042195516      0.156456971 
    -0.042051504      0.160884917 
    -0.041907492       0.16543775 
     -0.04176348       0.17011547 
    -0.041619468      0.174918078 
    -0.041475456      0.179845572 
    -0.041331444       0.18477845 
    -0.041187432      0.189991937 
     -0.04104342      0.195361864 
    -0.040899408      0.200888233 
    -0.040755396      0.206571042 
    -0.040611384      0.212410292 
    -0.040467372      0.218405983 
     -0.04032336      0.224558115 
    -0.040179348      0.230713191 
    -0.040035336      0.237216921 
    -0.039891324      0.243916496 
    -0.039747312      0.250811917 
      -0.0396033      0.257903184 
    -0.039459288      0.265190296 
    -0.039315276      0.272673254 
    -0.039171264      0.280352058 
    -0.039027252      0.288031151 
     -0.03888324      0.296141807 
    -0.038739228      0.304497434 
    -0.038595216       0.31309803 
    -0.038451204      0.321943597 
    -0.038307192      0.331034134 
     -0.03816318      0.340369641 
    -0.038019168      0.349950119 
    -0.037875156      0.359528414 
    -0.037731144      0.369638724 
    -0.037587132      0.380055104 
     -0.03744312      0.390777553 
    -0.037299108      0.401806071 
    -0.037155096      0.413140658 
    -0.037011084      0.424781315 
    -0.036867072      0.436728041 
     -0.03672306      0.448670984 
    -0.036579048       0.46126687 
    -0.036435036      0.474244576 
    -0.036291024      0.487604102 
    -0.036147012      0.501345448 
       -0.036003      0.515468614 
    -0.035858988      0.529973601 
    -0.035714976      0.544860407 
    -0.035570964      0.560129034 
    -0.035426952      0.575424653 
     -0.03528294      0.591580829 
    -0.035138928      0.608212335 
    -0.034994916      0.625319172 
    -0.034850904      0.642901339 
    -0.034706892      0.660958837 
     -0.03456288      0.679491665 
    -0.034418868      0.698499824 
    -0.034274856      0.717527207 
    -0.034130844      0.737619387 
    -0.033986832       0.75830165 
     -0.03384282      0.779573998 
    -0.033698808       0.80143643 
    -0.033554796      0.823888946 
    -0.033410784      0.846931545 
    -0.033266772      0.870564229 
     -0.03312276      0.894207606 
    -0.032978748      0.919160167 
    -0.032834736      0.944842503 
    -0.032690724      0.971254614 
    -0.032546712      0.998396502 
      -0.0324027       1.02626816 
    -0.032258688        1.0548696 
    -0.032114676       1.08420082 
    -0.031970664       1.11353497 
    -0.031826652        1.1444669 
     -0.03168264       1.17629678 
    -0.031538628       1.20902463 
    -0.031394616       1.24265043 
    -0.031250604       1.27717419 
    -0.031106592        1.3125959 
     -0.03096258       1.34891558 
    -0.030818568       1.38523387 
    -0.030674556       1.42348512 
    -0.030530544       1.46283377 
    -0.030386532       1.50327982 
     -0.03024252       1.54482326 
    -0.030098508        1.5874641 
    -0.029954496       1.63120233 
    -0.029810484       1.67603797 
    -0.029666472       1.72087518 
     -0.02952246       1.76802683 
    -0.029378448       1.81650748 
    -0.029234436       1.86631713 
    -0.029090424       1.91745576 
    -0.028946412       1.96992339 
      -0.0288024       2.02372001 
    -0.028658388       2.07884562 
    -0.028514376       2.13530022 
    -0.028370364       2.19186779 
    -0.028226352       2.25133823 
     -0.02808234       2.31239882 
    -0.027938328       2.37504957 
    -0.027794316       2.43929047 
    -0.027650304       2.50512152 
    -0.027506292       2.57254273 
     -0.02736228       2.64155409 
    -0.027218268       2.71067144 
    -0.027074256       2.78320839 
    -0.026930244        2.8576179 
    -0.026786232       2.93389995 
     -0.02664222       3.01205456 
    -0.026498208       3.09208171 
    -0.026354196       3.17398142 
    -0.026210184       3.25775368 
    -0.026066172       3.34161761 
     -0.02592216       3.42944636 
    -0.025778148       3.51943468 
    -0.025634136       3.61158257 
    -0.025490124       3.70589002 
    -0.025346112       3.80235703 
      -0.0252021       3.90098361 
    -0.025058088       4.00176976 
    -0.024914076       4.10256784 
    -0.024770064         4.207929 
    -0.024626052       4.31571459 
     -0.02448204       4.42592459 
    -0.024338028       4.53855902 
    -0.024194016       4.65361786 
    -0.024050004       4.77110112 
    -0.023905992       4.89100879 
     -0.02376198       5.00972242 
    -0.023617968       5.13466935 
    -0.023473956       5.26223895 
    -0.023329944       5.39243124 
    -0.023185932        5.5252462 
     -0.02304192       5.66068385 
    -0.022897908       5.79874417 
    -0.022753896       5.93942717 
    -0.022609884       6.07479996 
    -0.022465872       6.22089975 
     -0.02232186       6.36962124 
    -0.022177848       6.52096443 
    -0.022033836       6.67492932 
    -0.021889824       6.83151592 
    -0.021745812       6.99072421 
      -0.0216018        7.1525542 
    -0.021457788        7.3170059 
    -0.021313776       7.47238092 
    -0.021169764       7.64231323 
    -0.021025752       7.81482443 
     -0.02088174       7.98991452 
    -0.020737728       8.16758349 
    -0.020593716       8.34783134 
    -0.020449704       8.53065808 
    -0.020305692       8.71606371 
     -0.02016168       8.90962349 
    -0.020017668       9.09896103 
    -0.019873656       9.29067061 
    -0.019729644       9.48475223 
    -0.019585632       9.66397664 
     -0.01944162       9.86480372 
    -0.019297608       10.0690751 
    -0.019153596       10.2767909 
    -0.019009584       10.5002806 
    -0.018865572       10.7133604 
     -0.01872156       10.9289258 
    -0.018577548       11.1469767 
    -0.018433536       11.3731939 
    -0.018289524       11.5925967 
    -0.018145512       11.8072631 
      -0.0180015       12.0305562 
    -0.017857488       12.2643969 
    -0.017713476       12.4920872 
    -0.017569464       12.7229235 
    -0.017425452       12.9535981 
     -0.01728144       13.1855266 
    -0.017137428       13.4187107 
    -0.016993416       13.6530108 
    -0.016849404       13.8879308 
    -0.016705392       14.1241699 
     -0.01656138       14.3606607 
    -0.016417368       14.5984316 
    -0.016273356       14.8361359 
    -0.016129344       15.0750116 
    -0.015985332        15.313536 
     -0.01584132       15.5530782 
    -0.015697308       15.7920137 
    -0.015553296       16.0317813 
    -0.015409284       16.2707181 
    -0.015265272       16.5102744 
     -0.01512126       16.7488204 
    -0.014977248       16.9877442 
    -0.014833236       17.2255529 
    -0.014689224       17.4634548 
    -0.014545212       17.7002709 
      -0.0144012       17.9368243 
    -0.014257188       18.1725532 
    -0.014113176       18.4075588 
    -0.013969164       18.6423783 
    -0.013825152       18.8759183 
     -0.01368114       19.1091676 
    -0.013537128       19.3416998 
    -0.013393116       19.5795081 
    -0.013249104        19.808699 
    -0.013105092       20.0245996 
     -0.01296108       20.2437868 
    -0.012817068       20.4605448 
    -0.012673056       20.6748735 
    -0.012529044       20.8775473 
    -0.012385032       21.0907111 
     -0.01224102       21.3042985 
    -0.012097008       21.5183094 
    -0.011952996       21.7599939 
    -0.011808984       21.9738759 
    -0.011664972       22.1821877 
     -0.01152096       22.3849294 
    -0.011376948        22.582101 
    -0.011232936       22.7884509 
    -0.011088924       22.9756266 
    -0.010944912       23.1585022 
      -0.0108009       23.3370777 
    -0.010656888       23.5113531 
    -0.010512876       23.6813283 
    -0.010368864       23.8470034 
    -0.010224852       24.0083784 
     -0.01008084       24.0470354 
    -0.009936828       24.2059854 
    -0.009792816       24.3634451 
    -0.009648804       24.5194144 
    -0.009504792       24.6738932 
     -0.00936078       24.8268816 
    -0.009216768       24.9783796 
    -0.009072756       25.1283871 
    -0.008928744       25.2769043 
    -0.008784732       25.4827576 
     -0.00864072       25.6253173 
    -0.008496708       25.7649837 
    -0.008352696        25.901757 
    -0.008208684        26.035637 
    -0.008064672       26.1666239 
     -0.00792066       26.2947175 
    -0.007776648        26.419918 
    -0.007632636       26.5422252 
    -0.007488624       26.6551739 
    -0.007344612       26.7713222 
      -0.0072006       26.8846952 
    -0.007056588        26.995293 
    -0.006912576       27.1031155 
    -0.006768564       27.2081628 
    -0.006624552       27.3104349 
     -0.00648054       27.4099317 
    -0.006336528       27.5066533 
    -0.006192516       27.6044069 
    -0.006048504       27.6959642 
    -0.005904492       27.7849893 
     -0.00576048       27.8714821 
    -0.005616468       27.9554428 
    -0.005472456       28.0368713 
    -0.005328444       28.1157677 
    -0.005184432       28.1921318 
     -0.00504042       28.2659769 
    -0.004896408       28.3374353 
    -0.004752396       28.4065785 
    -0.004608384       28.4734065 
    -0.004464372       28.5379193 
     -0.00432036        28.600117 
    -0.004176348       28.6599995 
    -0.004032336       28.7175668 
    -0.003888324       28.7728189 
    -0.003744312       28.8257487 
      -0.0036003       28.8765641 
    -0.003456288       28.9252613 
    -0.003312276       28.9718402 
    -0.003168264       29.0163008 
    -0.003024252       29.0586432 
     -0.00288024       29.0988673 
    -0.002736228       29.1369731 
    -0.002592216       29.1729606 
    -0.002448204       29.2139001 
    -0.002304192       29.2459253 
     -0.00216018       29.2760096 
    -0.002016168        29.304153 
    -0.001872156       29.3303554 
    -0.001728144       29.3546169 
    -0.001584132       29.3769375 
     -0.00144012       29.3973172 
    -0.001296108        29.415756 
    -0.001152096       29.4394231 
    -0.001008084       29.4547146 
    -0.000864072       29.4679672 
     -0.00072006        29.479181 
    -0.000576048       29.4883559 
    -0.000432036        29.495492 
    -0.000288024       29.5005891 
    -0.000144012       29.5036475 
               0       29.5046669 
     0.000144012       29.5036475 
     0.000288024       29.5005891 
     0.000432036        29.495492 
     0.000576048       29.4883559 
      0.00072006        29.479181 
     0.000864072       29.4679672 
     0.001008084       29.4547146 
     0.001152096       29.4394231 
     0.001296108        29.415756 
      0.00144012       29.3973172 
     0.001584132       29.3769375 
     0.001728144       29.3546169 
     0.001872156       29.3303554 
     0.002016168        29.304153 
      0.00216018       29.2760096 
     0.002304192       29.2459253 
     0.002448204       29.2139001 
     0.002592216       29.1729606 
     0.002736228       29.1369731 
      0.00288024       29.0988673 
     0.003024252       29.0586432 
     0.003168264       29.0163008 
     0.003312276       28.9718402 
     0.003456288       28.9252613 
       0.0036003       28.8765641 
     0.003744312       28.8257487 
     0.003888324       28.7728189 
     0.004032336       28.7175668 
     0.004176348       28.6599995 
      0.00432036        28.600117 
     0.004464372       28.5379193 
     0.004608384       28.4734065 
     0.004752396       28.4065785 
     0.004896408       28.3374353 
      0.00504042       28.2659769 
     0.005184432       28.1921318 
     0.005328444       28.1157677 
     0.005472456       28.0368713 
     0.005616468       27.9554428 
      0.00576048       27.8714821 
     0.005904492       27.7849893 
     0.006048504       27.6959642 
     0.006192516       27.6044069 
     0.006336528       27.5066533 
      0.00648054       27.4099317 
     0.006624552       27.3104349 
     0.006768564       27.2081628 
     0.006912576       27.1031155 
     0.007056588        26.995293 
       0.0072006       26.8846952 
     0.007344612       26.7713222 
     0.007488624       26.6551739 
     0.007632636       26.5422252 
     0.007776648        26.419918 
      0.00792066       26.2947175 
     0.008064672       26.1666239 
     0.008208684        26.035637 
     0.008352696        25.901757 
     0.008496708       25.7649837 
      0.00864072       25.6253173 
     0.008784732       25.4827576 
     0.008928744       25.2769043 
     0.009072756       25.1283871 
     0.009216768       24.9783796 
      0.00936078       24.8268816 
     0.009504792       24.6738932 
     0.009648804       24.5194144 
     0.009792816       24.3634451 
     0.009936828       24.2059854 
      0.01008084       24.0470354 
     0.010224852       24.0083784 
     0.010368864       23.8470034 
     0.010512876       23.6813283 
     0.010656888       23.5113531 
       0.0108009       23.3370777 
     0.010944912       23.1585022 
     0.011088924       22.9756266 
     0.011232936       22.7884509 
     0.011376948        22.582101 
      0.01152096       22.3849294 
     0.011664972       22.1821877 
     0.011808984       21.9738759 
     0.011952996       21.7599939 
     0.012097008       21.5183094 
      0.01224102       21.3042985 
     0.012385032       21.0907111 
     0.012529044       20.8775473 
     0.012673056       20.6748735 
     0.012817068       20.4605448 
      0.01296108       20.2437868 
     0.013105092       20.0245996 
     0.013249104        19.808699 
     0.013393116       19.5795081 
     0.013537128       19.3416998 
      0.01368114       19.1091676 
     0.013825152       18.8759183 
     0.013969164       18.6423783 
     0.014113176       18.4075588 
     0.014257188       18.1725532 
       0.0144012       17.9368243 
     0.014545212       17.7002709 
     0.014689224       17.4634548 
     0.014833236       17.2255529 
     0.014977248       16.9877442 
      0.01512126       16.7488204 
     0.015265272       16.5102744 
     0.015409284       16.2707181 
     0.015553296       16.0317813 
     0.015697308       15.7920137 
      0.01584132       15.5530782 
     0.015985332        15.313536 
     0.016129344       15.0750116 
     0.016273356       14.8361359 
     0.016417368       14.5984316 
      0.01656138       14.3606607 
     0.016705392       14.1241699 
     0.016849404       13.8879308 
     0.016993416       13.6530108 
     0.017137428       13.4187107 
      0.01728144       13.1855266 
     0.017425452       12.9535981 
     0.017569464       12.7229235 
     0.017713476       12.4920872 
     0.017857488       12.2643969 
       0.0180015       12.0305562 
     0.018145512       11.8072631 
     0.018289524       11.5925967 
     0.018433536       11.3731939 
     0.018577548       11.1469767 
      0.01872156       10.9289258 
     0.018865572       10.7133604 
     0.019009584       10.5002806 
     0.019153596       10.2767909 
     0.019297608       10.0690751 
      0.01944162       9.86480372 
     0.019585632       9.66397664 
     0.019729644       9.48475223 
     0.019873656       9.29067061 
     0.020017668       9.09896103 
      0.02016168       8.90962349 
     0.020305692       8.71606371 
     0.020449704       8.53065808 
     0.020593716       8.34783134 
     0.020737728       8.16758349 
      0.02088174       7.98991452 
     0.021025752       7.81482443 
     0.021169764       7.64231323 
     0.021313776       7.47238092 
     0.021457788        7.3170059 
       0.0216018        7.1525542 
     0.021745812       6.99072421 
     0.021889824       6.83151592 
     0.022033836       6.67492932 
     0.022177848       6.52096443 
      0.02232186       6.36962124 
     0.022465872       6.22089975 
     0.022609884       6.07479996 
     0.022753896       5.93942717 
     0.022897908       5.79874417 
      0.02304192       5.66068385 
     0.023185932        5.5252462 
     0.023329944       5.39243124 
     0.023473956       5.26223895 
     0.023617968       5.13466935 
      0.02376198       5.00972242 
     0.023905992       4.89100879 
     0.024050004       4.77110112 
     0.024194016       4.65361786 
     0.024338028       4.53855902 
      0.02448204       4.42592459 
     0.024626052       4.31571459 
     0.024770064         4.207929 
     0.024914076       4.10256784 
     0.025058088       4.00176976 
       0.0252021       3.90098361 
     0.025346112       3.80235703 
     0.025490124       3.70589002 
     0.025634136       3.61158257 
     0.025778148       3.51943468 
      0.02592216       3.42944636 
     0.026066172       3.34161761 
     0.026210184       3.25775368 
     0.026354196       3.17398142 
     0.026498208       3.09208171 
      0.02664222       3.01205456 
     0.026786232       2.93389995 
     0.026930244        2.8576179 
     0.027074256       2.78320839 
     0.027218268       2.71067144 
      0.02736228       2.64155409 
     0.027506292       2.57254273 
     0.027650304       2.50512152 
     0.027794316       2.43929047 
     0.027938328       2.37504957 
      0.02808234       2.31239882 
     0.028226352       2.25133823 
     0.028370364       2.19186779 
     0.028514376       2.13530022 
     0.028658388       2.07884562 
       0.0288024       2.02372001 
     0.028946412       1.96992339 
     0.029090424       1.91745576 
     0.029234436       1.86631713 
     0.029378448       1.81650748 
      0.02952246       1.76802683 
     0.029666472       1.72087518 
     0.029810484       1.67603797 
     0.029954496       1.63120233 
     0.030098508        1.5874641 
      0.03024252       1.54482326 
     0.030386532       1.50327982 
     0.030530544       1.46283377 
     0.030674556       1.42348512 
     0.030818568       1.38523387 
      0.03096258       1.34891558 
     0.031106592        1.3125959 
     0.031250604       1.27717419 
     0.031394616       1.24265043 
     0.031538628       1.20902463 
      0.03168264       1.17629678 
     0.031826652        1.1444669 
     0.031970664       1.11353497 
     0.032114676       1.08420082 
     0.032258688        1.0548696 
       0.0324027       1.02626816 
     0.032546712      0.998396502 
     0.032690724      0.971254614 
     0.032834736      0.944842503 
     0.032978748      0.919160167 
      0.03312276      0.894207606 
     0.033266772      0.870564229 
     0.033410784      0.846931545 
     0.033554796      0.823888946 
     0.033698808       0.80143643 
      0.03384282      0.779573998 
     0.033986832       0.75830165 
     0.034130844      0.737619387 
     0.034274856      0.717527207 
     0.034418868      0.698499824 
      0.03456288      0.679491665 
     0.034706892      0.660958837 
     0.034850904      0.642901339 
     0.034994916      0.625319172 
     0.035138928      0.608212335 
      0.03528294      0.591580829 
     0.035426952      0.575424653 
     0.035570964      0.560129034 
     0.035714976      0.544860407 
     0.035858988      0.529973601 
        0.036003      0.515468614 
     0.036147012      0.501345448 
     0.036291024      0.487604102 
     0.036435036      0.474244576 
     0.036579048       0.46126687 
      0.03672306      0.448670984 
     0.036867072      0.436728041 
     0.037011084      0.424781315 
     0.037155096      0.413140658 
     0.037299108      0.401806071 
      0.03744312      0.390777553 
     0.037587132      0.380055104 
     0.037731144      0.369638724 
     0.037875156      0.359528414 
     0.038019168      0.349950119 
      0.03816318      0.340369641 
     0.038307192      0.331034134 
     0.038451204      0.321943597 
     0.038595216       0.31309803 
     0.038739228      0.304497434 
      0.03888324      0.296141807 
     0.039027252      0.288031151 
     0.039171264      0.280352058 
     0.039315276      0.272673254 
     0.039459288      0.265190296 
       0.0396033      0.257903184 
     0.039747312      0.250811917 
     0.039891324      0.243916496 
     0.040035336      0.237216921 
     0.040179348      0.230713191 
      0.04032336      0.224558115 
     0.040467372      0.218405983 
     0.040611384      0.212410292 
     0.040755396      0.206571042 
     0.040899408      0.200888233 
      0.04104342      0.195361864 
     0.041187432      0.189991937 
     0.041331444       0.18477845 
     0.041475456      0.179845572 
     0.041619468      0.174918078 
      0.04176348       0.17011547 
     0.041907492       0.16543775 
     0.042051504      0.160884917 
     0.042195516      0.156456971 
     0.042339528      0.152153912 
      0.04248354      0.147975741 
     0.042627552      0.144022609 
     0.042771564      0.140076884 
     0.042915576      0.136230812 
     0.043059588      0.132484392 
       0.0432036      0.128837625 
     0.043347612      0.125290509 
     0.043491624      0.121843046 
     0.043635636      0.118495235 
     0.043779648      0.115247076 
      0.04392366      0.112168277 
     0.044067672      0.109088758 
     0.044211684       0.10608873 
     0.044355696      0.103168191 
     0.044499708      0.100327141 
      0.04464372     0.0975655808 
     0.044787732     0.0948835102 
     0.044931744     0.0922809291 
     0.045075756     0.0898159131 
     0.045219768     0.0873505008 
      0.04536378     0.0849484791 
     0.045507792     0.0826098482 
     0.045651804     0.0803346079 
     0.045795816     0.0781227583 
     0.045939828     0.0759742994 
      0.04608384     0.0738892312 
     0.046227852     0.0719155047 
     0.046371864     0.0699419487 
     0.046515876      0.068018936 
     0.046659888     0.0661464665 
       0.0468039     0.0643245402 
     0.046947912     0.0625531572 
     0.047091924     0.0608323174 
     0.047235936     0.0591620208 
     0.047379948     0.0575815357 
      0.04752396     0.0560018516 
     0.047667972     0.0544624618 
     0.047811984     0.0529633665 
     0.047955996     0.0515045656 
     0.048100008     0.0500860591 
      0.04824402      0.048707847 
     0.048388032     0.0473699294 
     0.048532044     0.0461042205 
     0.048676056     0.0448399018 
     0.048820068      0.043607704 
      0.04896408     0.0424076273 
     0.049108092     0.0412396716 
     0.049252104     0.0401038368 
     0.049396116     0.0390001231 
     0.049540128     0.0379285305 
      0.04968414     0.0369148104 
     0.049828152     0.0359029751 
     0.049972164     0.0349167441 
     0.050116176     0.0339561172 
     0.050260188     0.0330210947 
       0.0504042     0.0321116763 
     0.050548212     0.0312278622 
     0.050692224     0.0303696523 
     0.050836236     0.0295370467 
     0.050980248     0.0287479744 
      0.05112426     0.0279586766 
     0.051268272      0.027189788 
     0.051412284     0.0264413088 
     0.051556296     0.0257132388 
     0.051700308     0.0250055782 
      0.05184432     0.0243183268 
     0.051988332     0.0236514847 
     0.052132344      0.023020011 
     0.052276356     0.0223883847 
     0.052420368     0.0217730272 
      0.05256438     0.0211739384 
     0.052708392     0.0205911184 
     0.052852404     0.0200245672 
     0.052996416     0.0194742848 
     0.053140428     0.0189402712 
      0.05328444     0.0184348935 
     0.053428452      0.017929507 
     0.053572464     0.0174370899 
     0.053716476     0.0169576419 
     0.053860488     0.0164911633 
       0.0540045     0.0160376539 
     0.054148512     0.0155971139 
     0.054292524      0.015169543 
     0.054436536      0.014765081 
     0.054580548     0.0143607761 
      0.05472456     0.0139668117 
     0.054868572     0.0135831878 
     0.055012584     0.0132099044 
     0.055156596     0.0128469614 
     0.055300608      0.012494359 
      0.05544462     0.0121520971 
     0.055588632     0.0118284247 
     0.055732644     0.0115050688 
     0.055876656     0.0111899596 
     0.056020668      0.010883097 
      0.05616468     0.0105844812 
     0.056308692      0.010294112 
     0.056452704     0.0100119895 
     0.056596716    0.00973811371 
     0.056740728    0.00947914633 
      0.05688474    0.00922063334 
     0.057028752        0.0089687 
     0.057172764    0.00872334632 
     0.057316776    0.00848457229 
     0.057460788    0.00825237791 
       0.0576048    0.00802676319 
     0.057748812    0.00780772813 
     0.057892824    0.00759527272 
     0.058036836    0.00739406419 
     0.058180848    0.00719276784 
      0.05832486    0.00699672469 
     0.058468872    0.00680593475 
     0.058612884    0.00662039802 
     0.058756896     0.0064401145 
     0.058900908    0.00626508419 
      0.05904492    0.00609530708 
     0.059188932    0.00593467904 
     0.059332944    0.00577399862 
     0.059476956    0.00561751694 
     0.059620968    0.00546523401 
      0.05976498    0.00531714982 
     0.059908992    0.00517326438 
     0.060053004    0.00503357768 
     0.060197016    0.00489808972 
     0.060341028    0.00477002106 
      0.06048504     0.0046419556 
     0.060629052    0.00451725186 
     0.060773064    0.00439590984 
     0.060917076    0.00427792953 
     0.061061088    0.00416331094 
       0.0612051    0.00405205406 
     0.061349112     0.0039441589 
     0.061493124    0.00384226421 
     0.061637136    0.00374043526 
     0.061781148    0.00364130512 
      0.06192516    0.00354487378 
     0.062069172    0.00345114124 
     0.062213184     0.0033601075 
     0.062357196    0.00327177257 
     0.062501208    0.00318613643 
      0.06264522    0.00310534423 
     0.062789232    0.00302467872 
     0.062933244    0.00294618889 
     0.063077256    0.00286987475 
     0.063221268    0.00279573629 
      0.06336528    0.00272377351 
     0.063509292    0.00265398642 
     0.063653304    0.00258637501 
     0.063797316    0.00252267359 
     0.063941328    0.00245915147 
      0.06408534    0.00239739461 
     0.064229352      0.002337403 
     0.064373364    0.00227917665 
     0.064517376    0.00222271556 
     0.064661388    0.00216801972 
       0.0648054    0.00211508913 
     0.064949412    0.00206392381 
     0.065093424    0.00201578307 
     0.065237436    0.00196768343 
     0.065381448    0.00192102999 
      0.06552546    0.00187582274 
     0.065669472    0.00183206169 
     0.065813484    0.00178974683 
     0.065957496    0.00174887817 
     0.066101508     0.0017094557 
      0.06624552    0.00167258751 
     0.066389532    0.00163574775 
     0.066533544    0.00160010973 
     0.066677556    0.00156567347 
     0.066821568    0.00153243895 
      0.06696558    0.00150040618 
     0.067109592    0.00146957517 
     0.067253604     0.0014399459 
     0.067397616    0.00141258924 
     0.067541628    0.00138517086 
      0.06768564    0.00135877023 
     0.067829652    0.00133338734 
     0.067973664    0.00130902219 
     0.068117676    0.00128567479 
     0.068261688    0.00126334513 
       0.0684057    0.00124203321 
     0.068549712    0.00122714722 
     0.068693724    0.00120801452 
     0.068837736    0.00118969596 
     0.068981748    0.00117219157 
      0.06912576    0.00115550134 
     0.069269772    0.00113962526 
     0.069413784    0.00112456334 
     0.069557796    0.00111031558 
     0.069701808    0.00109286649 
      0.06984582    0.00108023284 
     0.069989832    0.00106841426 
     0.070133844    0.00105741076 
     0.070277856    0.00104722233 
     0.070421868    0.00103784897 
      0.07056588    0.00102929069 
     0.070709892    0.00102154748 
     0.070853904    0.00101246835 
     0.070997916    0.00100600445 
     0.071141928     0.0010004024 
      0.07128594   0.000995662206 
     0.071429952   0.000991783865 
     0.071573964   0.000988767377 
     0.071717976   0.000986612744 
     0.071861988   0.000985319963 
        0.072006   0.000984889037 
