      -0.0690295    0.00156699242 
    -0.068891441    0.00156762327 
    -0.068753382    0.00156951579 
    -0.068615323       0.00157267 
    -0.068477264    0.00157708589 
    -0.068339205    0.00158276347 
    -0.068201146    0.00158970273 
    -0.068063087    0.00159790367 
    -0.067925028     0.0016073663 
    -0.067786969    0.00162120955 
     -0.06764891    0.00163254065 
    -0.067510851    0.00164506449 
    -0.067372792    0.00165878109 
    -0.067234733    0.00167369043 
    -0.067096674    0.00168979251 
    -0.066958615    0.00170708735 
    -0.066820556    0.00172557493 
    -0.066682497    0.00174525526 
    -0.066544438    0.00177260511 
    -0.066406379    0.00179464726 
     -0.06626832    0.00181788087 
    -0.066130261    0.00184230595 
    -0.065992202    0.00186792249 
    -0.065854143     0.0018947305 
    -0.065716084    0.00192272998 
    -0.065578025    0.00195192093 
    -0.065439966     0.0019739807 
    -0.065301907     0.0020063418 
    -0.065163848    0.00204019505 
    -0.065025789    0.00207554044 
     -0.06488773    0.00211237799 
    -0.064749671    0.00215070768 
    -0.064611612    0.00219052952 
    -0.064473553    0.00223184351 
    -0.064335494    0.00227464964 
    -0.064197435    0.00231726991 
    -0.064059376    0.00236344098 
    -0.063921317    0.00241137607 
    -0.063783258    0.00246107518 
    -0.063645199    0.00251253831 
     -0.06350714    0.00256576545 
    -0.063369081     0.0026207566 
    -0.063231022    0.00267751177 
    -0.063092963    0.00273411719 
    -0.062954904    0.00279468503 
    -0.062816845     0.0028573783 
    -0.062678786    0.00292219699 
    -0.062540727     0.0029891411 
    -0.062402668    0.00305821065 
    -0.062264609    0.00312940562 
     -0.06212655    0.00320272601 
    -0.061988491    0.00327817183 
    -0.061850432    0.00335355879 
    -0.061712373    0.00343382508 
    -0.061574314    0.00351668888 
    -0.061436255    0.00360215016 
    -0.061298196    0.00369020894 
    -0.061160137    0.00378086521 
    -0.061022078    0.00387411897 
    -0.060884019    0.00396997022 
     -0.06074596    0.00406557295 
    -0.060607901    0.00416700475 
    -0.060469842    0.00427164176 
    -0.060331783    0.00437948399 
    -0.060193724    0.00449053143 
    -0.060055665    0.00460478408 
    -0.059917606    0.00472224196 
    -0.059779547    0.00484290504 
    -0.059641488    0.00496677335 
    -0.059503429    0.00509040509 
     -0.05936537    0.00522151054 
    -0.059227311    0.00535659644 
    -0.059089252    0.00549566279 
    -0.058951193    0.00563870958 
    -0.058813134    0.00578573682 
    -0.058675075     0.0059367445 
    -0.058537016    0.00609173264 
    -0.058398957     0.0062462309 
    -0.058260898    0.00640967257 
    -0.058122839    0.00657807796 
     -0.05798478    0.00675144705 
    -0.057846721    0.00692977985 
    -0.057708662    0.00711307636 
    -0.057570603    0.00730133658 
    -0.057432544    0.00749456051 
    -0.057294485    0.00769274815 
    -0.057156426     0.0078904129 
    -0.057018367    0.00809969294 
    -0.056880308    0.00831517934 
    -0.056742249     0.0085368721 
     -0.05660419    0.00876477121 
    -0.056466131    0.00899887667 
    -0.056328072    0.00923918849 
    -0.056190013    0.00948570667 
    -0.056051954     0.0097384312 
    -0.055913895    0.00999093433 
    -0.055775836     0.0102582266 
    -0.055637777     0.0105332922 
    -0.055499718      0.010816131 
    -0.055361659     0.0111067431 
      -0.0552236     0.0114051284 
    -0.055085541     0.0117112869 
    -0.054947482     0.0120252188 
    -0.054809423     0.0123382107 
    -0.054671364     0.0126692957 
    -0.054533305     0.0130101267 
    -0.054395246      0.013360704 
    -0.054257187     0.0137210273 
    -0.054119128     0.0140910969 
    -0.053981069     0.0144709125 
     -0.05384301     0.0148604744 
    -0.053704951     0.0152597824 
    -0.053566892     0.0156584975 
    -0.053428833     0.0160804104 
    -0.053290774     0.0165145513 
    -0.053152715     0.0169609201 
    -0.053014656     0.0174195169 
    -0.052876597     0.0178903416 
    -0.052738538     0.0183733942 
    -0.052600479     0.0188686748 
     -0.05246242     0.0193623959 
    -0.052324361     0.0198843001 
    -0.052186302     0.0204215523 
    -0.052048243     0.0209741525 
    -0.051910184     0.0215421007 
    -0.051772125     0.0221253968 
    -0.051634066      0.022724041 
    -0.051496007     0.0233380332 
    -0.051357948     0.0239673733 
    -0.051219889     0.0245954925 
     -0.05108183     0.0252599824 
    -0.050943771     0.0259437411 
    -0.050805712     0.0266467687 
    -0.050667653     0.0273690649 
    -0.050529594       0.02811063 
    -0.050391535     0.0288714638 
    -0.050253476     0.0296515665 
    -0.050115417     0.0304291794 
    -0.049977358     0.0312506649 
    -0.049839299     0.0320963446 
     -0.04970124     0.0329662186 
    -0.049563181     0.0338602869 
    -0.049425122     0.0347785495 
    -0.049287063     0.0357210063 
    -0.049149004     0.0366876574 
    -0.049010945     0.0376785028 
    -0.048872886     0.0386670671 
    -0.048734827     0.0397126099 
    -0.048596768      0.040788533 
    -0.048458709     0.0418948365 
     -0.04832065     0.0430315204 
    -0.048182591     0.0441985847 
    -0.048044532     0.0453960293 
    -0.047906473     0.0466238543 
    -0.047768414     0.0478478009 
    -0.047630355     0.0491399785 
    -0.047492296      0.050470304 
    -0.047354237     0.0518387772 
    -0.047216178     0.0532453984 
    -0.047078119     0.0546901673 
     -0.04694006     0.0561730841 
    -0.046802001     0.0576941488 
    -0.046663942     0.0592533612 
    -0.046525883     0.0608085275 
    -0.046387824     0.0624528634 
    -0.046249765     0.0641450978 
    -0.046111706     0.0658852306 
    -0.045973647     0.0676732617 
    -0.045835588     0.0695091913 
    -0.045697529     0.0713930193 
     -0.04555947     0.0733247457 
    -0.045421411     0.0753043706 
    -0.045283352     0.0772823415 
    -0.045145293     0.0793742652 
    -0.045007234     0.0815263236 
    -0.044869175     0.0837385166 
    -0.044731116     0.0860108442 
    -0.044593057     0.0883433065 
    -0.044454998     0.0907359033 
    -0.044316939     0.0931886349 
     -0.04417888     0.0956344325 
    -0.044040821     0.0982195931 
    -0.043902762      0.100880238 
    -0.043764703      0.103616367 
    -0.043626644       0.10642798 
    -0.043488585      0.109315077 
    -0.043350526      0.112277659 
    -0.043212467      0.115315724 
    -0.043074408      0.118429274 
    -0.042936349      0.121538517 
     -0.04279829      0.124826823 
    -0.042660231      0.128209859 
    -0.042522172      0.131687623 
    -0.042384113      0.135260117 
    -0.042246054       0.13892734 
    -0.042107995      0.142689293 
    -0.041969936      0.146545974 
    -0.041831877      0.150391089 
    -0.041693818      0.154453631 
    -0.041555759      0.158635015 
      -0.0414177      0.162935241 
    -0.041279641      0.167354309 
    -0.041141582      0.171892219 
    -0.041003523      0.176548971 
    -0.040865464      0.181324566 
    -0.040727405      0.186219002 
    -0.040589346      0.191104289 
    -0.040451287      0.196270356 
    -0.040313228      0.201585449 
    -0.040175169      0.207049568 
     -0.04003711      0.212662713 
    -0.039899051      0.218424884 
    -0.039760992      0.224336081 
    -0.039622933      0.230396304 
    -0.039484874      0.236437692 
    -0.039346815      0.242817455 
    -0.039208756       0.24938398 
    -0.039070697      0.256137267 
    -0.038932638      0.263077316 
    -0.038794579      0.270204127 
     -0.03865652      0.277517701 
    -0.038518461      0.285018036 
    -0.038380402      0.292705134 
    -0.038242343      0.300374649 
    -0.038104284      0.308483053 
    -0.037966225      0.316825319 
    -0.037828166      0.325401445 
    -0.037690107      0.334211431 
    -0.037552048      0.343255278 
    -0.037413989      0.352532985 
     -0.03727593      0.362044553 
    -0.037137871      0.371526215 
    -0.036999812      0.381532484 
    -0.036861753       0.39183126 
    -0.036723694      0.402422544 
    -0.036585635      0.413306336 
    -0.036447576      0.424482635 
    -0.036309517      0.435951441 
    -0.036171458      0.447712756 
    -0.036033399      0.459766577 
     -0.03589534      0.471788808 
    -0.035757281      0.484493603 
    -0.035619222      0.497563703 
    -0.035481163       0.51099911 
    -0.035343104      0.524799822 
    -0.035205045       0.53896584 
    -0.035066986      0.553497165 
    -0.034928927      0.568393795 
    -0.034790868      0.583655732 
    -0.034652809      0.598903369 
     -0.03451475       0.61501762 
    -0.034376691      0.631587155 
    -0.034238632      0.648611973 
    -0.034100573      0.666092073 
    -0.033962514      0.684027457 
    -0.033824455      0.702418124 
    -0.033686396      0.721264075 
    -0.033548337       0.74005659 
    -0.033410278      0.759901545 
    -0.033272219      0.780312343 
     -0.03313416      0.801288983 
    -0.032996101      0.822831466 
    -0.032858042      0.844939792 
    -0.032719983       0.86761396 
    -0.032581924      0.890853971 
    -0.032443865      0.914659824 
    -0.032305806      0.938431533 
    -0.032167747      0.963537288 
    -0.032029688      0.989343651 
    -0.031891629       1.01585062 
     -0.03175357        1.0430582 
    -0.031615511       1.07096639 
    -0.031477452       1.09957518 
    -0.031339393       1.12888459 
    -0.031201334       1.15811008 
    -0.031063275       1.18893407 
    -0.030925216       1.22062115 
    -0.030787157       1.25317132 
    -0.030649098       1.28658457 
    -0.030511039       1.32086091 
     -0.03037298       1.35600033 
    -0.030234921       1.39200284 
    -0.030096862       1.42886843 
    -0.029958803       1.46567151 
    -0.029820744         1.504485 
    -0.029682685       1.54435453 
    -0.029544626       1.58528009 
    -0.029406567       1.62726168 
    -0.029268508       1.67029931 
    -0.029130449       1.71439297 
     -0.02899239       1.75954267 
    -0.028854331       1.80457531 
    -0.028716272       1.85197239 
    -0.028578213       1.90064989 
    -0.028440154       1.95060782 
    -0.028302095       2.00184619 
    -0.028164036       2.05436498 
    -0.028025977        2.1081642 
    -0.027887918       2.16324385 
    -0.027749859       2.21960392 
      -0.0276118       2.27587412 
    -0.027473741       2.33506382 
    -0.027335682       2.39578737 
    -0.027197623       2.45804479 
    -0.027059564       2.52183606 
    -0.026921505       2.58716119 
    -0.026783446       2.65402017 
    -0.026645387       2.72241301 
    -0.026507328       2.79066817 
    -0.026369269       2.86227254 
     -0.02623121       2.93568524 
    -0.026093151       3.01090625 
    -0.025955092       3.08793558 
    -0.025817033       3.16677322 
    -0.025678974       3.24741919 
    -0.025540915       3.32987347 
    -0.025402856       3.41413607 
    -0.025264797       3.49827817 
    -0.025126738       3.58643616 
    -0.024988679       3.67668185 
     -0.02485062       3.76901524 
    -0.024712561       3.86343633 
    -0.024574502       3.95994512 
    -0.024436443       4.05854161 
    -0.024298384        4.1592258 
    -0.024160325        4.2619977 
    -0.024022266       4.36465195 
    -0.023884207        4.4719843 
    -0.023746148       4.58166254 
    -0.023608089       4.69368669 
     -0.02347003       4.80805673 
    -0.023331971       4.92477268 
    -0.023193912       5.04383452 
    -0.023055853       5.16524226 
    -0.022917794       5.28514129 
    -0.022779735       5.41145424 
    -0.022641676       5.54030645 
    -0.022503617       5.67169792 
    -0.022365558       5.80562866 
    -0.022227499       5.94209866 
     -0.02208944       6.08110793 
    -0.021951381       6.22265646 
    -0.021813322       6.36674425 
    -0.021675263       6.50505501 
    -0.021537204       6.65439421 
    -0.021399145        6.8062711 
    -0.021261086       6.96068568 
    -0.021123027       7.11763796 
    -0.020984968       7.27712794 
    -0.020846909        7.4391556 
     -0.02070885       7.60372097 
    -0.020570791       7.75842342 
    -0.020432732       7.92833103 
    -0.020294673        8.1007347 
    -0.020156614       8.27563444 
    -0.020018555       8.45303025 
    -0.019880496       8.63292212 
    -0.019742437       8.81531005 
    -0.019604378       9.00019405 
    -0.019466319       9.18757411 
     -0.01932826       9.38310286 
    -0.019190201       9.57429855 
    -0.019052142        9.7678036 
    -0.018914083       9.96361799 
    -0.018776024       10.1434517 
    -0.018637965       10.3456128 
    -0.018499906       10.5511111 
    -0.018361847       10.7599465 
    -0.018223788       10.9721192 
    -0.018085729       11.1999376 
     -0.01794767        11.416714 
    -0.017809611        11.635897 
    -0.017671552       11.8574865 
    -0.017533493       12.0861339 
    -0.017395434       12.3083769 
    -0.017257375       12.5258389 
    -0.017119316       12.7524262 
    -0.016981257       12.9896464 
    -0.016843198       13.2201898 
    -0.016705139       13.4538372 
     -0.01656708       13.6871836 
    -0.016429021       13.9217322 
    -0.016290962        14.157489 
    -0.016152903       14.3943233 
    -0.016014844       14.6317203 
    -0.015876785       14.8704283 
    -0.015738726       15.1093418 
    -0.015600667       15.3495461 
    -0.015462608         15.58965 
    -0.015324549       15.8309546 
     -0.01518649       16.0718863 
    -0.015048431        16.313885 
    -0.014910372       16.5552652 
    -0.014772313       16.7975474 
    -0.014634254       17.0389946 
    -0.014496195       17.2811523 
    -0.014358136       17.5223002 
    -0.014220077       17.7639352 
    -0.014082018       18.0044594 
    -0.013943959       18.2451953 
      -0.0138059       18.4853531 
    -0.013667841       18.7243565 
    -0.013529782       18.9631381 
    -0.013391723       19.2010658 
    -0.013253664       19.4383012 
    -0.013115605       19.6753603 
    -0.012977546       19.9111453 
    -0.012839487        20.146607 
    -0.012701428       20.3813658 
    -0.012563369       20.6216701 
     -0.01242531       20.8535844 
    -0.012287251       21.0717415 
    -0.012149192       21.2934177 
    -0.012011133       21.5126173 
    -0.011873074       21.7293401 
    -0.011735015       21.9435861 
    -0.011596956        22.145862 
    -0.011458897       22.3605371 
    -0.011320838       22.5754398 
    -0.011182779         22.79057 
     -0.01104472       23.0296254 
    -0.010906661       23.2417009 
    -0.010768602       23.4486592 
    -0.010630543       23.6505001 
    -0.010492484       23.8688701 
    -0.010354425       24.0615478 
    -0.010216366       24.2498875 
    -0.010078307       24.4338894 
    -0.009940248       24.6135533 
    -0.009802189       24.7888794 
     -0.00966413       24.9598675 
    -0.009526071       25.1265177 
    -0.009388012         25.28883 
    -0.009249953       25.3371369 
    -0.009111894       25.4986718 
    -0.008973835       25.6586903 
    -0.008835776       25.8171924 
    -0.008697717       25.9741781 
    -0.008559658       26.1296474 
    -0.008421599       26.2836002 
     -0.00828354       26.4360366 
    -0.008145481       26.6414365 
    -0.008007422       26.7880842 
    -0.007869363       26.9318285 
    -0.007731304       27.0726694 
    -0.007593245       27.2106068 
    -0.007455186       27.3456408 
    -0.007317127       27.4777713 
    -0.007179068       27.6069984 
    -0.007041009       27.7333221 
     -0.00690295       27.8519028 
    -0.006764891       27.9720013 
    -0.006626832       28.0892648 
    -0.006488773       28.2036934 
    -0.006350714       28.3152871 
    -0.006212655       28.4240458 
    -0.006074596       28.5299696 
    -0.005936537       28.6330585 
    -0.005798478       28.7372872 
    -0.005660419       28.8349071 
     -0.00552236       28.9298796 
    -0.005384301       29.0222047 
    -0.005246242       29.1118824 
    -0.005108183       29.1989126 
    -0.004970124       29.2832955 
    -0.004832065        29.365031 
    -0.004694006       29.4441191 
    -0.004555947       29.5211735 
    -0.004417888       29.5952202 
    -0.004279829       29.6667875 
     -0.00414177       29.7358753 
    -0.004003711       29.8024838 
    -0.003865652       29.8666129 
    -0.003727593       29.9282626 
    -0.003589534       29.9874329 
    -0.003451475       30.0445354 
    -0.003313416       30.0989135 
    -0.003175357       30.1509681 
    -0.003037298       30.2006993 
    -0.002899239        30.248107 
     -0.00276118       30.2931913 
    -0.002623121       30.3359521 
    -0.002485062       30.3763895 
    -0.002347003       30.4145034 
    -0.002208944       30.4579959 
    -0.002070885        30.491743 
    -0.001932826       30.5233128 
    -0.001794767       30.5527055 
    -0.001656708       30.5799208 
    -0.001518649        30.604959 
     -0.00138059       30.6278199 
    -0.001242531       30.6485036 
    -0.001104472       30.6733128 
    -0.000966413       30.6903755 
    -0.000828354       30.7051631 
    -0.000690295       30.7176757 
    -0.000552236       30.7279133 
    -0.000414177       30.7358759 
    -0.000276118       30.7415634 
    -0.000138059        30.744976 
               0       30.7461135 
     0.000138059        30.744976 
     0.000276118       30.7415634 
     0.000414177       30.7358759 
     0.000552236       30.7279133 
     0.000690295       30.7176757 
     0.000828354       30.7051631 
     0.000966413       30.6903755 
     0.001104472       30.6733128 
     0.001242531       30.6485036 
      0.00138059       30.6278199 
     0.001518649        30.604959 
     0.001656708       30.5799208 
     0.001794767       30.5527055 
     0.001932826       30.5233128 
     0.002070885        30.491743 
     0.002208944       30.4579959 
     0.002347003       30.4145034 
     0.002485062       30.3763895 
     0.002623121       30.3359521 
      0.00276118       30.2931913 
     0.002899239        30.248107 
     0.003037298       30.2006993 
     0.003175357       30.1509681 
     0.003313416       30.0989135 
     0.003451475       30.0445354 
     0.003589534       29.9874329 
     0.003727593       29.9282626 
     0.003865652       29.8666129 
     0.004003711       29.8024838 
      0.00414177       29.7358753 
     0.004279829       29.6667875 
     0.004417888       29.5952202 
     0.004555947       29.5211735 
     0.004694006       29.4441191 
     0.004832065        29.365031 
     0.004970124       29.2832955 
     0.005108183       29.1989126 
     0.005246242       29.1118824 
     0.005384301       29.0222047 
      0.00552236       28.9298796 
     0.005660419       28.8349071 
     0.005798478       28.7372872 
     0.005936537       28.6330585 
     0.006074596       28.5299696 
     0.006212655       28.4240458 
     0.006350714       28.3152871 
     0.006488773       28.2036934 
     0.006626832       28.0892648 
     0.006764891       27.9720013 
      0.00690295       27.8519028 
     0.007041009       27.7333221 
     0.007179068       27.6069984 
     0.007317127       27.4777713 
     0.007455186       27.3456408 
     0.007593245       27.2106068 
     0.007731304       27.0726694 
     0.007869363       26.9318285 
     0.008007422       26.7880842 
     0.008145481       26.6414365 
      0.00828354       26.4360366 
     0.008421599       26.2836002 
     0.008559658       26.1296474 
     0.008697717       25.9741781 
     0.008835776       25.8171924 
     0.008973835       25.6586903 
     0.009111894       25.4986718 
     0.009249953       25.3371369 
     0.009388012         25.28883 
     0.009526071       25.1265177 
      0.00966413       24.9598675 
     0.009802189       24.7888794 
     0.009940248       24.6135533 
     0.010078307       24.4338894 
     0.010216366       24.2498875 
     0.010354425       24.0615478 
     0.010492484       23.8688701 
     0.010630543       23.6505001 
     0.010768602       23.4486592 
     0.010906661       23.2417009 
      0.01104472       23.0296254 
     0.011182779         22.79057 
     0.011320838       22.5754398 
     0.011458897       22.3605371 
     0.011596956        22.145862 
     0.011735015       21.9435861 
     0.011873074       21.7293401 
     0.012011133       21.5126173 
     0.012149192       21.2934177 
     0.012287251       21.0717415 
      0.01242531       20.8535844 
     0.012563369       20.6216701 
     0.012701428       20.3813658 
     0.012839487        20.146607 
     0.012977546       19.9111453 
     0.013115605       19.6753603 
     0.013253664       19.4383012 
     0.013391723       19.2010658 
     0.013529782       18.9631381 
     0.013667841       18.7243565 
       0.0138059       18.4853531 
     0.013943959       18.2451953 
     0.014082018       18.0044594 
     0.014220077       17.7639352 
     0.014358136       17.5223002 
     0.014496195       17.2811523 
     0.014634254       17.0389946 
     0.014772313       16.7975474 
     0.014910372       16.5552652 
     0.015048431        16.313885 
      0.01518649       16.0718863 
     0.015324549       15.8309546 
     0.015462608         15.58965 
     0.015600667       15.3495461 
     0.015738726       15.1093418 
     0.015876785       14.8704283 
     0.016014844       14.6317203 
     0.016152903       14.3943233 
     0.016290962        14.157489 
     0.016429021       13.9217322 
      0.01656708       13.6871836 
     0.016705139       13.4538372 
     0.016843198       13.2201898 
     0.016981257       12.9896464 
     0.017119316       12.7524262 
     0.017257375       12.5258389 
     0.017395434       12.3083769 
     0.017533493       12.0861339 
     0.017671552       11.8574865 
     0.017809611        11.635897 
      0.01794767        11.416714 
     0.018085729       11.1999376 
     0.018223788       10.9721192 
     0.018361847       10.7599465 
     0.018499906       10.5511111 
     0.018637965       10.3456128 
     0.018776024       10.1434517 
     0.018914083       9.96361799 
     0.019052142        9.7678036 
     0.019190201       9.57429855 
      0.01932826       9.38310286 
     0.019466319       9.18757411 
     0.019604378       9.00019405 
     0.019742437       8.81531005 
     0.019880496       8.63292212 
     0.020018555       8.45303025 
     0.020156614       8.27563444 
     0.020294673        8.1007347 
     0.020432732       7.92833103 
     0.020570791       7.75842342 
      0.02070885       7.60372097 
     0.020846909        7.4391556 
     0.020984968       7.27712794 
     0.021123027       7.11763796 
     0.021261086       6.96068568 
     0.021399145        6.8062711 
     0.021537204       6.65439421 
     0.021675263       6.50505501 
     0.021813322       6.36674425 
     0.021951381       6.22265646 
      0.02208944       6.08110793 
     0.022227499       5.94209866 
     0.022365558       5.80562866 
     0.022503617       5.67169792 
     0.022641676       5.54030645 
     0.022779735       5.41145424 
     0.022917794       5.28514129 
     0.023055853       5.16524226 
     0.023193912       5.04383452 
     0.023331971       4.92477268 
      0.02347003       4.80805673 
     0.023608089       4.69368669 
     0.023746148       4.58166254 
     0.023884207        4.4719843 
     0.024022266       4.36465195 
     0.024160325        4.2619977 
     0.024298384        4.1592258 
     0.024436443       4.05854161 
     0.024574502       3.95994512 
     0.024712561       3.86343633 
      0.02485062       3.76901524 
     0.024988679       3.67668185 
     0.025126738       3.58643616 
     0.025264797       3.49827817 
     0.025402856       3.41413607 
     0.025540915       3.32987347 
     0.025678974       3.24741919 
     0.025817033       3.16677322 
     0.025955092       3.08793558 
     0.026093151       3.01090625 
      0.02623121       2.93568524 
     0.026369269       2.86227254 
     0.026507328       2.79066817 
     0.026645387       2.72241301 
     0.026783446       2.65402017 
     0.026921505       2.58716119 
     0.027059564       2.52183606 
     0.027197623       2.45804479 
     0.027335682       2.39578737 
     0.027473741       2.33506382 
       0.0276118       2.27587412 
     0.027749859       2.21960392 
     0.027887918       2.16324385 
     0.028025977        2.1081642 
     0.028164036       2.05436498 
     0.028302095       2.00184619 
     0.028440154       1.95060782 
     0.028578213       1.90064989 
     0.028716272       1.85197239 
     0.028854331       1.80457531 
      0.02899239       1.75954267 
     0.029130449       1.71439297 
     0.029268508       1.67029931 
     0.029406567       1.62726168 
     0.029544626       1.58528009 
     0.029682685       1.54435453 
     0.029820744         1.504485 
     0.029958803       1.46567151 
     0.030096862       1.42886843 
     0.030234921       1.39200284 
      0.03037298       1.35600033 
     0.030511039       1.32086091 
     0.030649098       1.28658457 
     0.030787157       1.25317132 
     0.030925216       1.22062115 
     0.031063275       1.18893407 
     0.031201334       1.15811008 
     0.031339393       1.12888459 
     0.031477452       1.09957518 
     0.031615511       1.07096639 
      0.03175357        1.0430582 
     0.031891629       1.01585062 
     0.032029688      0.989343651 
     0.032167747      0.963537288 
     0.032305806      0.938431533 
     0.032443865      0.914659824 
     0.032581924      0.890853971 
     0.032719983       0.86761396 
     0.032858042      0.844939792 
     0.032996101      0.822831466 
      0.03313416      0.801288983 
     0.033272219      0.780312343 
     0.033410278      0.759901545 
     0.033548337       0.74005659 
     0.033686396      0.721264075 
     0.033824455      0.702418124 
     0.033962514      0.684027457 
     0.034100573      0.666092073 
     0.034238632      0.648611973 
     0.034376691      0.631587155 
      0.03451475       0.61501762 
     0.034652809      0.598903369 
     0.034790868      0.583655732 
     0.034928927      0.568393795 
     0.035066986      0.553497165 
     0.035205045       0.53896584 
     0.035343104      0.524799822 
     0.035481163       0.51099911 
     0.035619222      0.497563703 
     0.035757281      0.484493603 
      0.03589534      0.471788808 
     0.036033399      0.459766577 
     0.036171458      0.447712756 
     0.036309517      0.435951441 
     0.036447576      0.424482635 
     0.036585635      0.413306336 
     0.036723694      0.402422544 
     0.036861753       0.39183126 
     0.036999812      0.381532484 
     0.037137871      0.371526215 
      0.03727593      0.362044553 
     0.037413989      0.352532985 
     0.037552048      0.343255278 
     0.037690107      0.334211431 
     0.037828166      0.325401445 
     0.037966225      0.316825319 
     0.038104284      0.308483053 
     0.038242343      0.300374649 
     0.038380402      0.292705134 
     0.038518461      0.285018036 
      0.03865652      0.277517701 
     0.038794579      0.270204127 
     0.038932638      0.263077316 
     0.039070697      0.256137267 
     0.039208756       0.24938398 
     0.039346815      0.242817455 
     0.039484874      0.236437692 
     0.039622933      0.230396304 
     0.039760992      0.224336081 
     0.039899051      0.218424884 
      0.04003711      0.212662713 
     0.040175169      0.207049568 
     0.040313228      0.201585449 
     0.040451287      0.196270356 
     0.040589346      0.191104289 
     0.040727405      0.186219002 
     0.040865464      0.181324566 
     0.041003523      0.176548971 
     0.041141582      0.171892219 
     0.041279641      0.167354309 
       0.0414177      0.162935241 
     0.041555759      0.158635015 
     0.041693818      0.154453631 
     0.041831877      0.150391089 
     0.041969936      0.146545974 
     0.042107995      0.142689293 
     0.042246054       0.13892734 
     0.042384113      0.135260117 
     0.042522172      0.131687623 
     0.042660231      0.128209859 
      0.04279829      0.124826823 
     0.042936349      0.121538517 
     0.043074408      0.118429274 
     0.043212467      0.115315724 
     0.043350526      0.112277659 
     0.043488585      0.109315077 
     0.043626644       0.10642798 
     0.043764703      0.103616367 
     0.043902762      0.100880238 
     0.044040821     0.0982195931 
      0.04417888     0.0956344325 
     0.044316939     0.0931886349 
     0.044454998     0.0907359033 
     0.044593057     0.0883433065 
     0.044731116     0.0860108442 
     0.044869175     0.0837385166 
     0.045007234     0.0815263236 
     0.045145293     0.0793742652 
     0.045283352     0.0772823415 
     0.045421411     0.0753043706 
      0.04555947     0.0733247457 
     0.045697529     0.0713930193 
     0.045835588     0.0695091913 
     0.045973647     0.0676732617 
     0.046111706     0.0658852306 
     0.046249765     0.0641450978 
     0.046387824     0.0624528634 
     0.046525883     0.0608085275 
     0.046663942     0.0592533612 
     0.046802001     0.0576941488 
      0.04694006     0.0561730841 
     0.047078119     0.0546901673 
     0.047216178     0.0532453984 
     0.047354237     0.0518387772 
     0.047492296      0.050470304 
     0.047630355     0.0491399785 
     0.047768414     0.0478478009 
     0.047906473     0.0466238543 
     0.048044532     0.0453960293 
     0.048182591     0.0441985847 
      0.04832065     0.0430315204 
     0.048458709     0.0418948365 
     0.048596768      0.040788533 
     0.048734827     0.0397126099 
     0.048872886     0.0386670671 
     0.049010945     0.0376785028 
     0.049149004     0.0366876574 
     0.049287063     0.0357210063 
     0.049425122     0.0347785495 
     0.049563181     0.0338602869 
      0.04970124     0.0329662186 
     0.049839299     0.0320963446 
     0.049977358     0.0312506649 
     0.050115417     0.0304291794 
     0.050253476     0.0296515665 
     0.050391535     0.0288714638 
     0.050529594       0.02811063 
     0.050667653     0.0273690649 
     0.050805712     0.0266467687 
     0.050943771     0.0259437411 
      0.05108183     0.0252599824 
     0.051219889     0.0245954925 
     0.051357948     0.0239673733 
     0.051496007     0.0233380332 
     0.051634066      0.022724041 
     0.051772125     0.0221253968 
     0.051910184     0.0215421007 
     0.052048243     0.0209741525 
     0.052186302     0.0204215523 
     0.052324361     0.0198843001 
      0.05246242     0.0193623959 
     0.052600479     0.0188686748 
     0.052738538     0.0183733942 
     0.052876597     0.0178903416 
     0.053014656     0.0174195169 
     0.053152715     0.0169609201 
     0.053290774     0.0165145513 
     0.053428833     0.0160804104 
     0.053566892     0.0156584975 
     0.053704951     0.0152597824 
      0.05384301     0.0148604744 
     0.053981069     0.0144709125 
     0.054119128     0.0140910969 
     0.054257187     0.0137210273 
     0.054395246      0.013360704 
     0.054533305     0.0130101267 
     0.054671364     0.0126692957 
     0.054809423     0.0123382107 
     0.054947482     0.0120252188 
     0.055085541     0.0117112869 
       0.0552236     0.0114051284 
     0.055361659     0.0111067431 
     0.055499718      0.010816131 
     0.055637777     0.0105332922 
     0.055775836     0.0102582266 
     0.055913895    0.00999093433 
     0.056051954     0.0097384312 
     0.056190013    0.00948570667 
     0.056328072    0.00923918849 
     0.056466131    0.00899887667 
      0.05660419    0.00876477121 
     0.056742249     0.0085368721 
     0.056880308    0.00831517934 
     0.057018367    0.00809969294 
     0.057156426     0.0078904129 
     0.057294485    0.00769274815 
     0.057432544    0.00749456051 
     0.057570603    0.00730133658 
     0.057708662    0.00711307636 
     0.057846721    0.00692977985 
      0.05798478    0.00675144705 
     0.058122839    0.00657807796 
     0.058260898    0.00640967257 
     0.058398957     0.0062462309 
     0.058537016    0.00609173264 
     0.058675075     0.0059367445 
     0.058813134    0.00578573682 
     0.058951193    0.00563870958 
     0.059089252    0.00549566279 
     0.059227311    0.00535659644 
      0.05936537    0.00522151054 
     0.059503429    0.00509040509 
     0.059641488    0.00496677335 
     0.059779547    0.00484290504 
     0.059917606    0.00472224196 
     0.060055665    0.00460478408 
     0.060193724    0.00449053143 
     0.060331783    0.00437948399 
     0.060469842    0.00427164176 
     0.060607901    0.00416700475 
      0.06074596    0.00406557295 
     0.060884019    0.00396997022 
     0.061022078    0.00387411897 
     0.061160137    0.00378086521 
     0.061298196    0.00369020894 
     0.061436255    0.00360215016 
     0.061574314    0.00351668888 
     0.061712373    0.00343382508 
     0.061850432    0.00335355879 
     0.061988491    0.00327817183 
      0.06212655    0.00320272601 
     0.062264609    0.00312940562 
     0.062402668    0.00305821065 
     0.062540727     0.0029891411 
     0.062678786    0.00292219699 
     0.062816845     0.0028573783 
     0.062954904    0.00279468503 
     0.063092963    0.00273411719 
     0.063231022    0.00267751177 
     0.063369081     0.0026207566 
      0.06350714    0.00256576545 
     0.063645199    0.00251253831 
     0.063783258    0.00246107518 
     0.063921317    0.00241137607 
     0.064059376    0.00236344098 
     0.064197435    0.00231726991 
     0.064335494    0.00227464964 
     0.064473553    0.00223184351 
     0.064611612    0.00219052952 
     0.064749671    0.00215070768 
      0.06488773    0.00211237799 
     0.065025789    0.00207554044 
     0.065163848    0.00204019505 
     0.065301907     0.0020063418 
     0.065439966     0.0019739807 
     0.065578025    0.00195192093 
     0.065716084    0.00192272998 
     0.065854143     0.0018947305 
     0.065992202    0.00186792249 
     0.066130261    0.00184230595 
      0.06626832    0.00181788087 
     0.066406379    0.00179464726 
     0.066544438    0.00177260511 
     0.066682497    0.00174525526 
     0.066820556    0.00172557493 
     0.066958615    0.00170708735 
     0.067096674    0.00168979251 
     0.067234733    0.00167369043 
     0.067372792    0.00165878109 
     0.067510851    0.00164506449 
      0.06764891    0.00163254065 
     0.067786969    0.00162120955 
     0.067925028     0.0016073663 
     0.068063087    0.00159790367 
     0.068201146    0.00158970273 
     0.068339205    0.00158276347 
     0.068477264    0.00157708589 
     0.068615323       0.00157267 
     0.068753382    0.00156951579 
     0.068891441    0.00156762327 
       0.0690295    0.00156699242 
