      -0.0476025     0.0528583051 
    -0.047507295     0.0528683583 
     -0.04741209      0.052898518 
    -0.047316885     0.0529487841 
     -0.04722168     0.0530191567 
    -0.047126475     0.0531096357 
     -0.04703127     0.0532202212 
    -0.046936065     0.0533509131 
     -0.04684086     0.0535017115 
    -0.046745655     0.0536726163 
     -0.04665045     0.0538636276 
    -0.046555245     0.0540747453 
     -0.04646004     0.0543059695 
    -0.046364835     0.0546483763 
     -0.04626963     0.0549055357 
    -0.046174425     0.0551817439 
     -0.04607922      0.055477001 
    -0.045984015     0.0557913069 
     -0.04588881     0.0561246617 
    -0.045793605     0.0564770653 
      -0.0456984     0.0568485178 
    -0.045603195     0.0572390191 
     -0.04550799     0.0576485693 
    -0.045412785     0.0580771683 
     -0.04531758     0.0585248161 
    -0.045222375     0.0591898423 
     -0.04512717     0.0596749599 
    -0.045031965     0.0601791018 
     -0.04493676     0.0607022678 
    -0.044841555     0.0612444581 
     -0.04474635     0.0618056726 
    -0.044651145     0.0623859114 
     -0.04455594     0.0629851743 
    -0.044460735     0.0636034615 
     -0.04436553     0.0642407729 
    -0.044270325     0.0648971085 
     -0.04417512     0.0655724683 
    -0.044079915     0.0660130554 
     -0.04398471     0.0667432143 
    -0.043889505     0.0674969644 
      -0.0437943     0.0682743055 
    -0.043699095     0.0690752378 
     -0.04360389     0.0698997611 
    -0.043508685     0.0707478756 
     -0.04341348     0.0716195811 
    -0.043318275     0.0725148778 
     -0.04322307     0.0734337655 
    -0.043127865     0.0743762443 
     -0.04303266     0.0753423143 
    -0.042937455     0.0762791101 
     -0.04284225     0.0772972563 
    -0.042747045     0.0783431119 
     -0.04265184     0.0794166767 
    -0.042556635     0.0805179508 
     -0.04246143     0.0816469342 
    -0.042366225     0.0828036269 
     -0.04227102     0.0839880288 
    -0.042175815     0.0852001401 
     -0.04208061     0.0864399607 
    -0.041985405     0.0877074905 
      -0.0418902     0.0890027297 
    -0.041794995     0.0902693214 
     -0.04169979     0.0916253619 
    -0.041604585     0.0930145634 
     -0.04150938     0.0944369259 
    -0.041414175     0.0958924495 
     -0.04131897     0.0973811341 
    -0.041223765     0.0989029798 
     -0.04112856      0.100457986 
    -0.041033355      0.102046154 
     -0.04093815      0.103667483 
    -0.040842945      0.105321973 
     -0.04074774      0.107009624 
    -0.040652535      0.108663409 
     -0.04055733      0.110423274 
    -0.040462125      0.112223387 
     -0.04036692      0.114063749 
    -0.040271715      0.115944359 
     -0.04017651      0.117865218 
    -0.040081305      0.119826326 
      -0.0399861      0.121827682 
    -0.039890895      0.123869286 
     -0.03979569       0.12595114 
    -0.039700485      0.128073242 
     -0.03960528      0.130235592 
    -0.039510075      0.132355311 
     -0.03941487      0.134604397 
    -0.039319665      0.136902808 
     -0.03922446      0.139250543 
    -0.039129255      0.141647601 
     -0.03903405      0.144093983 
    -0.038938845      0.146589689 
     -0.03884364      0.149134719 
    -0.038748435      0.151729073 
     -0.03865323      0.154372751 
    -0.038558025      0.157065753 
     -0.03846282      0.159808079 
    -0.038367615      0.162496312 
     -0.03827241      0.165343611 
    -0.038177205       0.16825174 
       -0.038082      0.171220698 
    -0.037986795      0.174250486 
     -0.03789159      0.177341104 
    -0.037796385      0.180492552 
     -0.03770118      0.183704829 
    -0.037605975      0.186977937 
     -0.03751077      0.190311873 
    -0.037415565       0.19370664 
     -0.03732036      0.197162236 
    -0.037225155      0.200678663 
     -0.03712995      0.204132775 
    -0.037034745      0.207791381 
     -0.03693954      0.211525307 
    -0.036844335      0.215334556 
     -0.03674913      0.219219126 
    -0.036653925      0.223179017 
     -0.03655872      0.227214231 
    -0.036463515      0.231324765 
     -0.03636831      0.235510622 
    -0.036273105        0.2397718 
      -0.0361779        0.2441083 
    -0.036082695      0.248520121 
     -0.03598749      0.252851282 
    -0.035892285      0.257437094 
     -0.03579708      0.262116397 
    -0.035701875      0.266889191 
     -0.03560667      0.271755476 
    -0.035511465      0.276715253 
     -0.03541626      0.281768521 
    -0.035321055       0.28691528 
     -0.03522585      0.292155531 
    -0.035130645      0.297489272 
     -0.03503544      0.302916505 
    -0.034940235      0.308437229 
     -0.03484503      0.313854202 
    -0.034749825       0.31958816 
     -0.03465462      0.325438311 
    -0.034559415      0.331404656 
     -0.03446421      0.337487194 
    -0.034369005      0.343685926 
      -0.0342738      0.350000852 
    -0.034178595      0.356431971 
     -0.03408339      0.362979284 
    -0.033988185       0.36964279 
     -0.03389298       0.37642249 
    -0.033797775      0.383318384 
     -0.03370257      0.390081387 
    -0.033607365      0.397238791 
     -0.03351216      0.404540672 
    -0.033416955       0.41198703 
     -0.03332175      0.419577865 
    -0.033226545      0.427313176 
     -0.03313134      0.435192965 
    -0.033036135      0.443217231 
     -0.03294093      0.451385974 
    -0.032845725      0.459699194 
     -0.03275052       0.46815689 
    -0.032655315      0.476759064 
     -0.03256011      0.485191321 
    -0.032464905      0.494114248 
      -0.0323697      0.503216789 
    -0.032274495      0.512498945 
     -0.03217929      0.521960715 
    -0.032084085      0.531602098 
     -0.03198888      0.541423097 
    -0.031893675      0.551423709 
     -0.03179847      0.561603935 
    -0.031703265      0.571963776 
     -0.03160806      0.582503231 
    -0.031512855        0.5932223 
     -0.03141765      0.603723779 
    -0.031322445      0.614836123 
     -0.03122724      0.626171598 
    -0.031132035      0.637730205 
     -0.03103683      0.649511943 
    -0.030941625      0.661516813 
     -0.03084642      0.673744815 
    -0.030751215      0.686195948 
     -0.03065601      0.698870213 
    -0.030560805      0.711767609 
      -0.0304656      0.724888137 
    -0.030370395      0.738231797 
     -0.03027519      0.751294962 
    -0.030179985      0.765120436 
     -0.03008478      0.779222735 
    -0.029989575      0.793601861 
     -0.02989437      0.808257813 
    -0.029799165       0.82319059 
     -0.02970396      0.838400194 
    -0.029608755      0.853886624 
     -0.02951355       0.86964988 
    -0.029418345      0.885689961 
     -0.02932314      0.902006869 
    -0.029227935      0.918600603 
     -0.02913273      0.934826537 
    -0.029037525      0.952009861 
     -0.02894232      0.969535935 
    -0.028847115       0.98740476 
     -0.02875191       1.00561634 
    -0.028656705       1.02417066 
      -0.0285615       1.04306774 
    -0.028466295       1.06230757 
     -0.02837109       1.08189015 
    -0.028275885       1.10181548 
     -0.02818068       1.12208356 
    -0.028085475        1.1426944 
     -0.02799027       1.16364798 
    -0.027895065       1.18413512 
     -0.02779986       1.20588944 
    -0.027704655        1.2280669 
     -0.02760945       1.25066751 
    -0.027514245       1.27369127 
     -0.02741904       1.29713818 
    -0.027323835       1.32100824 
     -0.02722863       1.34530144 
    -0.027133425       1.37001779 
     -0.02703822       1.39515728 
    -0.026943015       1.42071993 
     -0.02684781       1.44670572 
    -0.026752605       1.47200829 
      -0.0266574       1.49896966 
    -0.026562195       1.52645152 
     -0.02646699        1.5544539 
    -0.026371785       1.58297678 
     -0.02627658       1.61202016 
    -0.026181375       1.64158406 
     -0.02608617       1.67166845 
    -0.025990965       1.70227335 
     -0.02589576       1.73339876 
    -0.025800555       1.76504468 
     -0.02570535       1.79721109 
    -0.025610145        1.8278578 
     -0.02551494       1.86121228 
    -0.025419735       1.89520183 
     -0.02532453       1.92982644 
    -0.025229325       1.96508612 
     -0.02513412       2.00098086 
    -0.025038915       2.03751067 
     -0.02494371       2.07467554 
    -0.024848505       2.11247547 
      -0.0247533       2.15091048 
    -0.024658095       2.18998054 
     -0.02456289       2.22968568 
    -0.024467685       2.26354692 
     -0.02437248       2.30471111 
    -0.024277275       2.34661078 
     -0.02418207       2.38924592 
    -0.024086865       2.43261652 
     -0.02399166        2.4767226 
    -0.023896455       2.52156415 
     -0.02380125       2.56714117 
    -0.023706045       2.61345367 
     -0.02361084       2.66050163 
    -0.023515635       2.70828506 
     -0.02342043       2.75680397 
    -0.023325225       2.80528569 
     -0.02323002       2.85544674 
    -0.023134815        2.9064034 
     -0.02303961       2.95815567 
    -0.022944405       3.01070355 
      -0.0228492       3.06404704 
    -0.022753995       3.11818614 
     -0.02265879       3.17312084 
    -0.022563585       3.22885116 
     -0.02246838       3.28537708 
    -0.022373175       3.34269862 
     -0.02227797       3.40081576 
    -0.022182765       3.45781348 
     -0.02208756       3.51832747 
    -0.021992355       3.57985922 
     -0.02189715       3.64240871 
    -0.021801945       3.70597595 
     -0.02170674       3.77056094 
    -0.021611535       3.83616368 
     -0.02151633       3.89984838 
    -0.021421125       3.96861379 
     -0.02132592       4.03877047 
    -0.021230715       4.11031841 
     -0.02113551        4.1832576 
    -0.021040305       4.25758806 
      -0.0209451       4.34477824 
    -0.020849895       4.42149231 
     -0.02075469       4.49945329 
    -0.020659485       4.57866117 
     -0.02056428       4.65911595 
    -0.020469075       4.74081764 
     -0.02037387       4.82369122 
    -0.020278665       4.90790463 
     -0.02018346       4.99347819 
    -0.020088255       5.08041189 
     -0.01999305       5.16870574 
    -0.019897845       5.25835973 
     -0.01980264       5.34937387 
    -0.019707435       5.44257814 
     -0.01961223       5.53648456 
    -0.019517025       5.63187146 
     -0.01942182       5.72873881 
    -0.019326615       5.82708664 
     -0.01923141       5.92691492 
    -0.019136205       6.02891845 
       -0.019041       6.13182032 
    -0.018945795       6.23631183 
     -0.01885059       6.34239297 
    -0.018755385       6.45006374 
     -0.01866018       6.55932415 
    -0.018564975       6.67078659 
     -0.01846977       6.78329348 
    -0.018374565       6.89749166 
     -0.01827936       7.01338113 
    -0.018184155       7.13096189 
     -0.01808895       7.25023395 
    -0.017993745       7.37119729 
     -0.01789854       7.49439744 
    -0.017803335       7.61886227 
     -0.01770813       7.74510984 
    -0.017612925       7.87314016 
     -0.01751772       8.00295323 
    -0.017422515       8.13454904 
     -0.01732731       8.26833424 
    -0.017232105         8.403569 
      -0.0171369        8.5406634 
    -0.017041695       8.67961743 
     -0.01694649        8.8204311 
    -0.016851285        8.9631044 
     -0.01675608       9.10763734 
    -0.016660875       9.25431784 
     -0.01656567       9.40266404 
    -0.016470465        9.5529269 
     -0.01637526       9.70510643 
    -0.016280055       9.85920263 
     -0.01618485       10.0152155 
    -0.016089645       10.1732203 
     -0.01599444       10.3331131 
    -0.015899235       10.4949538 
     -0.01580403       10.6587426 
    -0.015708825       10.8244793 
     -0.01561362       10.9921639 
    -0.015518415        11.161616 
     -0.01542321       11.3332112 
    -0.015328005       11.5067538 
      -0.0152328       11.6822439 
    -0.015137595       11.8596815 
     -0.01504239       12.0390665 
    -0.014947185       12.2203989 
     -0.01485198       12.4031587 
    -0.014756775       12.5883527 
     -0.01466157       12.7754561 
    -0.014566365       12.9644687 
     -0.01447116       13.1553906 
    -0.014375955       13.3482218 
     -0.01428075       13.5418856 
    -0.014185545       13.7384791 
     -0.01409034       13.9369017 
    -0.013995135       14.1371534 
     -0.01389993       14.3392341 
    -0.013804725       14.5431439 
     -0.01370952       14.7462783 
    -0.013614315       14.9538032 
     -0.01351911       15.1630337 
    -0.013423905       15.3739699 
      -0.0133287       15.5866118 
    -0.013233495       15.8009592 
     -0.01313829       16.0170124 
    -0.013043085       16.2286028 
     -0.01294788       16.4479215 
    -0.012852675       16.6687253 
     -0.01275747       16.8910141 
    -0.012662265        17.114788 
     -0.01256706       17.3400469 
    -0.012471855       17.5515415 
     -0.01237665       17.7800559 
    -0.012281445       18.0100272 
     -0.01218624       18.2414552 
    -0.012091035       18.4743401 
     -0.01199583       18.7086817 
    -0.011900625       18.9444802 
     -0.01180542       19.1858595 
    -0.011710215       19.4216049 
     -0.01161501       19.6580634 
    -0.011519805       19.8853743 
      -0.0114246       20.1249966 
    -0.011329395       20.3664318 
     -0.01123419       20.6215587 
    -0.011138985       20.8647924 
     -0.01104378       21.1090025 
    -0.010948575       21.3560447 
     -0.01085337       21.6014641 
    -0.010758165       21.8475032 
     -0.01066296       22.0937889 
    -0.010567755       22.3408616 
     -0.01047255       22.5883831 
    -0.010377345       22.8354137 
     -0.01028214        23.083661 
    -0.010186935       23.3321861 
     -0.01009173       23.5797703 
    -0.009996525       23.8286859 
     -0.00990132       24.0777009 
    -0.009806115       24.3254236 
     -0.00971091       24.5744787 
    -0.009615705       24.8234493 
      -0.0095205       25.0708411 
    -0.009425295       25.3194934 
     -0.00933009        25.567875 
    -0.009234885       25.8144481 
     -0.00913968       26.0621504 
    -0.009044475       26.3093966 
     -0.00894927       26.5546728 
    -0.008854065       26.8008825 
     -0.00875886        27.046456 
    -0.008663655       27.2900031 
     -0.00856845       27.5341953 
    -0.008473245       27.7775843 
     -0.00837804       28.0190733 
    -0.008282835       28.2607626 
     -0.00818763        28.501509 
    -0.008092425       28.7413127 
     -0.00799722       28.9795727 
    -0.007902015       29.2173326 
     -0.00780681        29.454071 
    -0.007711605       29.6901755 
      -0.0076164       29.9248574 
    -0.007521195        30.158587 
     -0.00742599       30.3912034 
    -0.007330785       30.6231232 
     -0.00723558       30.8541082 
    -0.007140375        31.092767 
     -0.00704517       31.3201802 
    -0.006949965       31.5432125 
     -0.00685476       31.7480196 
    -0.006759555       31.9631203 
     -0.00666435        32.175803 
    -0.006569145       32.3860674 
     -0.00647394       32.5939138 
    -0.006378735       32.7993419 
     -0.00628353       32.9861331 
    -0.006188325       33.1897017 
     -0.00609312       33.3926392 
    -0.005997915       33.5949456 
     -0.00590271        33.796621 
    -0.005807505       33.9976653 
      -0.0057123       34.2405645 
    -0.005617095       34.4406458 
     -0.00552189       34.6360095 
    -0.005426685       34.8266554 
     -0.00533148       35.0125837 
    -0.005236275       35.1937943 
     -0.00514107       35.3702872 
    -0.005045865       35.5564635 
     -0.00495066       35.7243386 
    -0.004855455       35.8882984 
     -0.00476025        36.048343 
    -0.004665045       36.2044724 
     -0.00456984       36.3566866 
    -0.004474635       36.5049855 
     -0.00437943       36.6493693 
    -0.004284225       36.7898378 
     -0.00418902       36.9263911 
    -0.004093815       37.0590292 
     -0.00399861        37.187752 
    -0.003903405       37.3125597 
      -0.0038082       37.2550013 
    -0.003712995       37.3773847 
     -0.00361779       37.4975683 
    -0.003522585        37.615552 
     -0.00342738       37.7313359 
    -0.003332175       37.8449199 
     -0.00323697       37.9563041 
    -0.003141765       38.0654885 
     -0.00304656       38.1724731 
    -0.002951355       38.2772578 
     -0.00285615       38.3798426 
    -0.002760945       38.4802276 
     -0.00266574       38.5784128 
    -0.002570535       38.6743982 
     -0.00247533       38.9419646 
    -0.002380125       39.0309978 
     -0.00228492       39.1165396 
    -0.002189715       39.1985898 
     -0.00209451       39.2771485 
    -0.001999305       39.3522157 
      -0.0019041       39.4237915 
    -0.001808895       39.4918757 
     -0.00171369       39.5564684 
    -0.001618485       39.6175696 
     -0.00152328       39.6751794 
    -0.001428075       39.7292976 
     -0.00133287       39.7799243 
    -0.001237665       39.8302401 
     -0.00114246        39.877892 
    -0.001047255       39.9217317 
     -0.00095205       39.9617593 
    -0.000856845       39.9979748 
     -0.00076164        40.030378 
    -0.000666435       40.0589692 
     -0.00057123       40.0837482 
    -0.000476025        40.104715 
     -0.00038082       40.1218697 
    -0.000285615       40.1352122 
     -0.00019041       40.1447426 
     -9.5205e-05       40.1504608 
               0       40.1523669 
      9.5205e-05       40.1504608 
      0.00019041       40.1447426 
     0.000285615       40.1352122 
      0.00038082       40.1218697 
     0.000476025        40.104715 
      0.00057123       40.0837482 
     0.000666435       40.0589692 
      0.00076164        40.030378 
     0.000856845       39.9979748 
      0.00095205       39.9617593 
     0.001047255       39.9217317 
      0.00114246        39.877892 
     0.001237665       39.8302401 
      0.00133287       39.7799243 
     0.001428075       39.7292976 
      0.00152328       39.6751794 
     0.001618485       39.6175696 
      0.00171369       39.5564684 
     0.001808895       39.4918757 
       0.0019041       39.4237915 
     0.001999305       39.3522157 
      0.00209451       39.2771485 
     0.002189715       39.1985898 
      0.00228492       39.1165396 
     0.002380125       39.0309978 
      0.00247533       38.9419646 
     0.002570535       38.6743982 
      0.00266574       38.5784128 
     0.002760945       38.4802276 
      0.00285615       38.3798426 
     0.002951355       38.2772578 
      0.00304656       38.1724731 
     0.003141765       38.0654885 
      0.00323697       37.9563041 
     0.003332175       37.8449199 
      0.00342738       37.7313359 
     0.003522585        37.615552 
      0.00361779       37.4975683 
     0.003712995       37.3773847 
       0.0038082       37.2550013 
     0.003903405       37.3125597 
      0.00399861        37.187752 
     0.004093815       37.0590292 
      0.00418902       36.9263911 
     0.004284225       36.7898378 
      0.00437943       36.6493693 
     0.004474635       36.5049855 
      0.00456984       36.3566866 
     0.004665045       36.2044724 
      0.00476025        36.048343 
     0.004855455       35.8882984 
      0.00495066       35.7243386 
     0.005045865       35.5564635 
      0.00514107       35.3702872 
     0.005236275       35.1937943 
      0.00533148       35.0125837 
     0.005426685       34.8266554 
      0.00552189       34.6360095 
     0.005617095       34.4406458 
       0.0057123       34.2405645 
     0.005807505       33.9976653 
      0.00590271        33.796621 
     0.005997915       33.5949456 
      0.00609312       33.3926392 
     0.006188325       33.1897017 
      0.00628353       32.9861331 
     0.006378735       32.7993419 
      0.00647394       32.5939138 
     0.006569145       32.3860674 
      0.00666435        32.175803 
     0.006759555       31.9631203 
      0.00685476       31.7480196 
     0.006949965       31.5432125 
      0.00704517       31.3201802 
     0.007140375        31.092767 
      0.00723558       30.8541082 
     0.007330785       30.6231232 
      0.00742599       30.3912034 
     0.007521195        30.158587 
       0.0076164       29.9248574 
     0.007711605       29.6901755 
      0.00780681        29.454071 
     0.007902015       29.2173326 
      0.00799722       28.9795727 
     0.008092425       28.7413127 
      0.00818763        28.501509 
     0.008282835       28.2607626 
      0.00837804       28.0190733 
     0.008473245       27.7775843 
      0.00856845       27.5341953 
     0.008663655       27.2900031 
      0.00875886        27.046456 
     0.008854065       26.8008825 
      0.00894927       26.5546728 
     0.009044475       26.3093966 
      0.00913968       26.0621504 
     0.009234885       25.8144481 
      0.00933009        25.567875 
     0.009425295       25.3194934 
       0.0095205       25.0708411 
     0.009615705       24.8234493 
      0.00971091       24.5744787 
     0.009806115       24.3254236 
      0.00990132       24.0777009 
     0.009996525       23.8286859 
      0.01009173       23.5797703 
     0.010186935       23.3321861 
      0.01028214        23.083661 
     0.010377345       22.8354137 
      0.01047255       22.5883831 
     0.010567755       22.3408616 
      0.01066296       22.0937889 
     0.010758165       21.8475032 
      0.01085337       21.6014641 
     0.010948575       21.3560447 
      0.01104378       21.1090025 
     0.011138985       20.8647924 
      0.01123419       20.6215587 
     0.011329395       20.3664318 
       0.0114246       20.1249966 
     0.011519805       19.8853743 
      0.01161501       19.6580634 
     0.011710215       19.4216049 
      0.01180542       19.1858595 
     0.011900625       18.9444802 
      0.01199583       18.7086817 
     0.012091035       18.4743401 
      0.01218624       18.2414552 
     0.012281445       18.0100272 
      0.01237665       17.7800559 
     0.012471855       17.5515415 
      0.01256706       17.3400469 
     0.012662265        17.114788 
      0.01275747       16.8910141 
     0.012852675       16.6687253 
      0.01294788       16.4479215 
     0.013043085       16.2286028 
      0.01313829       16.0170124 
     0.013233495       15.8009592 
       0.0133287       15.5866118 
     0.013423905       15.3739699 
      0.01351911       15.1630337 
     0.013614315       14.9538032 
      0.01370952       14.7462783 
     0.013804725       14.5431439 
      0.01389993       14.3392341 
     0.013995135       14.1371534 
      0.01409034       13.9369017 
     0.014185545       13.7384791 
      0.01428075       13.5418856 
     0.014375955       13.3482218 
      0.01447116       13.1553906 
     0.014566365       12.9644687 
      0.01466157       12.7754561 
     0.014756775       12.5883527 
      0.01485198       12.4031587 
     0.014947185       12.2203989 
      0.01504239       12.0390665 
     0.015137595       11.8596815 
       0.0152328       11.6822439 
     0.015328005       11.5067538 
      0.01542321       11.3332112 
     0.015518415        11.161616 
      0.01561362       10.9921639 
     0.015708825       10.8244793 
      0.01580403       10.6587426 
     0.015899235       10.4949538 
      0.01599444       10.3331131 
     0.016089645       10.1732203 
      0.01618485       10.0152155 
     0.016280055       9.85920263 
      0.01637526       9.70510643 
     0.016470465        9.5529269 
      0.01656567       9.40266404 
     0.016660875       9.25431784 
      0.01675608       9.10763734 
     0.016851285        8.9631044 
      0.01694649        8.8204311 
     0.017041695       8.67961743 
       0.0171369        8.5406634 
     0.017232105         8.403569 
      0.01732731       8.26833424 
     0.017422515       8.13454904 
      0.01751772       8.00295323 
     0.017612925       7.87314016 
      0.01770813       7.74510984 
     0.017803335       7.61886227 
      0.01789854       7.49439744 
     0.017993745       7.37119729 
      0.01808895       7.25023395 
     0.018184155       7.13096189 
      0.01827936       7.01338113 
     0.018374565       6.89749166 
      0.01846977       6.78329348 
     0.018564975       6.67078659 
      0.01866018       6.55932415 
     0.018755385       6.45006374 
      0.01885059       6.34239297 
     0.018945795       6.23631183 
        0.019041       6.13182032 
     0.019136205       6.02891845 
      0.01923141       5.92691492 
     0.019326615       5.82708664 
      0.01942182       5.72873881 
     0.019517025       5.63187146 
      0.01961223       5.53648456 
     0.019707435       5.44257814 
      0.01980264       5.34937387 
     0.019897845       5.25835973 
      0.01999305       5.16870574 
     0.020088255       5.08041189 
      0.02018346       4.99347819 
     0.020278665       4.90790463 
      0.02037387       4.82369122 
     0.020469075       4.74081764 
      0.02056428       4.65911595 
     0.020659485       4.57866117 
      0.02075469       4.49945329 
     0.020849895       4.42149231 
       0.0209451       4.34477824 
     0.021040305       4.25758806 
      0.02113551        4.1832576 
     0.021230715       4.11031841 
      0.02132592       4.03877047 
     0.021421125       3.96861379 
      0.02151633       3.89984838 
     0.021611535       3.83616368 
      0.02170674       3.77056094 
     0.021801945       3.70597595 
      0.02189715       3.64240871 
     0.021992355       3.57985922 
      0.02208756       3.51832747 
     0.022182765       3.45781348 
      0.02227797       3.40081576 
     0.022373175       3.34269862 
      0.02246838       3.28537708 
     0.022563585       3.22885116 
      0.02265879       3.17312084 
     0.022753995       3.11818614 
       0.0228492       3.06404704 
     0.022944405       3.01070355 
      0.02303961       2.95815567 
     0.023134815        2.9064034 
      0.02323002       2.85544674 
     0.023325225       2.80528569 
      0.02342043       2.75680397 
     0.023515635       2.70828506 
      0.02361084       2.66050163 
     0.023706045       2.61345367 
      0.02380125       2.56714117 
     0.023896455       2.52156415 
      0.02399166        2.4767226 
     0.024086865       2.43261652 
      0.02418207       2.38924592 
     0.024277275       2.34661078 
      0.02437248       2.30471111 
     0.024467685       2.26354692 
      0.02456289       2.22968568 
     0.024658095       2.18998054 
       0.0247533       2.15091048 
     0.024848505       2.11247547 
      0.02494371       2.07467554 
     0.025038915       2.03751067 
      0.02513412       2.00098086 
     0.025229325       1.96508612 
      0.02532453       1.92982644 
     0.025419735       1.89520183 
      0.02551494       1.86121228 
     0.025610145        1.8278578 
      0.02570535       1.79721109 
     0.025800555       1.76504468 
      0.02589576       1.73339876 
     0.025990965       1.70227335 
      0.02608617       1.67166845 
     0.026181375       1.64158406 
      0.02627658       1.61202016 
     0.026371785       1.58297678 
      0.02646699        1.5544539 
     0.026562195       1.52645152 
       0.0266574       1.49896966 
     0.026752605       1.47200829 
      0.02684781       1.44670572 
     0.026943015       1.42071993 
      0.02703822       1.39515728 
     0.027133425       1.37001779 
      0.02722863       1.34530144 
     0.027323835       1.32100824 
      0.02741904       1.29713818 
     0.027514245       1.27369127 
      0.02760945       1.25066751 
     0.027704655        1.2280669 
      0.02779986       1.20588944 
     0.027895065       1.18413512 
      0.02799027       1.16364798 
     0.028085475        1.1426944 
      0.02818068       1.12208356 
     0.028275885       1.10181548 
      0.02837109       1.08189015 
     0.028466295       1.06230757 
       0.0285615       1.04306774 
     0.028656705       1.02417066 
      0.02875191       1.00561634 
     0.028847115       0.98740476 
      0.02894232      0.969535935 
     0.029037525      0.952009861 
      0.02913273      0.934826537 
     0.029227935      0.918600603 
      0.02932314      0.902006869 
     0.029418345      0.885689961 
      0.02951355       0.86964988 
     0.029608755      0.853886624 
      0.02970396      0.838400194 
     0.029799165       0.82319059 
      0.02989437      0.808257813 
     0.029989575      0.793601861 
      0.03008478      0.779222735 
     0.030179985      0.765120436 
      0.03027519      0.751294962 
     0.030370395      0.738231797 
       0.0304656      0.724888137 
     0.030560805      0.711767609 
      0.03065601      0.698870213 
     0.030751215      0.686195948 
      0.03084642      0.673744815 
     0.030941625      0.661516813 
      0.03103683      0.649511943 
     0.031132035      0.637730205 
      0.03122724      0.626171598 
     0.031322445      0.614836123 
      0.03141765      0.603723779 
     0.031512855        0.5932223 
      0.03160806      0.582503231 
     0.031703265      0.571963776 
      0.03179847      0.561603935 
     0.031893675      0.551423709 
      0.03198888      0.541423097 
     0.032084085      0.531602098 
      0.03217929      0.521960715 
     0.032274495      0.512498945 
       0.0323697      0.503216789 
     0.032464905      0.494114248 
      0.03256011      0.485191321 
     0.032655315      0.476759064 
      0.03275052       0.46815689 
     0.032845725      0.459699194 
      0.03294093      0.451385974 
     0.033036135      0.443217231 
      0.03313134      0.435192965 
     0.033226545      0.427313176 
      0.03332175      0.419577865 
     0.033416955       0.41198703 
      0.03351216      0.404540672 
     0.033607365      0.397238791 
      0.03370257      0.390081387 
     0.033797775      0.383318384 
      0.03389298       0.37642249 
     0.033988185       0.36964279 
      0.03408339      0.362979284 
     0.034178595      0.356431971 
       0.0342738      0.350000852 
     0.034369005      0.343685926 
      0.03446421      0.337487194 
     0.034559415      0.331404656 
      0.03465462      0.325438311 
     0.034749825       0.31958816 
      0.03484503      0.313854202 
     0.034940235      0.308437229 
      0.03503544      0.302916505 
     0.035130645      0.297489272 
      0.03522585      0.292155531 
     0.035321055       0.28691528 
      0.03541626      0.281768521 
     0.035511465      0.276715253 
      0.03560667      0.271755476 
     0.035701875      0.266889191 
      0.03579708      0.262116397 
     0.035892285      0.257437094 
      0.03598749      0.252851282 
     0.036082695      0.248520121 
       0.0361779        0.2441083 
     0.036273105        0.2397718 
      0.03636831      0.235510622 
     0.036463515      0.231324765 
      0.03655872      0.227214231 
     0.036653925      0.223179017 
      0.03674913      0.219219126 
     0.036844335      0.215334556 
      0.03693954      0.211525307 
     0.037034745      0.207791381 
      0.03712995      0.204132775 
     0.037225155      0.200678663 
      0.03732036      0.197162236 
     0.037415565       0.19370664 
      0.03751077      0.190311873 
     0.037605975      0.186977937 
      0.03770118      0.183704829 
     0.037796385      0.180492552 
      0.03789159      0.177341104 
     0.037986795      0.174250486 
        0.038082      0.171220698 
     0.038177205       0.16825174 
      0.03827241      0.165343611 
     0.038367615      0.162496312 
      0.03846282      0.159808079 
     0.038558025      0.157065753 
      0.03865323      0.154372751 
     0.038748435      0.151729073 
      0.03884364      0.149134719 
     0.038938845      0.146589689 
      0.03903405      0.144093983 
     0.039129255      0.141647601 
      0.03922446      0.139250543 
     0.039319665      0.136902808 
      0.03941487      0.134604397 
     0.039510075      0.132355311 
      0.03960528      0.130235592 
     0.039700485      0.128073242 
      0.03979569       0.12595114 
     0.039890895      0.123869286 
       0.0399861      0.121827682 
     0.040081305      0.119826326 
      0.04017651      0.117865218 
     0.040271715      0.115944359 
      0.04036692      0.114063749 
     0.040462125      0.112223387 
      0.04055733      0.110423274 
     0.040652535      0.108663409 
      0.04074774      0.107009624 
     0.040842945      0.105321973 
      0.04093815      0.103667483 
     0.041033355      0.102046154 
      0.04112856      0.100457986 
     0.041223765     0.0989029798 
      0.04131897     0.0973811341 
     0.041414175     0.0958924495 
      0.04150938     0.0944369259 
     0.041604585     0.0930145634 
      0.04169979     0.0916253619 
     0.041794995     0.0902693214 
       0.0418902     0.0890027297 
     0.041985405     0.0877074905 
      0.04208061     0.0864399607 
     0.042175815     0.0852001401 
      0.04227102     0.0839880288 
     0.042366225     0.0828036269 
      0.04246143     0.0816469342 
     0.042556635     0.0805179508 
      0.04265184     0.0794166767 
     0.042747045     0.0783431119 
      0.04284225     0.0772972563 
     0.042937455     0.0762791101 
      0.04303266     0.0753423143 
     0.043127865     0.0743762443 
      0.04322307     0.0734337655 
     0.043318275     0.0725148778 
      0.04341348     0.0716195811 
     0.043508685     0.0707478756 
      0.04360389     0.0698997611 
     0.043699095     0.0690752378 
       0.0437943     0.0682743055 
     0.043889505     0.0674969644 
      0.04398471     0.0667432143 
     0.044079915     0.0660130554 
      0.04417512     0.0655724683 
     0.044270325     0.0648971085 
      0.04436553     0.0642407729 
     0.044460735     0.0636034615 
      0.04455594     0.0629851743 
     0.044651145     0.0623859114 
      0.04474635     0.0618056726 
     0.044841555     0.0612444581 
      0.04493676     0.0607022678 
     0.045031965     0.0601791018 
      0.04512717     0.0596749599 
     0.045222375     0.0591898423 
      0.04531758     0.0585248161 
     0.045412785     0.0580771683 
      0.04550799     0.0576485693 
     0.045603195     0.0572390191 
       0.0456984     0.0568485178 
     0.045793605     0.0564770653 
      0.04588881     0.0561246617 
     0.045984015     0.0557913069 
      0.04607922      0.055477001 
     0.046174425     0.0551817439 
      0.04626963     0.0549055357 
     0.046364835     0.0546483763 
      0.04646004     0.0543059695 
     0.046555245     0.0540747453 
      0.04665045     0.0538636276 
     0.046745655     0.0536726163 
      0.04684086     0.0535017115 
     0.046936065     0.0533509131 
      0.04703127     0.0532202212 
     0.047126475     0.0531096357 
      0.04722168     0.0530191567 
     0.047316885     0.0529487841 
      0.04741209      0.052898518 
     0.047507295     0.0528683583 
       0.0476025     0.0528583051 
