      -0.0653735     0.0028067715 
    -0.065242753    0.00280778318 
    -0.065112006    0.00281081822 
    -0.064981259    0.00281587662 
    -0.064850512    0.00282295838 
    -0.064719765     0.0028320635 
    -0.064589018    0.00284319198 
    -0.064458271    0.00285634382 
    -0.064327524    0.00287151901 
    -0.064196777    0.00289458976 
     -0.06406603     0.0029127718 
    -0.063935283    0.00293286774 
    -0.063804536    0.00295487758 
    -0.063673789    0.00297880132 
    -0.063543042    0.00300463896 
    -0.063412295    0.00303239049 
    -0.063281548    0.00306205593 
    -0.063150801    0.00309363526 
    -0.063020054    0.00313845864 
    -0.062889307    0.00317382526 
     -0.06275856    0.00321110359 
    -0.062627813    0.00325029363 
    -0.062497066    0.00329139538 
    -0.062366319    0.00333440884 
    -0.062235572    0.00337933401 
    -0.062104825    0.00342617089 
    -0.061974078    0.00347491948 
    -0.061843331    0.00351077561 
    -0.061712584    0.00356451159 
    -0.061581837    0.00362063525 
     -0.06145109    0.00367914658 
    -0.061320343    0.00374004559 
    -0.061189596    0.00380333226 
    -0.061058849    0.00386900661 
    -0.060928102    0.00393706863 
    -0.060797355    0.00400751832 
    -0.060666608    0.00407726871 
    -0.060535861    0.00415280577 
    -0.060405114     0.0042311606 
    -0.060274367     0.0043123332 
     -0.06014362    0.00439632358 
    -0.060012873    0.00448313172 
    -0.059882126    0.00457275764 
    -0.059751379    0.00466520133 
    -0.059620632    0.00476046279 
    -0.059489885    0.00485523005 
    -0.059359138    0.00495652127 
    -0.059228391    0.00506120144 
    -0.059097644    0.00516927058 
    -0.058966897    0.00528072867 
     -0.05883615    0.00539557572 
    -0.058705403    0.00551381173 
    -0.058574656     0.0056354367 
    -0.058443909    0.00576045062 
    -0.058313162    0.00588491319 
    -0.058182415    0.00601721781 
    -0.058051668    0.00615365666 
    -0.057920921    0.00629422974 
    -0.057790174    0.00643893705 
    -0.057659427    0.00658777858 
     -0.05752868    0.00674075434 
    -0.057397933    0.00689786433 
    -0.057267186    0.00705910855 
    -0.057136439    0.00721961815 
    -0.057005692    0.00738979685 
    -0.056874945    0.00756506809 
    -0.056744198    0.00774543186 
    -0.056613451    0.00793088816 
    -0.056482704    0.00812143701 
    -0.056351957    0.00831707839 
     -0.05622121     0.0085178123 
    -0.056090463    0.00872363875 
    -0.055959716    0.00892848185 
    -0.055828969    0.00914535579 
    -0.055698222    0.00936854316 
    -0.055567475    0.00959804397 
    -0.055436728    0.00983385822 
    -0.055305981     0.0100759859 
    -0.055175234      0.010324427 
    -0.055044487     0.0105791816 
     -0.05491374     0.0108402496 
    -0.054782993      0.011100031 
    -0.054652246     0.0113748401 
    -0.054521499     0.0116575091 
    -0.054390752     0.0119480379 
    -0.054260005     0.0122464266 
    -0.054129258     0.0125526752 
    -0.053998511     0.0128667837 
    -0.053867764     0.0131887521 
    -0.053737017     0.0135185803 
     -0.05360627     0.0138467599 
    -0.053475523     0.0141937454 
    -0.053344776     0.0145505424 
    -0.053214029      0.014917151 
    -0.053083282     0.0152935711 
    -0.052952535     0.0156798027 
    -0.052821788     0.0160758458 
    -0.052691041     0.0164817005 
    -0.052560294     0.0168973667 
    -0.052429547     0.0173109509 
      -0.0522988     0.0177480932 
    -0.052168053     0.0181975042 
    -0.052037306     0.0186591841 
    -0.051906559     0.0191331328 
    -0.051775812     0.0196193503 
    -0.051645065     0.0201178366 
    -0.051514318     0.0206285918 
    -0.051383571     0.0211516158 
    -0.051252824     0.0216720358 
    -0.051122077     0.0222219847 
     -0.05099133     0.0227872918 
    -0.050860583      0.023367957 
    -0.050729836     0.0239639804 
    -0.050599089     0.0245753619 
    -0.050468342     0.0252021017 
    -0.050337595     0.0258441996 
    -0.050206848     0.0265016557 
    -0.050076101     0.0271558744 
    -0.049945354     0.0278471211 
    -0.049814607     0.0285576061 
     -0.04968386     0.0292873295 
    -0.049553113     0.0300362911 
    -0.049422366     0.0308044911 
    -0.049291619     0.0315919294 
    -0.049160872      0.032398606 
    -0.049030125      0.033224521 
    -0.048899378     0.0340464256 
    -0.048768631      0.034914775 
    -0.048637884     0.0358072328 
    -0.048507137     0.0367237991 
     -0.04837639     0.0376644738 
    -0.048245643     0.0386292569 
    -0.048114896     0.0396181485 
    -0.047984149     0.0406311486 
    -0.047853402      0.041668257 
    -0.047722655      0.042700408 
    -0.047591908      0.043790827 
    -0.047461161     0.0449114641 
    -0.047330414     0.0460623194 
    -0.047199667     0.0472433929 
     -0.04706892     0.0484546845 
    -0.046938173     0.0496961942 
    -0.046807426     0.0509679222 
    -0.046676679     0.0522698683 
    -0.046545932     0.0535656923 
    -0.046415185     0.0549346277 
    -0.046284438     0.0563414431 
    -0.046153691     0.0577861385 
    -0.046022944     0.0592687139 
    -0.045892197     0.0607891694 
     -0.04576145     0.0623475048 
    -0.045630703     0.0639437202 
    -0.045499956     0.0655778157 
    -0.045369209     0.0672043547 
    -0.045238462      0.068922637 
    -0.045107715     0.0706884042 
    -0.044976968     0.0725016562 
    -0.044846221     0.0743623931 
    -0.044715474     0.0762706149 
    -0.044584727     0.0782263215 
     -0.04445398      0.080229513 
    -0.044323233     0.0822801894 
    -0.044192486     0.0843215399 
    -0.044061739     0.0864780169 
    -0.043930992     0.0886940148 
    -0.043800245     0.0909695337 
    -0.043669498     0.0933045735 
    -0.043538751     0.0956991343 
    -0.043408004     0.0981532161 
    -0.043277257      0.100666819 
     -0.04314651      0.103239943 
    -0.043015763      0.105801556 
    -0.042885016      0.108507634 
    -0.042754269      0.111288309 
    -0.042623522       0.11414358 
    -0.042492775      0.117073449 
    -0.042362028      0.120077915 
    -0.042231281      0.123156978 
    -0.042100534      0.126310638 
    -0.041969787      0.129538895 
     -0.04183904      0.132752945 
    -0.041708293      0.136148252 
    -0.041577546      0.139637029 
    -0.041446799      0.143219278 
    -0.041316052      0.146894996 
    -0.041185305      0.150664186 
    -0.041054558      0.154526845 
    -0.040923811      0.158482976 
    -0.040793064      0.162532577 
    -0.040662317      0.166564644 
     -0.04053157      0.170824082 
    -0.040400823      0.175200601 
    -0.040270076      0.179694202 
    -0.040139329      0.184304883 
    -0.040008582      0.189032646 
    -0.039877835      0.193877489 
    -0.039747088      0.198839414 
    -0.039616341       0.20391842 
    -0.039485594      0.208975789 
    -0.039354847      0.214318281 
      -0.0392241      0.219807362 
    -0.039093353      0.225443032 
    -0.038962606      0.231225291 
    -0.038831859       0.23715414 
    -0.038701112      0.243229578 
    -0.038570365      0.249451606 
    -0.038439618      0.255820223 
    -0.038308871      0.262162153 
    -0.038178124      0.268861448 
    -0.038047377      0.275744164 
     -0.03791663        0.2828103 
    -0.037785883      0.290059858 
    -0.037655136      0.297492836 
    -0.037524389      0.305109235 
    -0.037393642      0.312909055 
    -0.037262895      0.320892295 
    -0.037132148      0.328842653 
    -0.037001401      0.337240599 
    -0.036870654      0.345867858 
    -0.036739907       0.35472443 
     -0.03660916      0.363810316 
    -0.036478413      0.373125515 
    -0.036347666      0.382670028 
    -0.036216919      0.392443854 
    -0.036086172      0.402446994 
    -0.035955425       0.41240968 
    -0.035824678      0.422932385 
    -0.035693931      0.433741451 
    -0.035563184      0.444836879 
    -0.035432437      0.456218669 
     -0.03530169      0.467886821 
    -0.035170943      0.479841334 
    -0.035040196      0.492082209 
    -0.034909449      0.504609446 
    -0.034778702      0.517087043 
    -0.034647955      0.530264334 
    -0.034517208      0.543798675 
    -0.034386461      0.557690067 
    -0.034255714       0.57193851 
    -0.034124967      0.586544003 
     -0.03399422      0.601506546 
    -0.033863473       0.61682614 
    -0.033732726      0.632502785 
    -0.033601979      0.648118752 
    -0.033471232      0.664607207 
    -0.033340485      0.681539922 
    -0.033209738      0.698916898 
    -0.033078991      0.716738134 
    -0.032948244      0.735003631 
    -0.032817497      0.753713388 
     -0.03268675      0.772867406 
    -0.032556003      0.792465685 
    -0.032425256      0.811990231 
    -0.032294509      0.832599776 
    -0.032163762      0.853760537 
    -0.032033015      0.875472515 
    -0.031902268       0.89773571 
    -0.031771521      0.920550121 
    -0.031640774      0.943915748 
    -0.031510027      0.967832593 
     -0.03137928      0.992300653 
    -0.031248533       1.01667991 
    -0.031117786        1.0424034 
    -0.030987039       1.06880823 
    -0.030856292       1.09589439 
    -0.030725545       1.12366188 
    -0.030594798        1.1521107 
    -0.030464051       1.18124086 
    -0.030333304       1.21105234 
    -0.030202557       1.24154516 
     -0.03007181       1.27193241 
    -0.029941063       1.30397661 
    -0.029810316       1.33685869 
    -0.029679569       1.37057864 
    -0.029548822       1.40513647 
    -0.029418075       1.44053218 
    -0.029287328       1.47676576 
    -0.029156581       1.51383722 
    -0.029025834       1.55174656 
    -0.028895087        1.5895328 
     -0.02876434       1.62934737 
    -0.028633593       1.67018531 
    -0.028502846       1.71204664 
    -0.028372099       1.75493133 
    -0.028241352       1.79883941 
    -0.028110605       1.84377086 
    -0.027979858       1.88972569 
    -0.027849111        1.9367039 
    -0.027718364        1.9835424 
    -0.027587617       2.03284098 
     -0.02745687       2.08337818 
    -0.027326123         2.135154 
    -0.027195376       2.18816843 
    -0.027064629       2.24242149 
    -0.026933882       2.29791316 
    -0.026803135       2.35464344 
    -0.026672388       2.41261235 
    -0.026541641       2.47042789 
    -0.026410894       2.53119154 
    -0.026280147       2.59343632 
      -0.0261494       2.65716222 
    -0.026018653       2.72236924 
    -0.025887906       2.78905739 
    -0.025757159       2.85722666 
    -0.025626412       2.92687706 
    -0.025495665       2.99800858 
    -0.025364918       3.06897437 
    -0.025234171       3.14342275 
    -0.025103424       3.21961422 
    -0.024972677       3.29754879 
     -0.02484193       3.37722645 
    -0.024711183        3.4586472 
    -0.024580436       3.54181104 
    -0.024449689       3.62671798 
    -0.024318942         3.713368 
    -0.024188195       3.79982516 
    -0.024057448       3.89033603 
    -0.023926701       3.98285593 
    -0.023795954       4.07738486 
    -0.023665207       4.17392282 
     -0.02353446       4.27246981 
    -0.023403713       4.37302582 
    -0.023272966       4.47559087 
    -0.023142219       4.58016494 
    -0.023011472       4.68443352 
    -0.022880725       4.79338949 
    -0.022749978       4.90459949 
    -0.022619231       5.01806353 
    -0.022488484       5.13378161 
    -0.022357737       5.25175373 
     -0.02222699       5.37197988 
    -0.022096243       5.49446006 
    -0.021965496       5.61919429 
    -0.021834749       5.74223827 
    -0.021704002       5.87178901 
    -0.021573255       6.00377671 
    -0.021442508       6.13820139 
    -0.021311761       6.27506303 
    -0.021181014       6.41436165 
    -0.021050267       6.55609724 
     -0.02091952        6.7002698 
    -0.020788773       6.84687934 
    -0.020658026       6.98719999 
    -0.020527279       7.13885634 
    -0.020396532       7.29294801 
    -0.020265785         7.449475 
    -0.020135038       7.60843731 
    -0.020004291       7.76983495 
    -0.019873544       7.93366791 
    -0.019742797       8.09993619 
     -0.01961205       8.26863979 
    -0.019481303       8.42650359 
    -0.019350556       8.60032302 
    -0.019219809       8.77653737 
    -0.019089062       8.95514664 
    -0.018958315       9.13615082 
    -0.018827568       9.31954993 
    -0.018696821       9.50534395 
    -0.018566074        9.6935329 
    -0.018435327       9.88411676 
     -0.01830458       10.0833218 
    -0.018173833        10.277379 
    -0.018043086       10.4736299 
    -0.017912339       10.6720746 
    -0.017781592       10.8528794 
    -0.017650845       11.0575079 
    -0.017520098       11.2653299 
    -0.017389351       11.4763454 
    -0.017258604       11.6905545 
    -0.017127857       11.9213214 
     -0.01699711        12.140059 
    -0.016866363        12.361099 
    -0.016735616       12.5844413 
    -0.016604869       12.8165454 
    -0.016474122       13.0408692 
    -0.016343375       13.2662688 
    -0.016212628       13.4871082 
    -0.016081881       13.7174125 
    -0.015951134       13.9583396 
    -0.015820387       14.1920227 
     -0.01568964       14.4287241 
    -0.015558893       14.6649631 
    -0.015428146       14.9023254 
    -0.015297399       15.1408323 
    -0.015166652       15.3803594 
    -0.015035905       15.6203626 
    -0.014905158        15.861663 
    -0.014774411       16.1030917 
    -0.014643664       16.3458247 
    -0.014512917       16.5883873 
     -0.01438217       16.8321962 
    -0.014251423       17.0755631 
    -0.014120676       17.3200817 
    -0.013989929       17.5648155 
    -0.013859182       17.8087635 
    -0.013728435       18.0536242 
    -0.013597688       18.2975207 
    -0.013466941       18.5421401 
    -0.013336194       18.7856521 
    -0.013205447       19.0296723 
      -0.0130747       19.2725091 
    -0.012943953       19.5155915 
    -0.012813206       19.7580936 
    -0.012682459       19.9993896 
    -0.012551712       20.2405118 
    -0.012420965       20.4807684 
    -0.012290218         20.72035 
    -0.012159471        20.959784 
    -0.012028724       21.1978688 
    -0.011897977       21.4355847 
     -0.01176723       21.6725862 
    -0.011636483       21.9090704 
    -0.011505736       22.1511342 
    -0.011374989       22.3823821 
    -0.011244242       22.5993678 
    -0.011113495       22.8218518 
    -0.010982748       23.0419342 
    -0.010852001        23.259615 
    -0.010721254        23.462595 
    -0.010590507       23.6785999 
     -0.01045976       23.8947925 
    -0.010329013       24.1111726 
    -0.010198266       24.3277403 
    -0.010067519       24.5712031 
    -0.009936772       24.7851602 
    -0.009806025       24.9940795 
    -0.009675278       25.1979612 
    -0.009544531       25.3968051 
    -0.009413784       25.6124479 
    -0.009283037       25.8027337 
     -0.00915229       25.9888177 
    -0.009021543       26.1707001 
    -0.008890796       26.3483806 
    -0.008760049       26.5218594 
    -0.008629302       26.6911365 
    -0.008498555       26.8562118 
    -0.008367808       27.0170854 
    -0.008237061       27.0538581 
    -0.008106314       27.2141822 
    -0.007975567       27.3729585 
     -0.00784482        27.530187 
    -0.007714073       27.6858677 
    -0.007583326       27.8400007 
    -0.007452579       27.9925859 
    -0.007321832       28.1436233 
    -0.007191085        28.293113 
    -0.007060338       28.5005492 
    -0.006929591        28.643607 
    -0.006798844       28.7837668 
    -0.006668097       28.9210286 
     -0.00653735       29.0553923 
    -0.006406603        29.186858 
    -0.006275856       29.3154258 
    -0.006145109       29.4410954 
    -0.006014362       29.5638671 
    -0.005883615       29.6787303 
    -0.005752868       29.7952145 
    -0.005622121       29.9088355 
    -0.005491374       30.0195933 
    -0.005360627       30.1274879 
     -0.00522988       30.2325194 
    -0.005099133       30.3346877 
    -0.004968386       30.4339929 
    -0.004837639       30.5304349 
    -0.004706892       30.6286102 
    -0.004576145       30.7195034 
    -0.004445398       30.8076774 
    -0.004314651       30.8931321 
    -0.004183904       30.9758676 
    -0.004053157       31.0558838 
     -0.00392241       31.1331807 
    -0.003791663       31.2077584 
    -0.003660916       31.2796168 
    -0.003530169       31.3499051 
    -0.003399422        31.416446 
    -0.003268675         31.48039 
    -0.003137928        31.541737 
    -0.003007181       31.6004872 
    -0.002876434       31.6566404 
    -0.002745687       31.7101967 
     -0.00261494       31.7611561 
    -0.002484193       31.8095186 
    -0.002353446       31.8671426 
    -0.002222699       31.9105392 
    -0.002091952       31.9514561 
    -0.001961205       31.9898931 
    -0.001830458       32.0258504 
    -0.001699711       32.0593278 
    -0.001568964       32.0903254 
    -0.001438217       32.1188432 
     -0.00130747       32.1448812 
    -0.001176723       32.1761393 
    -0.001045976        32.198298 
    -0.000915229       32.2178498 
    -0.000784482       32.2347947 
    -0.000653735       32.2491326 
    -0.000522988       32.2608637 
    -0.000392241       32.2699879 
    -0.000261494       32.2765051 
    -0.000130747       32.2804155 
               0        32.281719 
     0.000130747       32.2804155 
     0.000261494       32.2765051 
     0.000392241       32.2699879 
     0.000522988       32.2608637 
     0.000653735       32.2491326 
     0.000784482       32.2347947 
     0.000915229       32.2178498 
     0.001045976        32.198298 
     0.001176723       32.1761393 
      0.00130747       32.1448812 
     0.001438217       32.1188432 
     0.001568964       32.0903254 
     0.001699711       32.0593278 
     0.001830458       32.0258504 
     0.001961205       31.9898931 
     0.002091952       31.9514561 
     0.002222699       31.9105392 
     0.002353446       31.8671426 
     0.002484193       31.8095186 
      0.00261494       31.7611561 
     0.002745687       31.7101967 
     0.002876434       31.6566404 
     0.003007181       31.6004872 
     0.003137928        31.541737 
     0.003268675         31.48039 
     0.003399422        31.416446 
     0.003530169       31.3499051 
     0.003660916       31.2796168 
     0.003791663       31.2077584 
      0.00392241       31.1331807 
     0.004053157       31.0558838 
     0.004183904       30.9758676 
     0.004314651       30.8931321 
     0.004445398       30.8076774 
     0.004576145       30.7195034 
     0.004706892       30.6286102 
     0.004837639       30.5304349 
     0.004968386       30.4339929 
     0.005099133       30.3346877 
      0.00522988       30.2325194 
     0.005360627       30.1274879 
     0.005491374       30.0195933 
     0.005622121       29.9088355 
     0.005752868       29.7952145 
     0.005883615       29.6787303 
     0.006014362       29.5638671 
     0.006145109       29.4410954 
     0.006275856       29.3154258 
     0.006406603        29.186858 
      0.00653735       29.0553923 
     0.006668097       28.9210286 
     0.006798844       28.7837668 
     0.006929591        28.643607 
     0.007060338       28.5005492 
     0.007191085        28.293113 
     0.007321832       28.1436233 
     0.007452579       27.9925859 
     0.007583326       27.8400007 
     0.007714073       27.6858677 
      0.00784482        27.530187 
     0.007975567       27.3729585 
     0.008106314       27.2141822 
     0.008237061       27.0538581 
     0.008367808       27.0170854 
     0.008498555       26.8562118 
     0.008629302       26.6911365 
     0.008760049       26.5218594 
     0.008890796       26.3483806 
     0.009021543       26.1707001 
      0.00915229       25.9888177 
     0.009283037       25.8027337 
     0.009413784       25.6124479 
     0.009544531       25.3968051 
     0.009675278       25.1979612 
     0.009806025       24.9940795 
     0.009936772       24.7851602 
     0.010067519       24.5712031 
     0.010198266       24.3277403 
     0.010329013       24.1111726 
      0.01045976       23.8947925 
     0.010590507       23.6785999 
     0.010721254        23.462595 
     0.010852001        23.259615 
     0.010982748       23.0419342 
     0.011113495       22.8218518 
     0.011244242       22.5993678 
     0.011374989       22.3823821 
     0.011505736       22.1511342 
     0.011636483       21.9090704 
      0.01176723       21.6725862 
     0.011897977       21.4355847 
     0.012028724       21.1978688 
     0.012159471        20.959784 
     0.012290218         20.72035 
     0.012420965       20.4807684 
     0.012551712       20.2405118 
     0.012682459       19.9993896 
     0.012813206       19.7580936 
     0.012943953       19.5155915 
       0.0130747       19.2725091 
     0.013205447       19.0296723 
     0.013336194       18.7856521 
     0.013466941       18.5421401 
     0.013597688       18.2975207 
     0.013728435       18.0536242 
     0.013859182       17.8087635 
     0.013989929       17.5648155 
     0.014120676       17.3200817 
     0.014251423       17.0755631 
      0.01438217       16.8321962 
     0.014512917       16.5883873 
     0.014643664       16.3458247 
     0.014774411       16.1030917 
     0.014905158        15.861663 
     0.015035905       15.6203626 
     0.015166652       15.3803594 
     0.015297399       15.1408323 
     0.015428146       14.9023254 
     0.015558893       14.6649631 
      0.01568964       14.4287241 
     0.015820387       14.1920227 
     0.015951134       13.9583396 
     0.016081881       13.7174125 
     0.016212628       13.4871082 
     0.016343375       13.2662688 
     0.016474122       13.0408692 
     0.016604869       12.8165454 
     0.016735616       12.5844413 
     0.016866363        12.361099 
      0.01699711        12.140059 
     0.017127857       11.9213214 
     0.017258604       11.6905545 
     0.017389351       11.4763454 
     0.017520098       11.2653299 
     0.017650845       11.0575079 
     0.017781592       10.8528794 
     0.017912339       10.6720746 
     0.018043086       10.4736299 
     0.018173833        10.277379 
      0.01830458       10.0833218 
     0.018435327       9.88411676 
     0.018566074        9.6935329 
     0.018696821       9.50534395 
     0.018827568       9.31954993 
     0.018958315       9.13615082 
     0.019089062       8.95514664 
     0.019219809       8.77653737 
     0.019350556       8.60032302 
     0.019481303       8.42650359 
      0.01961205       8.26863979 
     0.019742797       8.09993619 
     0.019873544       7.93366791 
     0.020004291       7.76983495 
     0.020135038       7.60843731 
     0.020265785         7.449475 
     0.020396532       7.29294801 
     0.020527279       7.13885634 
     0.020658026       6.98719999 
     0.020788773       6.84687934 
      0.02091952        6.7002698 
     0.021050267       6.55609724 
     0.021181014       6.41436165 
     0.021311761       6.27506303 
     0.021442508       6.13820139 
     0.021573255       6.00377671 
     0.021704002       5.87178901 
     0.021834749       5.74223827 
     0.021965496       5.61919429 
     0.022096243       5.49446006 
      0.02222699       5.37197988 
     0.022357737       5.25175373 
     0.022488484       5.13378161 
     0.022619231       5.01806353 
     0.022749978       4.90459949 
     0.022880725       4.79338949 
     0.023011472       4.68443352 
     0.023142219       4.58016494 
     0.023272966       4.47559087 
     0.023403713       4.37302582 
      0.02353446       4.27246981 
     0.023665207       4.17392282 
     0.023795954       4.07738486 
     0.023926701       3.98285593 
     0.024057448       3.89033603 
     0.024188195       3.79982516 
     0.024318942         3.713368 
     0.024449689       3.62671798 
     0.024580436       3.54181104 
     0.024711183        3.4586472 
      0.02484193       3.37722645 
     0.024972677       3.29754879 
     0.025103424       3.21961422 
     0.025234171       3.14342275 
     0.025364918       3.06897437 
     0.025495665       2.99800858 
     0.025626412       2.92687706 
     0.025757159       2.85722666 
     0.025887906       2.78905739 
     0.026018653       2.72236924 
       0.0261494       2.65716222 
     0.026280147       2.59343632 
     0.026410894       2.53119154 
     0.026541641       2.47042789 
     0.026672388       2.41261235 
     0.026803135       2.35464344 
     0.026933882       2.29791316 
     0.027064629       2.24242149 
     0.027195376       2.18816843 
     0.027326123         2.135154 
      0.02745687       2.08337818 
     0.027587617       2.03284098 
     0.027718364        1.9835424 
     0.027849111        1.9367039 
     0.027979858       1.88972569 
     0.028110605       1.84377086 
     0.028241352       1.79883941 
     0.028372099       1.75493133 
     0.028502846       1.71204664 
     0.028633593       1.67018531 
      0.02876434       1.62934737 
     0.028895087        1.5895328 
     0.029025834       1.55174656 
     0.029156581       1.51383722 
     0.029287328       1.47676576 
     0.029418075       1.44053218 
     0.029548822       1.40513647 
     0.029679569       1.37057864 
     0.029810316       1.33685869 
     0.029941063       1.30397661 
      0.03007181       1.27193241 
     0.030202557       1.24154516 
     0.030333304       1.21105234 
     0.030464051       1.18124086 
     0.030594798        1.1521107 
     0.030725545       1.12366188 
     0.030856292       1.09589439 
     0.030987039       1.06880823 
     0.031117786        1.0424034 
     0.031248533       1.01667991 
      0.03137928      0.992300653 
     0.031510027      0.967832593 
     0.031640774      0.943915748 
     0.031771521      0.920550121 
     0.031902268       0.89773571 
     0.032033015      0.875472515 
     0.032163762      0.853760537 
     0.032294509      0.832599776 
     0.032425256      0.811990231 
     0.032556003      0.792465685 
      0.03268675      0.772867406 
     0.032817497      0.753713388 
     0.032948244      0.735003631 
     0.033078991      0.716738134 
     0.033209738      0.698916898 
     0.033340485      0.681539922 
     0.033471232      0.664607207 
     0.033601979      0.648118752 
     0.033732726      0.632502785 
     0.033863473       0.61682614 
      0.03399422      0.601506546 
     0.034124967      0.586544003 
     0.034255714       0.57193851 
     0.034386461      0.557690067 
     0.034517208      0.543798675 
     0.034647955      0.530264334 
     0.034778702      0.517087043 
     0.034909449      0.504609446 
     0.035040196      0.492082209 
     0.035170943      0.479841334 
      0.03530169      0.467886821 
     0.035432437      0.456218669 
     0.035563184      0.444836879 
     0.035693931      0.433741451 
     0.035824678      0.422932385 
     0.035955425       0.41240968 
     0.036086172      0.402446994 
     0.036216919      0.392443854 
     0.036347666      0.382670028 
     0.036478413      0.373125515 
      0.03660916      0.363810316 
     0.036739907       0.35472443 
     0.036870654      0.345867858 
     0.037001401      0.337240599 
     0.037132148      0.328842653 
     0.037262895      0.320892295 
     0.037393642      0.312909055 
     0.037524389      0.305109235 
     0.037655136      0.297492836 
     0.037785883      0.290059858 
      0.03791663        0.2828103 
     0.038047377      0.275744164 
     0.038178124      0.268861448 
     0.038308871      0.262162153 
     0.038439618      0.255820223 
     0.038570365      0.249451606 
     0.038701112      0.243229578 
     0.038831859       0.23715414 
     0.038962606      0.231225291 
     0.039093353      0.225443032 
       0.0392241      0.219807362 
     0.039354847      0.214318281 
     0.039485594      0.208975789 
     0.039616341       0.20391842 
     0.039747088      0.198839414 
     0.039877835      0.193877489 
     0.040008582      0.189032646 
     0.040139329      0.184304883 
     0.040270076      0.179694202 
     0.040400823      0.175200601 
      0.04053157      0.170824082 
     0.040662317      0.166564644 
     0.040793064      0.162532577 
     0.040923811      0.158482976 
     0.041054558      0.154526845 
     0.041185305      0.150664186 
     0.041316052      0.146894996 
     0.041446799      0.143219278 
     0.041577546      0.139637029 
     0.041708293      0.136148252 
      0.04183904      0.132752945 
     0.041969787      0.129538895 
     0.042100534      0.126310638 
     0.042231281      0.123156978 
     0.042362028      0.120077915 
     0.042492775      0.117073449 
     0.042623522       0.11414358 
     0.042754269      0.111288309 
     0.042885016      0.108507634 
     0.043015763      0.105801556 
      0.04314651      0.103239943 
     0.043277257      0.100666819 
     0.043408004     0.0981532161 
     0.043538751     0.0956991343 
     0.043669498     0.0933045735 
     0.043800245     0.0909695337 
     0.043930992     0.0886940148 
     0.044061739     0.0864780169 
     0.044192486     0.0843215399 
     0.044323233     0.0822801894 
      0.04445398      0.080229513 
     0.044584727     0.0782263215 
     0.044715474     0.0762706149 
     0.044846221     0.0743623931 
     0.044976968     0.0725016562 
     0.045107715     0.0706884042 
     0.045238462      0.068922637 
     0.045369209     0.0672043547 
     0.045499956     0.0655778157 
     0.045630703     0.0639437202 
      0.04576145     0.0623475048 
     0.045892197     0.0607891694 
     0.046022944     0.0592687139 
     0.046153691     0.0577861385 
     0.046284438     0.0563414431 
     0.046415185     0.0549346277 
     0.046545932     0.0535656923 
     0.046676679     0.0522698683 
     0.046807426     0.0509679222 
     0.046938173     0.0496961942 
      0.04706892     0.0484546845 
     0.047199667     0.0472433929 
     0.047330414     0.0460623194 
     0.047461161     0.0449114641 
     0.047591908      0.043790827 
     0.047722655      0.042700408 
     0.047853402      0.041668257 
     0.047984149     0.0406311486 
     0.048114896     0.0396181485 
     0.048245643     0.0386292569 
      0.04837639     0.0376644738 
     0.048507137     0.0367237991 
     0.048637884     0.0358072328 
     0.048768631      0.034914775 
     0.048899378     0.0340464256 
     0.049030125      0.033224521 
     0.049160872      0.032398606 
     0.049291619     0.0315919294 
     0.049422366     0.0308044911 
     0.049553113     0.0300362911 
      0.04968386     0.0292873295 
     0.049814607     0.0285576061 
     0.049945354     0.0278471211 
     0.050076101     0.0271558744 
     0.050206848     0.0265016557 
     0.050337595     0.0258441996 
     0.050468342     0.0252021017 
     0.050599089     0.0245753619 
     0.050729836     0.0239639804 
     0.050860583      0.023367957 
      0.05099133     0.0227872918 
     0.051122077     0.0222219847 
     0.051252824     0.0216720358 
     0.051383571     0.0211516158 
     0.051514318     0.0206285918 
     0.051645065     0.0201178366 
     0.051775812     0.0196193503 
     0.051906559     0.0191331328 
     0.052037306     0.0186591841 
     0.052168053     0.0181975042 
       0.0522988     0.0177480932 
     0.052429547     0.0173109509 
     0.052560294     0.0168973667 
     0.052691041     0.0164817005 
     0.052821788     0.0160758458 
     0.052952535     0.0156798027 
     0.053083282     0.0152935711 
     0.053214029      0.014917151 
     0.053344776     0.0145505424 
     0.053475523     0.0141937454 
      0.05360627     0.0138467599 
     0.053737017     0.0135185803 
     0.053867764     0.0131887521 
     0.053998511     0.0128667837 
     0.054129258     0.0125526752 
     0.054260005     0.0122464266 
     0.054390752     0.0119480379 
     0.054521499     0.0116575091 
     0.054652246     0.0113748401 
     0.054782993      0.011100031 
      0.05491374     0.0108402496 
     0.055044487     0.0105791816 
     0.055175234      0.010324427 
     0.055305981     0.0100759859 
     0.055436728    0.00983385822 
     0.055567475    0.00959804397 
     0.055698222    0.00936854316 
     0.055828969    0.00914535579 
     0.055959716    0.00892848185 
     0.056090463    0.00872363875 
      0.05622121     0.0085178123 
     0.056351957    0.00831707839 
     0.056482704    0.00812143701 
     0.056613451    0.00793088816 
     0.056744198    0.00774543186 
     0.056874945    0.00756506809 
     0.057005692    0.00738979685 
     0.057136439    0.00721961815 
     0.057267186    0.00705910855 
     0.057397933    0.00689786433 
      0.05752868    0.00674075434 
     0.057659427    0.00658777858 
     0.057790174    0.00643893705 
     0.057920921    0.00629422974 
     0.058051668    0.00615365666 
     0.058182415    0.00601721781 
     0.058313162    0.00588491319 
     0.058443909    0.00576045062 
     0.058574656     0.0056354367 
     0.058705403    0.00551381173 
      0.05883615    0.00539557572 
     0.058966897    0.00528072867 
     0.059097644    0.00516927058 
     0.059228391    0.00506120144 
     0.059359138    0.00495652127 
     0.059489885    0.00485523005 
     0.059620632    0.00476046279 
     0.059751379    0.00466520133 
     0.059882126    0.00457275764 
     0.060012873    0.00448313172 
      0.06014362    0.00439632358 
     0.060274367     0.0043123332 
     0.060405114     0.0042311606 
     0.060535861    0.00415280577 
     0.060666608    0.00407726871 
     0.060797355    0.00400751832 
     0.060928102    0.00393706863 
     0.061058849    0.00386900661 
     0.061189596    0.00380333226 
     0.061320343    0.00374004559 
      0.06145109    0.00367914658 
     0.061581837    0.00362063525 
     0.061712584    0.00356451159 
     0.061843331    0.00351077561 
     0.061974078    0.00347491948 
     0.062104825    0.00342617089 
     0.062235572    0.00337933401 
     0.062366319    0.00333440884 
     0.062497066    0.00329139538 
     0.062627813    0.00325029363 
      0.06275856    0.00321110359 
     0.062889307    0.00317382526 
     0.063020054    0.00313845864 
     0.063150801    0.00309363526 
     0.063281548    0.00306205593 
     0.063412295    0.00303239049 
     0.063543042    0.00300463896 
     0.063673789    0.00297880132 
     0.063804536    0.00295487758 
     0.063935283    0.00293286774 
      0.06406603     0.0029127718 
     0.064196777    0.00289458976 
     0.064327524    0.00287151901 
     0.064458271    0.00285634382 
     0.064589018    0.00284319198 
     0.064719765     0.0028320635 
     0.064850512    0.00282295838 
     0.064981259    0.00281587662 
     0.065112006    0.00281081822 
     0.065242753    0.00280778318 
       0.0653735     0.0028067715 
