       -0.051539     0.0268869465 
    -0.051435922     0.0268929411 
    -0.051332844     0.0269109251 
    -0.051229766     0.0269408984 
    -0.051126688      0.026982861 
     -0.05102361     0.0270368129 
    -0.050920532     0.0271027541 
    -0.050817454     0.0271806846 
    -0.050714376     0.0272706044 
    -0.050611298     0.0273725136 
     -0.05050822     0.0274864121 
    -0.050405142     0.0276122998 
    -0.050302064     0.0277962849 
    -0.050198986     0.0279382686 
    -0.050095908     0.0280916111 
     -0.04999283     0.0282563123 
    -0.049889752     0.0284323722 
    -0.049786674     0.0286197908 
    -0.049683596     0.0288185681 
    -0.049580518     0.0290287041 
     -0.04947744     0.0292501987 
    -0.049374362     0.0294830521 
    -0.049271284     0.0297272642 
    -0.049168206     0.0300833982 
    -0.049065128     0.0303499717 
     -0.04896205     0.0306278888 
    -0.048858972     0.0309171494 
    -0.048755894     0.0312177536 
    -0.048652816     0.0315297013 
    -0.048549738     0.0318529926 
     -0.04844666     0.0321876274 
    -0.048343582     0.0325336058 
    -0.048240504     0.0328909278 
    -0.048137426     0.0332595933 
    -0.048034348     0.0335101336 
     -0.04793127     0.0339104243 
    -0.047828192     0.0343247773 
    -0.047725114     0.0347531928 
    -0.047622036     0.0351956707 
    -0.047518958     0.0356522109 
     -0.04741588     0.0361228136 
    -0.047312802     0.0366074786 
    -0.047209724     0.0371062061 
    -0.047106646     0.0376189959 
    -0.047003568     0.0381458482 
     -0.04690049     0.0386599273 
    -0.046797412     0.0392171887 
    -0.046694334     0.0397909652 
    -0.046591256     0.0403812568 
    -0.046488178     0.0409880634 
      -0.0463851     0.0416113851 
    -0.046282022     0.0422512218 
    -0.046178944     0.0429075735 
    -0.046075866     0.0435804404 
    -0.045972788     0.0442698222 
     -0.04586971     0.0449757191 
    -0.045766632     0.0456696252 
    -0.045663554     0.0464107467 
    -0.045560476      0.047171631 
    -0.045457398     0.0479522779 
     -0.04535432     0.0487526875 
    -0.045251242     0.0495728598 
    -0.045148164     0.0504127948 
    -0.045045086     0.0512724925 
    -0.044942008     0.0521519529 
     -0.04483893      0.053051176 
    -0.044735852     0.0539701617 
    -0.044632774     0.0549089102 
    -0.044529696     0.0558356838 
    -0.044426618     0.0568201305 
     -0.04432354     0.0578285638 
    -0.044220462     0.0588609835 
    -0.044117384     0.0599173898 
    -0.044014306     0.0609977825 
    -0.043911228     0.0621021618 
     -0.04380815     0.0632305276 
    -0.043705072     0.0643828798 
    -0.043601994     0.0655592186 
    -0.043498916     0.0667595439 
    -0.043395838     0.0679439979 
     -0.04329276     0.0691991063 
    -0.043189682      0.070483613 
    -0.043086604     0.0717975178 
    -0.042983526     0.0731408209 
    -0.042880448     0.0745135222 
     -0.04277737     0.0759156217 
    -0.042674292     0.0773471195 
    -0.042571214     0.0788080155 
    -0.042468136     0.0802983096 
    -0.042365058     0.0818180021 
     -0.04226198     0.0833166948 
    -0.042158902     0.0849024684 
    -0.042055824     0.0865245074 
    -0.041952746     0.0881828116 
    -0.041849668     0.0898773813 
     -0.04174659     0.0916082162 
    -0.041643512     0.0933753165 
    -0.041540434     0.0951786821 
    -0.041437356     0.0970183131 
    -0.041334278     0.0988942094 
      -0.0412312      0.100806371 
    -0.041128122      0.102691213 
    -0.041025044       0.10468341 
    -0.040921966      0.106720533 
    -0.040818888      0.108802581 
     -0.04071581      0.110929554 
    -0.040612732      0.113101453 
    -0.040509654      0.115318277 
    -0.040406576      0.117580026 
    -0.040303498      0.119886701 
     -0.04020042      0.122238301 
    -0.040097342      0.124634826 
    -0.039994264      0.126996424 
    -0.039891186       0.12949014 
    -0.039788108      0.132039658 
     -0.03968503      0.134644977 
    -0.039581952      0.137306098 
    -0.039478874      0.140023021 
    -0.039375796      0.142795745 
    -0.039272718       0.14562427 
     -0.03916964      0.148508598 
    -0.039066562      0.151448726 
    -0.038963484      0.154444657 
    -0.038860406      0.157396622 
    -0.038757328      0.160510763 
     -0.03865425      0.163694326 
    -0.038551172      0.166947311 
    -0.038448094       0.17026972 
    -0.038345016      0.173661551 
    -0.038241938      0.177122805 
     -0.03813886      0.180653482 
    -0.038035782      0.184253581 
    -0.037932704      0.187923103 
    -0.037829626      0.191662048 
    -0.037726548      0.195470416 
     -0.03762347      0.199229255 
    -0.037520392      0.203198542 
    -0.037417314      0.207254274 
    -0.037314236      0.211396452 
    -0.037211158      0.215625076 
     -0.03710808      0.219940146 
    -0.037005002      0.224341661 
    -0.036901924      0.228829623 
    -0.036798846       0.23340403 
    -0.036695768      0.238064883 
     -0.03659269      0.242812182 
    -0.036489612      0.247494917 
    -0.036386534      0.252438671 
    -0.036283456      0.257490109 
    -0.036180378      0.262649229 
      -0.0360773      0.267916033 
    -0.035974222       0.27329052 
    -0.035871144       0.27877269 
    -0.035768066      0.284362543 
    -0.035664988      0.290060079 
     -0.03556191      0.295865298 
    -0.035458832        0.3017782 
    -0.035355754      0.307608128 
    -0.035252676      0.313760825 
    -0.035149598      0.320047656 
     -0.03504652       0.32646862 
    -0.034943442      0.333023718 
    -0.034840364       0.33971295 
    -0.034737286      0.346536315 
    -0.034634208      0.353493814 
     -0.03453113      0.360585447 
    -0.034428052      0.367811213 
    -0.034324974      0.375171113 
    -0.034221896      0.382425713 
    -0.034118818      0.390078167 
     -0.03401574      0.397897638 
    -0.033912662      0.405884128 
    -0.033809584      0.414037635 
    -0.033706506      0.422358159 
    -0.033603428      0.430845702 
     -0.03350035      0.439500262 
    -0.033397272       0.44832184 
    -0.033294194      0.457310436 
    -0.033191116      0.466466049 
    -0.033088038      0.475489587 
     -0.03298496      0.485001857 
    -0.032881882      0.494721938 
    -0.032778804      0.504649832 
    -0.032675726      0.514785537 
    -0.032572648      0.525129054 
     -0.03246957      0.535680384 
    -0.032366492      0.546439525 
    -0.032263414      0.557406478 
    -0.032160336      0.568581243 
    -0.032057258      0.579963821 
     -0.03195418       0.59155421 
    -0.031851102      0.602999565 
    -0.031748024      0.615074792 
    -0.031644946        0.6274083 
    -0.031541868      0.640000089 
     -0.03143879      0.652850159 
    -0.031335712       0.66595851 
    -0.031232634      0.679325142 
    -0.031129556      0.692950055 
    -0.031026478      0.706833249 
      -0.0309234      0.720974725 
    -0.030820322      0.735374481 
    -0.030717244      0.749585266 
    -0.030614166      0.764575578 
    -0.030511088      0.779886385 
     -0.03040801       0.79551769 
    -0.030304932       0.81146949 
    -0.030201854      0.827741787 
    -0.030098776      0.844334581 
    -0.029995698      0.861247871 
     -0.02989262      0.878481657 
    -0.029789542       0.89603594 
    -0.029686464       0.91391072 
    -0.029583386      0.931543053 
    -0.029480308      0.950135789 
     -0.02937723      0.969125352 
    -0.029274152      0.988511742 
    -0.029171074       1.00829496 
    -0.029067996         1.028475 
    -0.028964918       1.04905187 
     -0.02886184       1.07002557 
    -0.028758762        1.0913961 
    -0.028655684       1.11316345 
    -0.028552606       1.13532763 
    -0.028449528       1.15718539 
     -0.02834645       1.18022032 
    -0.028243372       1.20374512 
    -0.028140294        1.2277598 
    -0.028037216       1.25226436 
    -0.027934138       1.27725879 
     -0.02783106        1.3027431 
    -0.027727982       1.32871728 
    -0.027624904       1.35518134 
    -0.027521826       1.38213528 
    -0.027418748       1.40957909 
     -0.02731567       1.43664153 
    -0.027212592       1.46513823 
    -0.027109514       1.49423725 
    -0.027006436       1.52393859 
    -0.026903358       1.55424225 
     -0.02680028       1.58514823 
    -0.026697202       1.61665654 
    -0.026594124       1.64876717 
    -0.026491046       1.68148013 
    -0.026387968        1.7147954 
     -0.02628489         1.748713 
    -0.026181812       1.78216373 
    -0.026078734       1.81734965 
    -0.025975656       1.85327217 
    -0.025872578       1.88993132 
      -0.0257695       1.92732707 
    -0.025666422       1.96545944 
    -0.025563344       2.00432842 
    -0.025460266       2.04393401 
    -0.025357188       2.08427621 
     -0.02525411       2.12535503 
    -0.025151032       2.16717047 
    -0.025047954       2.20972251 
    -0.024944876       2.25176082 
    -0.024841798        2.2959913 
     -0.02473872        2.3411162 
    -0.024635642       2.38713551 
    -0.024532564       2.43404923 
    -0.024429486       2.48185736 
    -0.024326408       2.53055991 
     -0.02422333       2.58015687 
    -0.024120252       2.63064824 
    -0.024017174       2.68203402 
    -0.023914096       2.73431422 
    -0.023811018       2.78595731 
     -0.02370794        2.8402313 
    -0.023604862       2.89558101 
    -0.023501784       2.95200645 
    -0.023398706       3.00950763 
    -0.023295628       3.06808453 
     -0.02319255       3.12773717 
    -0.023089472       3.18846553 
    -0.022986394       3.25026962 
    -0.022883316       3.31314945 
    -0.022780238         3.377105 
     -0.02267716       3.44029239 
    -0.022574082       3.50659437 
    -0.022471004       3.57417398 
    -0.022367926       3.64303122 
    -0.022264848       3.71316609 
     -0.02216177       3.78457859 
    -0.022058692       3.85726873 
    -0.021955614       3.93123649 
    -0.021852536       4.00648189 
    -0.021749458       4.08300491 
     -0.02164638       4.16080557 
    -0.021543302       4.23770186 
    -0.021440224       4.31823171 
    -0.021337146       4.40025408 
    -0.021234068       4.48376896 
     -0.02113099       4.56877635 
    -0.021027912       4.65527624 
    -0.020924834       4.74326865 
    -0.020821756       4.83275357 
    -0.020718678       4.92373099 
      -0.0206156       5.01620093 
    -0.020512522       5.11016338 
    -0.020409444       5.20306645 
    -0.020306366       5.30015676 
    -0.020203288       5.39895328 
     -0.02010021       5.49945602 
    -0.019997132       5.60166497 
    -0.019894054       5.70558014 
    -0.019790976       5.81120152 
    -0.019687898       5.91852911 
     -0.01958482       6.02756291 
    -0.019481742       6.13830293 
    -0.019378664       6.25074916 
    -0.019275586        6.3649016 
    -0.019172508       6.47783975 
     -0.01906943       6.59570158 
    -0.018966352       6.71546019 
    -0.018863274        6.8371156 
    -0.018760196       6.96066779 
    -0.018657118       7.08611678 
     -0.01855404       7.21346255 
    -0.018450962       7.34270511 
    -0.018347884       7.47384445 
    -0.018244806       7.60688059 
    -0.018141728       7.74181351 
     -0.01803865       7.87363172 
    -0.017935572       8.01257525 
    -0.017832494       8.15354875 
    -0.017729416       8.29655221 
    -0.017626338       8.44158562 
     -0.01752326         8.588649 
    -0.017420182       8.73774233 
    -0.017317104       8.88886563 
    -0.017214026       9.04201889 
    -0.017110948        9.1972021 
     -0.01700787       9.35441528 
    -0.016904792       9.50280371 
    -0.016801714       9.66423119 
    -0.016698636       9.82766836 
    -0.016595558       9.99311522 
     -0.01649248       10.1605718 
    -0.016389402        10.330038 
    -0.016286324        10.501514 
    -0.016183246       10.6749996 
    -0.016080168        10.850495 
     -0.01597709           11.028 
    -0.015874012       11.2075147 
    -0.015770934       11.3692973 
    -0.015667856       11.5531207 
    -0.015564778       11.7389065 
      -0.0154617       11.9266547 
    -0.015358622       12.1163654 
    -0.015255544       12.3080385 
    -0.015152466        12.501674 
    -0.015049388        12.697272 
     -0.01494631       12.8948325 
    -0.014843232       13.0943554 
    -0.014740154       13.2958407 
    -0.014637076       13.5119361 
    -0.014533998       13.7157816 
     -0.01443092       13.9213205 
    -0.014327842       14.1285528 
    -0.014224764       14.3374785 
    -0.014121686       14.5480976 
    -0.014018608       14.7316864 
     -0.01391553       14.9474035 
    -0.013812452        15.165671 
    -0.013709374       15.3864889 
    -0.013606296       15.6098571 
    -0.013503218       15.8357758 
     -0.01340014       16.0819637 
    -0.013297062       16.3114537 
    -0.013193984       16.5427348 
    -0.013090906       16.7758071 
    -0.012987828       17.0106704 
     -0.01288475       17.2473249 
    -0.012781672       17.4933282 
    -0.012678594       17.7292297 
    -0.012575516        17.965836 
    -0.012472438       18.1942333 
     -0.01236936       18.4344475 
    -0.012266282       18.6766969 
    -0.012163204       18.9314802 
    -0.012060126       19.1757791 
    -0.011957048       19.4231494 
     -0.01185397       19.6692231 
    -0.011750892       19.9160693 
    -0.011647814       20.1634213 
    -0.011544736       20.4116892 
    -0.011441658       20.6605542 
     -0.01133858       20.9092336 
    -0.011235502       21.1591722 
    -0.011132424       21.4095303 
    -0.011029346       21.6592586 
    -0.010926268       21.9103112 
     -0.01082319       22.1615967 
    -0.010720112       22.4118915 
    -0.010617034        22.663472 
    -0.010513956       22.9150925 
    -0.010410878       23.1654177 
      -0.0103078       23.4169229 
    -0.010204722       23.6682723 
    -0.010101644       23.9180728 
    -0.009998566        24.168894 
    -0.009895488       24.4193644 
     -0.00979241       24.6680939 
    -0.009689332       24.9176301 
    -0.009586254       25.1666264 
    -0.009483176        25.413787 
    -0.009380098       25.6614644 
     -0.00927702       25.9084269 
    -0.009173942       26.1536329 
    -0.009070864       26.3989397 
    -0.008967786        26.642959 
    -0.008864708       26.8864605 
     -0.00876163       27.1290222 
    -0.008658552       27.3711554 
    -0.008555474       27.6117796 
    -0.008452396       27.8515466 
    -0.008349318       28.0904172 
     -0.00824624       28.3285661 
    -0.008143162       28.5658957 
    -0.008040084       28.8102731 
    -0.007937006       29.0454882 
    -0.007833928       29.2761728 
     -0.00773085         29.49059 
    -0.007627772       29.7128388 
    -0.007524694       29.9326197 
    -0.007421616       30.1499326 
    -0.007318538       30.3647777 
     -0.00721546       30.5771549 
    -0.007112382       30.7706621 
    -0.007009304        30.981912 
    -0.006906226       31.1927172 
    -0.006803148       31.4030775 
     -0.00670007        31.612993 
    -0.006596992       31.8224636 
    -0.006493914       32.0658548 
    -0.006390836       32.2713658 
    -0.006287758       32.4722327 
     -0.00618468       32.6684553 
    -0.006081602       32.8600337 
    -0.005978524       33.0469679 
    -0.005875446       33.2535567 
    -0.005772368       33.4328082 
     -0.00566929       33.6080192 
    -0.005566212       33.7791895 
    -0.005463134       33.9463193 
    -0.005360056       34.1094086 
    -0.005256978       34.2684572 
      -0.0051539       34.4234653 
    -0.005050822       34.5744328 
    -0.004947744       34.7213597 
    -0.004844666       34.8642461 
    -0.004741588       34.8470557 
     -0.00463851       34.9877444 
    -0.004535432       35.1263817 
    -0.004432354       35.2629677 
    -0.004329276       35.3975023 
    -0.004226198       35.5299857 
     -0.00412312       35.6604177 
    -0.004020042       35.7887983 
    -0.003916964       35.9151276 
    -0.003813886       36.0394056 
    -0.003710808       36.1616323 
     -0.00360773       36.2818076 
    -0.003504652       36.4799493 
    -0.003401574       36.5926586 
    -0.003298496       36.7021272 
    -0.003195418       36.8083553 
     -0.00309234       36.9113427 
    -0.002989262       37.0110895 
    -0.002886184       37.1075957 
    -0.002783106       37.2008612 
    -0.002680028       37.2908862 
     -0.00257695       37.3776705 
    -0.002473872       37.4612143 
    -0.002370794       37.5768164 
    -0.002267716       37.6536839 
    -0.002164638       37.7271351 
     -0.00206156       37.7971699 
    -0.001958482       37.8637884 
    -0.001855404       37.9269906 
    -0.001752326       37.9867764 
    -0.001649248       38.0431459 
     -0.00154617       38.0960991 
    -0.001443092       38.1456359 
    -0.001340014       38.1917564 
    -0.001236936       38.2344606 
    -0.001133858       38.2942338 
     -0.00103078       38.3326268 
    -0.000927702       38.3673633 
    -0.000824624       38.3984434 
    -0.000721546       38.4258669 
    -0.000618468        38.449634 
     -0.00051539       38.4697446 
    -0.000412312       38.4861987 
    -0.000309234       38.4989964 
    -0.000206156       38.5081376 
    -0.000103078       38.5136223 
               0       38.5154505 
     0.000103078       38.5136223 
     0.000206156       38.5081376 
     0.000309234       38.4989964 
     0.000412312       38.4861987 
      0.00051539       38.4697446 
     0.000618468        38.449634 
     0.000721546       38.4258669 
     0.000824624       38.3984434 
     0.000927702       38.3673633 
      0.00103078       38.3326268 
     0.001133858       38.2942338 
     0.001236936       38.2344606 
     0.001340014       38.1917564 
     0.001443092       38.1456359 
      0.00154617       38.0960991 
     0.001649248       38.0431459 
     0.001752326       37.9867764 
     0.001855404       37.9269906 
     0.001958482       37.8637884 
      0.00206156       37.7971699 
     0.002164638       37.7271351 
     0.002267716       37.6536839 
     0.002370794       37.5768164 
     0.002473872       37.4612143 
      0.00257695       37.3776705 
     0.002680028       37.2908862 
     0.002783106       37.2008612 
     0.002886184       37.1075957 
     0.002989262       37.0110895 
      0.00309234       36.9113427 
     0.003195418       36.8083553 
     0.003298496       36.7021272 
     0.003401574       36.5926586 
     0.003504652       36.4799493 
      0.00360773       36.2818076 
     0.003710808       36.1616323 
     0.003813886       36.0394056 
     0.003916964       35.9151276 
     0.004020042       35.7887983 
      0.00412312       35.6604177 
     0.004226198       35.5299857 
     0.004329276       35.3975023 
     0.004432354       35.2629677 
     0.004535432       35.1263817 
      0.00463851       34.9877444 
     0.004741588       34.8470557 
     0.004844666       34.8642461 
     0.004947744       34.7213597 
     0.005050822       34.5744328 
       0.0051539       34.4234653 
     0.005256978       34.2684572 
     0.005360056       34.1094086 
     0.005463134       33.9463193 
     0.005566212       33.7791895 
      0.00566929       33.6080192 
     0.005772368       33.4328082 
     0.005875446       33.2535567 
     0.005978524       33.0469679 
     0.006081602       32.8600337 
      0.00618468       32.6684553 
     0.006287758       32.4722327 
     0.006390836       32.2713658 
     0.006493914       32.0658548 
     0.006596992       31.8224636 
      0.00670007        31.612993 
     0.006803148       31.4030775 
     0.006906226       31.1927172 
     0.007009304        30.981912 
     0.007112382       30.7706621 
      0.00721546       30.5771549 
     0.007318538       30.3647777 
     0.007421616       30.1499326 
     0.007524694       29.9326197 
     0.007627772       29.7128388 
      0.00773085         29.49059 
     0.007833928       29.2761728 
     0.007937006       29.0454882 
     0.008040084       28.8102731 
     0.008143162       28.5658957 
      0.00824624       28.3285661 
     0.008349318       28.0904172 
     0.008452396       27.8515466 
     0.008555474       27.6117796 
     0.008658552       27.3711554 
      0.00876163       27.1290222 
     0.008864708       26.8864605 
     0.008967786        26.642959 
     0.009070864       26.3989397 
     0.009173942       26.1536329 
      0.00927702       25.9084269 
     0.009380098       25.6614644 
     0.009483176        25.413787 
     0.009586254       25.1666264 
     0.009689332       24.9176301 
      0.00979241       24.6680939 
     0.009895488       24.4193644 
     0.009998566        24.168894 
     0.010101644       23.9180728 
     0.010204722       23.6682723 
       0.0103078       23.4169229 
     0.010410878       23.1654177 
     0.010513956       22.9150925 
     0.010617034        22.663472 
     0.010720112       22.4118915 
      0.01082319       22.1615967 
     0.010926268       21.9103112 
     0.011029346       21.6592586 
     0.011132424       21.4095303 
     0.011235502       21.1591722 
      0.01133858       20.9092336 
     0.011441658       20.6605542 
     0.011544736       20.4116892 
     0.011647814       20.1634213 
     0.011750892       19.9160693 
      0.01185397       19.6692231 
     0.011957048       19.4231494 
     0.012060126       19.1757791 
     0.012163204       18.9314802 
     0.012266282       18.6766969 
      0.01236936       18.4344475 
     0.012472438       18.1942333 
     0.012575516        17.965836 
     0.012678594       17.7292297 
     0.012781672       17.4933282 
      0.01288475       17.2473249 
     0.012987828       17.0106704 
     0.013090906       16.7758071 
     0.013193984       16.5427348 
     0.013297062       16.3114537 
      0.01340014       16.0819637 
     0.013503218       15.8357758 
     0.013606296       15.6098571 
     0.013709374       15.3864889 
     0.013812452        15.165671 
      0.01391553       14.9474035 
     0.014018608       14.7316864 
     0.014121686       14.5480976 
     0.014224764       14.3374785 
     0.014327842       14.1285528 
      0.01443092       13.9213205 
     0.014533998       13.7157816 
     0.014637076       13.5119361 
     0.014740154       13.2958407 
     0.014843232       13.0943554 
      0.01494631       12.8948325 
     0.015049388        12.697272 
     0.015152466        12.501674 
     0.015255544       12.3080385 
     0.015358622       12.1163654 
       0.0154617       11.9266547 
     0.015564778       11.7389065 
     0.015667856       11.5531207 
     0.015770934       11.3692973 
     0.015874012       11.2075147 
      0.01597709           11.028 
     0.016080168        10.850495 
     0.016183246       10.6749996 
     0.016286324        10.501514 
     0.016389402        10.330038 
      0.01649248       10.1605718 
     0.016595558       9.99311522 
     0.016698636       9.82766836 
     0.016801714       9.66423119 
     0.016904792       9.50280371 
      0.01700787       9.35441528 
     0.017110948        9.1972021 
     0.017214026       9.04201889 
     0.017317104       8.88886563 
     0.017420182       8.73774233 
      0.01752326         8.588649 
     0.017626338       8.44158562 
     0.017729416       8.29655221 
     0.017832494       8.15354875 
     0.017935572       8.01257525 
      0.01803865       7.87363172 
     0.018141728       7.74181351 
     0.018244806       7.60688059 
     0.018347884       7.47384445 
     0.018450962       7.34270511 
      0.01855404       7.21346255 
     0.018657118       7.08611678 
     0.018760196       6.96066779 
     0.018863274        6.8371156 
     0.018966352       6.71546019 
      0.01906943       6.59570158 
     0.019172508       6.47783975 
     0.019275586        6.3649016 
     0.019378664       6.25074916 
     0.019481742       6.13830293 
      0.01958482       6.02756291 
     0.019687898       5.91852911 
     0.019790976       5.81120152 
     0.019894054       5.70558014 
     0.019997132       5.60166497 
      0.02010021       5.49945602 
     0.020203288       5.39895328 
     0.020306366       5.30015676 
     0.020409444       5.20306645 
     0.020512522       5.11016338 
       0.0206156       5.01620093 
     0.020718678       4.92373099 
     0.020821756       4.83275357 
     0.020924834       4.74326865 
     0.021027912       4.65527624 
      0.02113099       4.56877635 
     0.021234068       4.48376896 
     0.021337146       4.40025408 
     0.021440224       4.31823171 
     0.021543302       4.23770186 
      0.02164638       4.16080557 
     0.021749458       4.08300491 
     0.021852536       4.00648189 
     0.021955614       3.93123649 
     0.022058692       3.85726873 
      0.02216177       3.78457859 
     0.022264848       3.71316609 
     0.022367926       3.64303122 
     0.022471004       3.57417398 
     0.022574082       3.50659437 
      0.02267716       3.44029239 
     0.022780238         3.377105 
     0.022883316       3.31314945 
     0.022986394       3.25026962 
     0.023089472       3.18846553 
      0.02319255       3.12773717 
     0.023295628       3.06808453 
     0.023398706       3.00950763 
     0.023501784       2.95200645 
     0.023604862       2.89558101 
      0.02370794        2.8402313 
     0.023811018       2.78595731 
     0.023914096       2.73431422 
     0.024017174       2.68203402 
     0.024120252       2.63064824 
      0.02422333       2.58015687 
     0.024326408       2.53055991 
     0.024429486       2.48185736 
     0.024532564       2.43404923 
     0.024635642       2.38713551 
      0.02473872        2.3411162 
     0.024841798        2.2959913 
     0.024944876       2.25176082 
     0.025047954       2.20972251 
     0.025151032       2.16717047 
      0.02525411       2.12535503 
     0.025357188       2.08427621 
     0.025460266       2.04393401 
     0.025563344       2.00432842 
     0.025666422       1.96545944 
       0.0257695       1.92732707 
     0.025872578       1.88993132 
     0.025975656       1.85327217 
     0.026078734       1.81734965 
     0.026181812       1.78216373 
      0.02628489         1.748713 
     0.026387968        1.7147954 
     0.026491046       1.68148013 
     0.026594124       1.64876717 
     0.026697202       1.61665654 
      0.02680028       1.58514823 
     0.026903358       1.55424225 
     0.027006436       1.52393859 
     0.027109514       1.49423725 
     0.027212592       1.46513823 
      0.02731567       1.43664153 
     0.027418748       1.40957909 
     0.027521826       1.38213528 
     0.027624904       1.35518134 
     0.027727982       1.32871728 
      0.02783106        1.3027431 
     0.027934138       1.27725879 
     0.028037216       1.25226436 
     0.028140294        1.2277598 
     0.028243372       1.20374512 
      0.02834645       1.18022032 
     0.028449528       1.15718539 
     0.028552606       1.13532763 
     0.028655684       1.11316345 
     0.028758762        1.0913961 
      0.02886184       1.07002557 
     0.028964918       1.04905187 
     0.029067996         1.028475 
     0.029171074       1.00829496 
     0.029274152      0.988511742 
      0.02937723      0.969125352 
     0.029480308      0.950135789 
     0.029583386      0.931543053 
     0.029686464       0.91391072 
     0.029789542       0.89603594 
      0.02989262      0.878481657 
     0.029995698      0.861247871 
     0.030098776      0.844334581 
     0.030201854      0.827741787 
     0.030304932       0.81146949 
      0.03040801       0.79551769 
     0.030511088      0.779886385 
     0.030614166      0.764575578 
     0.030717244      0.749585266 
     0.030820322      0.735374481 
       0.0309234      0.720974725 
     0.031026478      0.706833249 
     0.031129556      0.692950055 
     0.031232634      0.679325142 
     0.031335712       0.66595851 
      0.03143879      0.652850159 
     0.031541868      0.640000089 
     0.031644946        0.6274083 
     0.031748024      0.615074792 
     0.031851102      0.602999565 
      0.03195418       0.59155421 
     0.032057258      0.579963821 
     0.032160336      0.568581243 
     0.032263414      0.557406478 
     0.032366492      0.546439525 
      0.03246957      0.535680384 
     0.032572648      0.525129054 
     0.032675726      0.514785537 
     0.032778804      0.504649832 
     0.032881882      0.494721938 
      0.03298496      0.485001857 
     0.033088038      0.475489587 
     0.033191116      0.466466049 
     0.033294194      0.457310436 
     0.033397272       0.44832184 
      0.03350035      0.439500262 
     0.033603428      0.430845702 
     0.033706506      0.422358159 
     0.033809584      0.414037635 
     0.033912662      0.405884128 
      0.03401574      0.397897638 
     0.034118818      0.390078167 
     0.034221896      0.382425713 
     0.034324974      0.375171113 
     0.034428052      0.367811213 
      0.03453113      0.360585447 
     0.034634208      0.353493814 
     0.034737286      0.346536315 
     0.034840364       0.33971295 
     0.034943442      0.333023718 
      0.03504652       0.32646862 
     0.035149598      0.320047656 
     0.035252676      0.313760825 
     0.035355754      0.307608128 
     0.035458832        0.3017782 
      0.03556191      0.295865298 
     0.035664988      0.290060079 
     0.035768066      0.284362543 
     0.035871144       0.27877269 
     0.035974222       0.27329052 
       0.0360773      0.267916033 
     0.036180378      0.262649229 
     0.036283456      0.257490109 
     0.036386534      0.252438671 
     0.036489612      0.247494917 
      0.03659269      0.242812182 
     0.036695768      0.238064883 
     0.036798846       0.23340403 
     0.036901924      0.228829623 
     0.037005002      0.224341661 
      0.03710808      0.219940146 
     0.037211158      0.215625076 
     0.037314236      0.211396452 
     0.037417314      0.207254274 
     0.037520392      0.203198542 
      0.03762347      0.199229255 
     0.037726548      0.195470416 
     0.037829626      0.191662048 
     0.037932704      0.187923103 
     0.038035782      0.184253581 
      0.03813886      0.180653482 
     0.038241938      0.177122805 
     0.038345016      0.173661551 
     0.038448094       0.17026972 
     0.038551172      0.166947311 
      0.03865425      0.163694326 
     0.038757328      0.160510763 
     0.038860406      0.157396622 
     0.038963484      0.154444657 
     0.039066562      0.151448726 
      0.03916964      0.148508598 
     0.039272718       0.14562427 
     0.039375796      0.142795745 
     0.039478874      0.140023021 
     0.039581952      0.137306098 
      0.03968503      0.134644977 
     0.039788108      0.132039658 
     0.039891186       0.12949014 
     0.039994264      0.126996424 
     0.040097342      0.124634826 
      0.04020042      0.122238301 
     0.040303498      0.119886701 
     0.040406576      0.117580026 
     0.040509654      0.115318277 
     0.040612732      0.113101453 
      0.04071581      0.110929554 
     0.040818888      0.108802581 
     0.040921966      0.106720533 
     0.041025044       0.10468341 
     0.041128122      0.102691213 
       0.0412312      0.100806371 
     0.041334278     0.0988942094 
     0.041437356     0.0970183131 
     0.041540434     0.0951786821 
     0.041643512     0.0933753165 
      0.04174659     0.0916082162 
     0.041849668     0.0898773813 
     0.041952746     0.0881828116 
     0.042055824     0.0865245074 
     0.042158902     0.0849024684 
      0.04226198     0.0833166948 
     0.042365058     0.0818180021 
     0.042468136     0.0802983096 
     0.042571214     0.0788080155 
     0.042674292     0.0773471195 
      0.04277737     0.0759156217 
     0.042880448     0.0745135222 
     0.042983526     0.0731408209 
     0.043086604     0.0717975178 
     0.043189682      0.070483613 
      0.04329276     0.0691991063 
     0.043395838     0.0679439979 
     0.043498916     0.0667595439 
     0.043601994     0.0655592186 
     0.043705072     0.0643828798 
      0.04380815     0.0632305276 
     0.043911228     0.0621021618 
     0.044014306     0.0609977825 
     0.044117384     0.0599173898 
     0.044220462     0.0588609835 
      0.04432354     0.0578285638 
     0.044426618     0.0568201305 
     0.044529696     0.0558356838 
     0.044632774     0.0549089102 
     0.044735852     0.0539701617 
      0.04483893      0.053051176 
     0.044942008     0.0521519529 
     0.045045086     0.0512724925 
     0.045148164     0.0504127948 
     0.045251242     0.0495728598 
      0.04535432     0.0487526875 
     0.045457398     0.0479522779 
     0.045560476      0.047171631 
     0.045663554     0.0464107467 
     0.045766632     0.0456696252 
      0.04586971     0.0449757191 
     0.045972788     0.0442698222 
     0.046075866     0.0435804404 
     0.046178944     0.0429075735 
     0.046282022     0.0422512218 
       0.0463851     0.0416113851 
     0.046488178     0.0409880634 
     0.046591256     0.0403812568 
     0.046694334     0.0397909652 
     0.046797412     0.0392171887 
      0.04690049     0.0386599273 
     0.047003568     0.0381458482 
     0.047106646     0.0376189959 
     0.047209724     0.0371062061 
     0.047312802     0.0366074786 
      0.04741588     0.0361228136 
     0.047518958     0.0356522109 
     0.047622036     0.0351956707 
     0.047725114     0.0347531928 
     0.047828192     0.0343247773 
      0.04793127     0.0339104243 
     0.048034348     0.0335101336 
     0.048137426     0.0332595933 
     0.048240504     0.0328909278 
     0.048343582     0.0325336058 
      0.04844666     0.0321876274 
     0.048549738     0.0318529926 
     0.048652816     0.0315297013 
     0.048755894     0.0312177536 
     0.048858972     0.0309171494 
      0.04896205     0.0306278888 
     0.049065128     0.0303499717 
     0.049168206     0.0300833982 
     0.049271284     0.0297272642 
     0.049374362     0.0294830521 
      0.04947744     0.0292501987 
     0.049580518     0.0290287041 
     0.049683596     0.0288185681 
     0.049786674     0.0286197908 
     0.049889752     0.0284323722 
      0.04999283     0.0282563123 
     0.050095908     0.0280916111 
     0.050198986     0.0279382686 
     0.050302064     0.0277962849 
     0.050405142     0.0276122998 
      0.05050822     0.0274864121 
     0.050611298     0.0273725136 
     0.050714376     0.0272706044 
     0.050817454     0.0271806846 
     0.050920532     0.0271027541 
      0.05102361     0.0270368129 
     0.051126688      0.026982861 
     0.051229766     0.0269408984 
     0.051332844     0.0269109251 
     0.051435922     0.0268929411 
        0.051539     0.0268869465 
