      -0.0868775   0.000204287319 
    -0.086703745   0.000204417625 
     -0.08652999   0.000204808542 
    -0.086356235    0.00020546007 
     -0.08618248   0.000206372211 
    -0.086008725   0.000207544962 
     -0.08583497   0.000208978325 
    -0.085661215   0.000211096726 
     -0.08548746   0.000212944338 
    -0.085313705   0.000215038299 
     -0.08513995   0.000217378609 
    -0.084966195   0.000219965267 
     -0.08479244   0.000222798273 
    -0.084618685   0.000225877627 
     -0.08444493   0.000230052377 
    -0.084271175   0.000233620619 
     -0.08409742   0.000237434947 
    -0.083923665    0.00024149536 
     -0.08374991   0.000245801859 
    -0.083576155   0.000250354444 
      -0.0834024   0.000255153114 
    -0.083228645   0.000259145543 
     -0.08305489   0.000264592306 
    -0.082881135   0.000270347386 
     -0.08270738   0.000276410783 
    -0.082533625   0.000282782496 
     -0.08235987   0.000289462527 
    -0.082186115   0.000296450874 
     -0.08201236   0.000303535058 
    -0.081838605   0.000311217627 
     -0.08166485   0.000319264787 
    -0.081491095   0.000327676538 
     -0.08131734    0.00033645288 
    -0.081143585   0.000345593812 
     -0.08096983   0.000355099336 
    -0.080796075   0.000364756248 
     -0.08062232   0.000375105337 
    -0.080448565   0.000385893836 
     -0.08027481   0.000397121747 
    -0.080101055   0.000408789069 
      -0.0799273   0.000420895802 
    -0.079753545   0.000433142131 
     -0.07957979   0.000446196495 
    -0.079406035   0.000459788015 
     -0.07923228   0.000473916693 
    -0.079058525   0.000488582526 
     -0.07888477   0.000503785516 
    -0.078711015   0.000519525663 
     -0.07853726   0.000535438398 
    -0.078363505   0.000552364374 
     -0.07818975   0.000569953365 
    -0.078015995   0.000588205372 
     -0.07784224   0.000607120393 
    -0.077668485   0.000626698431 
     -0.07749473   0.000646939483 
    -0.077320975   0.000667402047 
     -0.07714722   0.000689141193 
    -0.076973465   0.000711703937 
     -0.07679971   0.000735090281 
    -0.076625955   0.000759300224 
      -0.0764522   0.000784333766 
    -0.076278445   0.000810190908 
     -0.07610469   0.000836343953 
    -0.075930935   0.000864104781 
     -0.07575718   0.000892892931 
    -0.075583425   0.000922708405 
     -0.07540967   0.000953551202 
    -0.075235915   0.000985421321 
     -0.07506216    0.00101831876 
    -0.074888405     0.0010516239 
     -0.07471465    0.00108694889 
    -0.074540895    0.00112355873 
     -0.07436714    0.00116145343 
    -0.074193385    0.00120063298 
     -0.07401963    0.00124109738 
    -0.073845875     0.0012819277 
     -0.07367212    0.00132516908 
    -0.073498365    0.00137002012 
     -0.07332461    0.00141648083 
    -0.073150855    0.00146455121 
      -0.0729771    0.00151423126 
    -0.072803345    0.00156552099 
     -0.07262959    0.00161728659 
    -0.072455835    0.00167213483 
     -0.07228208    0.00172900183 
    -0.072108325    0.00178788761 
     -0.07193457    0.00184879217 
    -0.071760815     0.0019117155 
     -0.07158706     0.0019766576 
    -0.071413305    0.00204223915 
     -0.07123955    0.00211174426 
    -0.071065795    0.00218378294 
     -0.07089204     0.0022583552 
    -0.070718285    0.00233546103 
     -0.07054453    0.00241510044 
    -0.070370775    0.00249727341 
     -0.07019702     0.0025803277 
    -0.070023265    0.00266835311 
     -0.06984951    0.00275955952 
    -0.069675755    0.00285394693 
       -0.069502    0.00295151534 
    -0.069328245    0.00305226476 
     -0.06915449    0.00315619517 
    -0.068980735    0.00326136232 
     -0.06880698    0.00337279883 
    -0.068633225    0.00348823026 
     -0.06845947    0.00360765663 
    -0.068285715    0.00373107792 
     -0.06811196    0.00385849415 
    -0.067938205    0.00398705336 
     -0.06776445    0.00412307197 
    -0.067590695    0.00426410851 
     -0.06741694    0.00441016298 
    -0.067243185    0.00456123538 
     -0.06706943    0.00471732572 
    -0.066895675    0.00487843398 
     -0.06672192    0.00504103147 
    -0.066548165    0.00521319404 
     -0.06637441    0.00539166013 
    -0.066200655    0.00557642973 
      -0.0660269    0.00576750283 
    -0.065853145    0.00596487945 
     -0.06567939    0.00616855958 
    -0.065505635     0.0063742379 
     -0.06533188    0.00659211774 
    -0.065158125    0.00681791646 
     -0.06498437    0.00705163407 
    -0.064810615    0.00729327055 
     -0.06463686    0.00754282592 
    -0.064463105    0.00780030016 
     -0.06428935    0.00806052051 
    -0.064115595    0.00833622738 
     -0.06394184    0.00862188273 
    -0.063768085    0.00891748655 
     -0.06359433    0.00922303884 
    -0.063420575    0.00953853961 
     -0.06324682    0.00986398885 
    -0.063073065     0.0101932795 
     -0.06289931     0.0105421298 
    -0.062725555     0.0109034783 
      -0.0625518     0.0112773252 
    -0.062378045     0.0116636704 
     -0.06220429      0.012062514 
    -0.062030535     0.0124649738 
     -0.06185678     0.0128906355 
    -0.061683025     0.0133319988 
     -0.06150927     0.0137890637 
    -0.061335515     0.0142618302 
     -0.06116176     0.0147502983 
    -0.060988005      0.015254468 
     -0.06081425     0.0157633171 
    -0.060640495     0.0163019612 
     -0.06046674     0.0168603306 
    -0.060292985     0.0174384254 
     -0.06011923     0.0180362456 
    -0.059945475     0.0186537912 
     -0.05977172     0.0192910622 
    -0.059597965     0.0199345724 
     -0.05942421     0.0206161361 
    -0.059250455     0.0213224793 
      -0.0590767     0.0220536019 
    -0.058902945     0.0228095039 
     -0.05872919     0.0235901854 
    -0.058555435     0.0243956462 
     -0.05838168     0.0252096361 
    -0.058207925     0.0260719742 
     -0.05803417     0.0269654391 
    -0.057860415     0.0278900308 
     -0.05768666     0.0288457493 
    -0.057512905     0.0298325945 
     -0.05733915     0.0308505665 
    -0.057165395     0.0318804198 
     -0.05699164     0.0329713899 
    -0.056817885     0.0341014572 
     -0.05664413     0.0352706217 
    -0.056470375     0.0364788834 
     -0.05629662     0.0377262422 
    -0.056122865     0.0389849309 
     -0.05594911     0.0403159202 
    -0.055775355     0.0416960132 
      -0.0556016     0.0431252097 
    -0.055427845     0.0446035098 
     -0.05525409     0.0461309135 
    -0.055080335     0.0477074208 
     -0.05490658     0.0492984943 
    -0.054732825      0.050982485 
     -0.05455907     0.0527281383 
    -0.054385315     0.0545354543 
     -0.05421156     0.0564044329 
    -0.054037805     0.0583350742 
     -0.05386405     0.0603273782 
    -0.053690295     0.0623389915 
     -0.05351654     0.0644693391 
    -0.053342785     0.0666771064 
     -0.05316903     0.0689622935 
    -0.052995275     0.0713249003 
     -0.05282152     0.0737649268 
    -0.052647765     0.0762823731 
     -0.05247401     0.0788260865 
    -0.052300255      0.081520694 
      -0.0521265     0.0843124807 
    -0.051952745     0.0872014466 
     -0.05177899     0.0901875916 
    -0.051605235     0.0932709159 
     -0.05143148     0.0964514193 
    -0.051257725     0.0996683657 
     -0.05108397      0.103076047 
    -0.050910215      0.106605669 
     -0.05073646      0.110257231 
    -0.050562705      0.114030734 
     -0.05038895      0.117926178 
    -0.050215195      0.121856706 
     -0.05004144      0.126012193 
    -0.049867685      0.130320621 
     -0.04969393      0.134781991 
    -0.049520175      0.139396302 
     -0.04934642      0.144163554 
    -0.049172665      0.149083748 
     -0.04899891      0.154048763 
    -0.048825155       0.15930265 
      -0.0486514      0.164748241 
    -0.048477645      0.170385538 
     -0.04830389      0.176214539 
    -0.048130135      0.182235245 
     -0.04795638      0.188447655 
    -0.047782625      0.194719122 
     -0.04760887      0.201359155 
    -0.047435115      0.208239278 
     -0.04726136      0.215359493 
    -0.047087605      0.222719798 
     -0.04691385      0.230320193 
    -0.046740095      0.238160679 
     -0.04656634      0.246081025 
    -0.046392585      0.254468597 
     -0.04621883      0.263156516 
    -0.046045075      0.272144781 
     -0.04587132      0.281433392 
    -0.045697565      0.291022349 
     -0.04552381      0.300911653 
    -0.045350055       0.31091105 
      -0.0451763      0.321498827 
    -0.045002545      0.332461748 
     -0.04482879      0.343799812 
    -0.044655035      0.355513019 
     -0.04448128       0.36760137 
    -0.044307525      0.379796695 
     -0.04413377      0.392681984 
    -0.043960015       0.40603486 
     -0.04378626      0.419855322 
    -0.043612505       0.43414337 
     -0.04343875      0.448899004 
    -0.043264995      0.464122224 
     -0.04309124      0.479481169 
    -0.042917485      0.495719356 
     -0.04274373        0.5125387 
    -0.042569975        0.5299392 
     -0.04239622      0.547920857 
    -0.042222465       0.56648367 
     -0.04204871       0.58562764 
    -0.041874955      0.604948984 
      -0.0417012      0.625379999 
    -0.041527445      0.646530559 
     -0.04135369      0.668400666 
    -0.041179935      0.690990318 
     -0.04100618      0.714299517 
    -0.040832425      0.738328261 
     -0.04065867      0.762594175 
    -0.040484915       0.78824561 
     -0.04031116      0.814783339 
    -0.040137405      0.842207365 
     -0.03996365      0.870517686 
    -0.039789895      0.899714302 
     -0.03961614      0.929797214 
    -0.039442385      0.960201586 
     -0.03926863      0.992314706 
    -0.039094875       1.02551196 
     -0.03892112       1.05979334 
    -0.038747365       1.09515885 
     -0.03857361       1.13160849 
    -0.038399855       1.16837895 
      -0.0382261       1.20711294 
    -0.038052345       1.24716079 
     -0.03787859       1.28852249 
    -0.037704835       1.33119805 
     -0.03753108       1.37518746 
    -0.037357325       1.42049073 
     -0.03718357       1.46619808 
    -0.037009815       1.51431321 
     -0.03683606       1.56400101 
    -0.036662305       1.61526147 
     -0.03648855        1.6680946 
    -0.036314795        1.7225004 
     -0.03614104       1.77847886 
    -0.035967285       1.83497174 
     -0.03579353        1.8943531 
    -0.035619775       1.95558629 
     -0.03544602       2.01867131 
    -0.035272265       2.08360817 
     -0.03509851       2.15039685 
    -0.034924755       2.21903736 
       -0.034751       2.28831988 
    -0.034577245       2.36098641 
     -0.03440349       2.43578695 
    -0.034229735       2.51272152 
     -0.03405598        2.5917901 
    -0.033882225        2.6729927 
     -0.03370847       2.75632932 
    -0.033534715       2.84040019 
     -0.03336096       2.92835972 
    -0.033187205       3.01871057 
     -0.03301345       3.11145275 
    -0.032839695       3.20658625 
     -0.03266594       3.30411108 
    -0.032492185       3.40402724 
     -0.03231843       3.50398227 
    -0.032144675       3.60900145 
     -0.03197092       3.71659833 
    -0.031797165       3.82677292 
     -0.03162341        3.9395252 
    -0.031449655       4.05485518 
      -0.0312759       4.16747337 
    -0.031102145       4.28808677 
     -0.03092839        4.4112611 
    -0.030754635       4.53699636 
     -0.03058088       4.66529256 
    -0.030407125        4.7961497 
     -0.03023337       4.92956776 
    -0.030059615       5.05737042 
     -0.02988586       5.19610252 
    -0.029712105       5.33734283 
     -0.02953835       5.48109137 
    -0.029364595       5.62734813 
     -0.02919084        5.7761131 
    -0.029017085        5.9273863 
     -0.02884333       6.08498817 
    -0.028669575        6.2401704 
     -0.02849582       6.39763027 
    -0.028322065        6.5453044 
     -0.02814831       6.70865184 
    -0.027974555       6.87530773 
      -0.0278008       7.04527206 
    -0.027627045       7.22655546 
     -0.02745329       7.40144529 
    -0.027279535       7.57868495 
     -0.02710578       7.76204894 
    -0.026932025       7.94079557 
     -0.02675827       8.11683243 
    -0.026584515       8.29965665 
     -0.02641076       8.48950355 
    -0.026237005       8.67654473 
     -0.02606325       8.86375698 
    -0.025889495       9.05198422 
     -0.02571574       9.24122428 
    -0.025541985       9.43100539 
     -0.02536823       9.62137428 
    -0.025194475       9.81275146 
     -0.02502072       10.0040865 
    -0.024846965       10.1962184 
     -0.02467321       10.3879949 
    -0.024499455        10.580344 
      -0.0243257       10.7720193 
    -0.024151945       10.9634572 
     -0.02397819       11.1550766 
    -0.023804435       11.3456478 
     -0.02363068       11.5361166 
    -0.023456925       11.7253374 
     -0.02328317        11.913819 
    -0.023109415       12.1016641 
     -0.02293566        12.288366 
    -0.022761905       12.4740628 
     -0.02258815       12.6590013 
    -0.022414395       12.8427371 
     -0.02224064       13.0255434 
    -0.022066885       13.2112385 
     -0.02189313       13.3898728 
    -0.021719375       13.5575733 
     -0.02154562       13.7271347 
    -0.021371865       13.8938937 
     -0.02119811       14.0508331 
    -0.021024355       14.2152403 
      -0.0208506       14.3794844 
    -0.020676845       14.5435655 
     -0.02050309       14.7215516 
    -0.020329335       14.8801536 
     -0.02015558       15.0334095 
    -0.019981825       15.1941904 
     -0.01980807       15.3376691 
    -0.019634315       15.4766633 
     -0.01946056       15.6111731 
    -0.019286805       15.7411984 
     -0.01911305       15.8667392 
    -0.018939295       15.9877956 
     -0.01876554       16.0374075 
    -0.018591785       16.1558708 
     -0.01841803       16.2726078 
    -0.018244275       16.3876186 
     -0.01807052       16.5009032 
    -0.017896765       16.6124615 
     -0.01772301       16.7222937 
    -0.017549255        16.862138 
      -0.0173755       16.9657121 
    -0.017201745       17.0663387 
     -0.01702799       17.1640176 
    -0.016854235       17.2587488 
     -0.01668048       17.3505324 
    -0.016506725       17.4362399 
     -0.01633297       17.5218992 
    -0.016159215       17.6048315 
     -0.01598546       17.6850368 
    -0.015811705       17.7625151 
     -0.01563795       17.8372664 
    -0.015464195       17.9092906 
     -0.01529044       17.9803786 
    -0.015116685        18.047264 
     -0.01494293       18.1117799 
    -0.014769175        18.173926 
     -0.01459542       18.2337025 
    -0.014421665       18.2911093 
     -0.01424791       18.3461465 
    -0.014074155       18.3984602 
      -0.0139004       18.4491291 
    -0.013726645        18.497787 
     -0.01355289        18.544434 
    -0.013379135       18.5890702 
     -0.01320538       18.6316954 
    -0.013031625       18.6723096 
     -0.01285787        18.710325 
    -0.012684115       18.7473671 
     -0.01251036       18.7827596 
    -0.012336605       18.8165026 
     -0.01216285       18.8485961 
    -0.011989095         18.87904 
     -0.01181534       18.9078343 
    -0.011641585       18.9343572 
     -0.01146783        18.960348 
    -0.011294075       18.9850298 
     -0.01112032       19.0084024 
    -0.010946565       19.0304659 
     -0.01077281       19.0512203 
    -0.010599055       19.0699111 
      -0.0104253       19.0882511 
    -0.010251545       19.1055873 
     -0.01007779       19.1219195 
    -0.009904035       19.1372479 
     -0.00973028       19.1515724 
    -0.009556525        19.164893 
     -0.00938277       19.1765466 
    -0.009209015       19.1880916 
     -0.00903526       19.1988963 
    -0.008861505       19.2089607 
     -0.00868775       19.2182848 
    -0.008513995       19.2268686 
     -0.00834024        19.234712 
    -0.008166485       19.2412708 
     -0.00799273       19.2478753 
    -0.007818975       19.2539602 
     -0.00764522       19.2595254 
    -0.007471465       19.2645708 
     -0.00729771       19.2690966 
    -0.007123955       19.2731027 
      -0.0069502       19.2761677 
    -0.006776445       19.2793699 
     -0.00660269        19.282232 
    -0.006428935        19.284754 
     -0.00625518       19.2869358 
    -0.006081425       19.2887774 
     -0.00590767       19.2902788 
    -0.005733915       19.2911329 
     -0.00556016       19.2921712 
    -0.005386405       19.2930112 
     -0.00521265       19.2936528 
    -0.005038895        19.294096 
     -0.00486514       19.2943408 
    -0.004691385       19.2940985 
     -0.00451763       19.2940284 
    -0.004343875       19.2938677 
     -0.00417012       19.2936165 
    -0.003996365       19.2932747 
     -0.00382261       19.2928425 
    -0.003648855       19.2923197 
      -0.0034751       19.2915026 
    -0.003301345       19.2908763 
     -0.00312759       19.2902368 
    -0.002953835       19.2895841 
     -0.00278008        19.288918 
    -0.002606325       19.2882387 
     -0.00243257        19.287546 
    -0.002258815       19.2857335 
     -0.00208506       19.2850481 
    -0.001911305       19.2844176 
     -0.00173755       19.2838419 
    -0.001563795        19.283321 
     -0.00139004       19.2828549 
    -0.001216285       19.2824437 
     -0.00104253       19.2823468 
    -0.000868775       19.2819659 
     -0.00069502       19.2816543 
    -0.000521265       19.2814119 
     -0.00034751       19.2812388 
    -0.000173755       19.2811349 
               0       19.2811003 
     0.000173755       19.2811349 
      0.00034751       19.2812388 
     0.000521265       19.2814119 
      0.00069502       19.2816543 
     0.000868775       19.2819659 
      0.00104253       19.2823468 
     0.001216285       19.2824437 
      0.00139004       19.2828549 
     0.001563795        19.283321 
      0.00173755       19.2838419 
     0.001911305       19.2844176 
      0.00208506       19.2850481 
     0.002258815       19.2857335 
      0.00243257        19.287546 
     0.002606325       19.2882387 
      0.00278008        19.288918 
     0.002953835       19.2895841 
      0.00312759       19.2902368 
     0.003301345       19.2908763 
       0.0034751       19.2915026 
     0.003648855       19.2923197 
      0.00382261       19.2928425 
     0.003996365       19.2932747 
      0.00417012       19.2936165 
     0.004343875       19.2938677 
      0.00451763       19.2940284 
     0.004691385       19.2940985 
      0.00486514       19.2943408 
     0.005038895        19.294096 
      0.00521265       19.2936528 
     0.005386405       19.2930112 
      0.00556016       19.2921712 
     0.005733915       19.2911329 
      0.00590767       19.2902788 
     0.006081425       19.2887774 
      0.00625518       19.2869358 
     0.006428935        19.284754 
      0.00660269        19.282232 
     0.006776445       19.2793699 
       0.0069502       19.2761677 
     0.007123955       19.2731027 
      0.00729771       19.2690966 
     0.007471465       19.2645708 
      0.00764522       19.2595254 
     0.007818975       19.2539602 
      0.00799273       19.2478753 
     0.008166485       19.2412708 
      0.00834024        19.234712 
     0.008513995       19.2268686 
      0.00868775       19.2182848 
     0.008861505       19.2089607 
      0.00903526       19.1988963 
     0.009209015       19.1880916 
      0.00938277       19.1765466 
     0.009556525        19.164893 
      0.00973028       19.1515724 
     0.009904035       19.1372479 
      0.01007779       19.1219195 
     0.010251545       19.1055873 
       0.0104253       19.0882511 
     0.010599055       19.0699111 
      0.01077281       19.0512203 
     0.010946565       19.0304659 
      0.01112032       19.0084024 
     0.011294075       18.9850298 
      0.01146783        18.960348 
     0.011641585       18.9343572 
      0.01181534       18.9078343 
     0.011989095         18.87904 
      0.01216285       18.8485961 
     0.012336605       18.8165026 
      0.01251036       18.7827596 
     0.012684115       18.7473671 
      0.01285787        18.710325 
     0.013031625       18.6723096 
      0.01320538       18.6316954 
     0.013379135       18.5890702 
      0.01355289        18.544434 
     0.013726645        18.497787 
       0.0139004       18.4491291 
     0.014074155       18.3984602 
      0.01424791       18.3461465 
     0.014421665       18.2911093 
      0.01459542       18.2337025 
     0.014769175        18.173926 
      0.01494293       18.1117799 
     0.015116685        18.047264 
      0.01529044       17.9803786 
     0.015464195       17.9092906 
      0.01563795       17.8372664 
     0.015811705       17.7625151 
      0.01598546       17.6850368 
     0.016159215       17.6048315 
      0.01633297       17.5218992 
     0.016506725       17.4362399 
      0.01668048       17.3505324 
     0.016854235       17.2587488 
      0.01702799       17.1640176 
     0.017201745       17.0663387 
       0.0173755       16.9657121 
     0.017549255        16.862138 
      0.01772301       16.7222937 
     0.017896765       16.6124615 
      0.01807052       16.5009032 
     0.018244275       16.3876186 
      0.01841803       16.2726078 
     0.018591785       16.1558708 
      0.01876554       16.0374075 
     0.018939295       15.9877956 
      0.01911305       15.8667392 
     0.019286805       15.7411984 
      0.01946056       15.6111731 
     0.019634315       15.4766633 
      0.01980807       15.3376691 
     0.019981825       15.1941904 
      0.02015558       15.0334095 
     0.020329335       14.8801536 
      0.02050309       14.7215516 
     0.020676845       14.5435655 
       0.0208506       14.3794844 
     0.021024355       14.2152403 
      0.02119811       14.0508331 
     0.021371865       13.8938937 
      0.02154562       13.7271347 
     0.021719375       13.5575733 
      0.02189313       13.3898728 
     0.022066885       13.2112385 
      0.02224064       13.0255434 
     0.022414395       12.8427371 
      0.02258815       12.6590013 
     0.022761905       12.4740628 
      0.02293566        12.288366 
     0.023109415       12.1016641 
      0.02328317        11.913819 
     0.023456925       11.7253374 
      0.02363068       11.5361166 
     0.023804435       11.3456478 
      0.02397819       11.1550766 
     0.024151945       10.9634572 
       0.0243257       10.7720193 
     0.024499455        10.580344 
      0.02467321       10.3879949 
     0.024846965       10.1962184 
      0.02502072       10.0040865 
     0.025194475       9.81275146 
      0.02536823       9.62137428 
     0.025541985       9.43100539 
      0.02571574       9.24122428 
     0.025889495       9.05198422 
      0.02606325       8.86375698 
     0.026237005       8.67654473 
      0.02641076       8.48950355 
     0.026584515       8.29965665 
      0.02675827       8.11683243 
     0.026932025       7.94079557 
      0.02710578       7.76204894 
     0.027279535       7.57868495 
      0.02745329       7.40144529 
     0.027627045       7.22655546 
       0.0278008       7.04527206 
     0.027974555       6.87530773 
      0.02814831       6.70865184 
     0.028322065        6.5453044 
      0.02849582       6.39763027 
     0.028669575        6.2401704 
      0.02884333       6.08498817 
     0.029017085        5.9273863 
      0.02919084        5.7761131 
     0.029364595       5.62734813 
      0.02953835       5.48109137 
     0.029712105       5.33734283 
      0.02988586       5.19610252 
     0.030059615       5.05737042 
      0.03023337       4.92956776 
     0.030407125        4.7961497 
      0.03058088       4.66529256 
     0.030754635       4.53699636 
      0.03092839        4.4112611 
     0.031102145       4.28808677 
       0.0312759       4.16747337 
     0.031449655       4.05485518 
      0.03162341        3.9395252 
     0.031797165       3.82677292 
      0.03197092       3.71659833 
     0.032144675       3.60900145 
      0.03231843       3.50398227 
     0.032492185       3.40402724 
      0.03266594       3.30411108 
     0.032839695       3.20658625 
      0.03301345       3.11145275 
     0.033187205       3.01871057 
      0.03336096       2.92835972 
     0.033534715       2.84040019 
      0.03370847       2.75632932 
     0.033882225        2.6729927 
      0.03405598        2.5917901 
     0.034229735       2.51272152 
      0.03440349       2.43578695 
     0.034577245       2.36098641 
        0.034751       2.28831988 
     0.034924755       2.21903736 
      0.03509851       2.15039685 
     0.035272265       2.08360817 
      0.03544602       2.01867131 
     0.035619775       1.95558629 
      0.03579353        1.8943531 
     0.035967285       1.83497174 
      0.03614104       1.77847886 
     0.036314795        1.7225004 
      0.03648855        1.6680946 
     0.036662305       1.61526147 
      0.03683606       1.56400101 
     0.037009815       1.51431321 
      0.03718357       1.46619808 
     0.037357325       1.42049073 
      0.03753108       1.37518746 
     0.037704835       1.33119805 
      0.03787859       1.28852249 
     0.038052345       1.24716079 
       0.0382261       1.20711294 
     0.038399855       1.16837895 
      0.03857361       1.13160849 
     0.038747365       1.09515885 
      0.03892112       1.05979334 
     0.039094875       1.02551196 
      0.03926863      0.992314706 
     0.039442385      0.960201586 
      0.03961614      0.929797214 
     0.039789895      0.899714302 
      0.03996365      0.870517686 
     0.040137405      0.842207365 
      0.04031116      0.814783339 
     0.040484915       0.78824561 
      0.04065867      0.762594175 
     0.040832425      0.738328261 
      0.04100618      0.714299517 
     0.041179935      0.690990318 
      0.04135369      0.668400666 
     0.041527445      0.646530559 
       0.0417012      0.625379999 
     0.041874955      0.604948984 
      0.04204871       0.58562764 
     0.042222465       0.56648367 
      0.04239622      0.547920857 
     0.042569975        0.5299392 
      0.04274373        0.5125387 
     0.042917485      0.495719356 
      0.04309124      0.479481169 
     0.043264995      0.464122224 
      0.04343875      0.448899004 
     0.043612505       0.43414337 
      0.04378626      0.419855322 
     0.043960015       0.40603486 
      0.04413377      0.392681984 
     0.044307525      0.379796695 
      0.04448128       0.36760137 
     0.044655035      0.355513019 
      0.04482879      0.343799812 
     0.045002545      0.332461748 
       0.0451763      0.321498827 
     0.045350055       0.31091105 
      0.04552381      0.300911653 
     0.045697565      0.291022349 
      0.04587132      0.281433392 
     0.046045075      0.272144781 
      0.04621883      0.263156516 
     0.046392585      0.254468597 
      0.04656634      0.246081025 
     0.046740095      0.238160679 
      0.04691385      0.230320193 
     0.047087605      0.222719798 
      0.04726136      0.215359493 
     0.047435115      0.208239278 
      0.04760887      0.201359155 
     0.047782625      0.194719122 
      0.04795638      0.188447655 
     0.048130135      0.182235245 
      0.04830389      0.176214539 
     0.048477645      0.170385538 
       0.0486514      0.164748241 
     0.048825155       0.15930265 
      0.04899891      0.154048763 
     0.049172665      0.149083748 
      0.04934642      0.144163554 
     0.049520175      0.139396302 
      0.04969393      0.134781991 
     0.049867685      0.130320621 
      0.05004144      0.126012193 
     0.050215195      0.121856706 
      0.05038895      0.117926178 
     0.050562705      0.114030734 
      0.05073646      0.110257231 
     0.050910215      0.106605669 
      0.05108397      0.103076047 
     0.051257725     0.0996683657 
      0.05143148     0.0964514193 
     0.051605235     0.0932709159 
      0.05177899     0.0901875916 
     0.051952745     0.0872014466 
       0.0521265     0.0843124807 
     0.052300255      0.081520694 
      0.05247401     0.0788260865 
     0.052647765     0.0762823731 
      0.05282152     0.0737649268 
     0.052995275     0.0713249003 
      0.05316903     0.0689622935 
     0.053342785     0.0666771064 
      0.05351654     0.0644693391 
     0.053690295     0.0623389915 
      0.05386405     0.0603273782 
     0.054037805     0.0583350742 
      0.05421156     0.0564044329 
     0.054385315     0.0545354543 
      0.05455907     0.0527281383 
     0.054732825      0.050982485 
      0.05490658     0.0492984943 
     0.055080335     0.0477074208 
      0.05525409     0.0461309135 
     0.055427845     0.0446035098 
       0.0556016     0.0431252097 
     0.055775355     0.0416960132 
      0.05594911     0.0403159202 
     0.056122865     0.0389849309 
      0.05629662     0.0377262422 
     0.056470375     0.0364788834 
      0.05664413     0.0352706217 
     0.056817885     0.0341014572 
      0.05699164     0.0329713899 
     0.057165395     0.0318804198 
      0.05733915     0.0308505665 
     0.057512905     0.0298325945 
      0.05768666     0.0288457493 
     0.057860415     0.0278900308 
      0.05803417     0.0269654391 
     0.058207925     0.0260719742 
      0.05838168     0.0252096361 
     0.058555435     0.0243956462 
      0.05872919     0.0235901854 
     0.058902945     0.0228095039 
       0.0590767     0.0220536019 
     0.059250455     0.0213224793 
      0.05942421     0.0206161361 
     0.059597965     0.0199345724 
      0.05977172     0.0192910622 
     0.059945475     0.0186537912 
      0.06011923     0.0180362456 
     0.060292985     0.0174384254 
      0.06046674     0.0168603306 
     0.060640495     0.0163019612 
      0.06081425     0.0157633171 
     0.060988005      0.015254468 
      0.06116176     0.0147502983 
     0.061335515     0.0142618302 
      0.06150927     0.0137890637 
     0.061683025     0.0133319988 
      0.06185678     0.0128906355 
     0.062030535     0.0124649738 
      0.06220429      0.012062514 
     0.062378045     0.0116636704 
       0.0625518     0.0112773252 
     0.062725555     0.0109034783 
      0.06289931     0.0105421298 
     0.063073065     0.0101932795 
      0.06324682    0.00986398885 
     0.063420575    0.00953853961 
      0.06359433    0.00922303884 
     0.063768085    0.00891748655 
      0.06394184    0.00862188273 
     0.064115595    0.00833622738 
      0.06428935    0.00806052051 
     0.064463105    0.00780030016 
      0.06463686    0.00754282592 
     0.064810615    0.00729327055 
      0.06498437    0.00705163407 
     0.065158125    0.00681791646 
      0.06533188    0.00659211774 
     0.065505635     0.0063742379 
      0.06567939    0.00616855958 
     0.065853145    0.00596487945 
       0.0660269    0.00576750283 
     0.066200655    0.00557642973 
      0.06637441    0.00539166013 
     0.066548165    0.00521319404 
      0.06672192    0.00504103147 
     0.066895675    0.00487843398 
      0.06706943    0.00471732572 
     0.067243185    0.00456123538 
      0.06741694    0.00441016298 
     0.067590695    0.00426410851 
      0.06776445    0.00412307197 
     0.067938205    0.00398705336 
      0.06811196    0.00385849415 
     0.068285715    0.00373107792 
      0.06845947    0.00360765663 
     0.068633225    0.00348823026 
      0.06880698    0.00337279883 
     0.068980735    0.00326136232 
      0.06915449    0.00315619517 
     0.069328245    0.00305226476 
        0.069502    0.00295151534 
     0.069675755    0.00285394693 
      0.06984951    0.00275955952 
     0.070023265    0.00266835311 
      0.07019702     0.0025803277 
     0.070370775    0.00249727341 
      0.07054453    0.00241510044 
     0.070718285    0.00233546103 
      0.07089204     0.0022583552 
     0.071065795    0.00218378294 
      0.07123955    0.00211174426 
     0.071413305    0.00204223915 
      0.07158706     0.0019766576 
     0.071760815     0.0019117155 
      0.07193457    0.00184879217 
     0.072108325    0.00178788761 
      0.07228208    0.00172900183 
     0.072455835    0.00167213483 
      0.07262959    0.00161728659 
     0.072803345    0.00156552099 
       0.0729771    0.00151423126 
     0.073150855    0.00146455121 
      0.07332461    0.00141648083 
     0.073498365    0.00137002012 
      0.07367212    0.00132516908 
     0.073845875     0.0012819277 
      0.07401963    0.00124109738 
     0.074193385    0.00120063298 
      0.07436714    0.00116145343 
     0.074540895    0.00112355873 
      0.07471465    0.00108694889 
     0.074888405     0.0010516239 
      0.07506216    0.00101831876 
     0.075235915   0.000985421321 
      0.07540967   0.000953551202 
     0.075583425   0.000922708405 
      0.07575718   0.000892892931 
     0.075930935   0.000864104781 
      0.07610469   0.000836343953 
     0.076278445   0.000810190908 
       0.0764522   0.000784333766 
     0.076625955   0.000759300224 
      0.07679971   0.000735090281 
     0.076973465   0.000711703937 
      0.07714722   0.000689141193 
     0.077320975   0.000667402047 
      0.07749473   0.000646939483 
     0.077668485   0.000626698431 
      0.07784224   0.000607120393 
     0.078015995   0.000588205372 
      0.07818975   0.000569953365 
     0.078363505   0.000552364374 
      0.07853726   0.000535438398 
     0.078711015   0.000519525663 
      0.07888477   0.000503785516 
     0.079058525   0.000488582526 
      0.07923228   0.000473916693 
     0.079406035   0.000459788015 
      0.07957979   0.000446196495 
     0.079753545   0.000433142131 
       0.0799273   0.000420895802 
     0.080101055   0.000408789069 
      0.08027481   0.000397121747 
     0.080448565   0.000385893836 
      0.08062232   0.000375105337 
     0.080796075   0.000364756248 
      0.08096983   0.000355099336 
     0.081143585   0.000345593812 
      0.08131734    0.00033645288 
     0.081491095   0.000327676538 
      0.08166485   0.000319264787 
     0.081838605   0.000311217627 
      0.08201236   0.000303535058 
     0.082186115   0.000296450874 
      0.08235987   0.000289462527 
     0.082533625   0.000282782496 
      0.08270738   0.000276410783 
     0.082881135   0.000270347386 
      0.08305489   0.000264592306 
     0.083228645   0.000259145543 
       0.0834024   0.000255153114 
     0.083576155   0.000250354444 
      0.08374991   0.000245801859 
     0.083923665    0.00024149536 
      0.08409742   0.000237434947 
     0.084271175   0.000233620619 
      0.08444493   0.000230052377 
     0.084618685   0.000225877627 
      0.08479244   0.000222798273 
     0.084966195   0.000219965267 
      0.08513995   0.000217378609 
     0.085313705   0.000215038299 
      0.08548746   0.000212944338 
     0.085661215   0.000211096726 
      0.08583497   0.000208978325 
     0.086008725   0.000207544962 
      0.08618248   0.000206372211 
     0.086356235    0.00020546007 
      0.08652999   0.000204808542 
     0.086703745   0.000204417625 
       0.0868775   0.000204287319 
