      -0.1005635   3.56582739e-05 
    -0.100362373   3.56887426e-05 
    -0.100161246   3.57801485e-05 
    -0.099960119   3.59324917e-05 
    -0.099758992   3.61457722e-05 
    -0.099557865   3.64199901e-05 
    -0.099356738    3.6829799e-05 
    -0.099155611   3.72042399e-05 
    -0.098954484   3.76362871e-05 
    -0.098753357   3.81259405e-05 
     -0.09855223   3.86732003e-05 
    -0.098351103   3.92780664e-05 
    -0.098149976   4.00882899e-05 
    -0.097948849   4.08075923e-05 
    -0.097747722   4.15844388e-05 
    -0.097546595   4.24188296e-05 
    -0.097345468   4.33107645e-05 
    -0.097144341   4.42602437e-05 
    -0.096943214   4.50811389e-05 
    -0.096742087   4.61762759e-05 
     -0.09654096   4.73434834e-05 
    -0.096339833   4.85827614e-05 
    -0.096138706   4.98941098e-05 
    -0.095937579   5.12775288e-05 
    -0.095736452   5.26946072e-05 
    -0.095535325   5.42364791e-05 
    -0.095334198   5.58635562e-05 
    -0.095133071   5.75758385e-05 
    -0.094931944   5.93733262e-05 
    -0.094730817    6.1256019e-05 
     -0.09452969   6.31840298e-05 
    -0.094328563   6.52576836e-05 
    -0.094127436   6.74340041e-05 
    -0.093926309   6.97129911e-05 
    -0.093725182   7.20946447e-05 
    -0.093524055   7.45789649e-05 
    -0.093322928   7.71206163e-05 
    -0.093121801   7.98395994e-05 
    -0.092920674   8.26840575e-05 
    -0.092719547   8.56539906e-05 
     -0.09251842   8.87493988e-05 
    -0.092317293   9.19702819e-05 
    -0.092116166   9.52636857e-05 
    -0.091915039   9.87766541e-05 
    -0.091713912   0.000102444462 
    -0.091512785   0.000106267108 
    -0.091311658   0.000110244594 
    -0.091110531    0.00011429581 
    -0.090909404   0.000118602405 
    -0.090708277   0.000123101299 
     -0.09050715   0.000127792492 
    -0.090306023   0.000132675983 
    -0.090104896   0.000137751774 
    -0.089903769   0.000142918652 
    -0.089702642   0.000148409373 
    -0.089501515   0.000154139907 
    -0.089300388   0.000160110255 
    -0.089099261   0.000166320417 
    -0.088898134   0.000172770393 
    -0.088697007   0.000179334741 
     -0.08849588   0.000186309943 
    -0.088294753   0.000193585013 
    -0.088093626   0.000201159951 
    -0.087892499   0.000209034756 
    -0.087691372    0.00021720943 
    -0.087490245   0.000225529698 
    -0.087289118   0.000234370838 
    -0.087087991   0.000243587578 
    -0.086886864   0.000253179917 
    -0.086685737   0.000263147856 
     -0.08648461   0.000273491394 
    -0.086283483    0.00028402238 
    -0.086082356   0.000295212841 
    -0.085881229   0.000306874267 
    -0.085680102   0.000319006659 
    -0.085478975   0.000331610016 
    -0.085277848   0.000344684339 
    -0.085076721   0.000358002238 
    -0.084875594   0.000372153706 
    -0.084674467   0.000386896124 
     -0.08447334   0.000402229489 
    -0.084272213   0.000418153803 
    -0.084071086   0.000434669066 
    -0.083869959   0.000451503232 
    -0.083668832   0.000469389074 
    -0.083467705   0.000488016733 
    -0.083266578   0.000507386209 
    -0.083065451   0.000527497501 
    -0.082864324    0.00054835061 
    -0.082663197   0.000569623805 
     -0.08246207   0.000592221248 
    -0.082260943   0.000615750142 
    -0.082059816   0.000640210488 
    -0.081858689   0.000665602286 
    -0.081657562   0.000691431224 
    -0.081456435   0.000718804888 
    -0.081255308   0.000747348311 
    -0.081054181   0.000777061493 
    -0.080853054   0.000807944435 
    -0.080651927   0.000839997136 
      -0.0804508    0.00087260207 
    -0.080249673   0.000907181115 
    -0.080048546   0.000943229349 
    -0.079847419   0.000980746771 
    -0.079646292    0.00101973338 
    -0.079445165    0.00106018918 
    -0.079244038    0.00110134846 
    -0.079042911    0.00114502437 
    -0.078841784    0.00119054567 
    -0.078640657    0.00123791234 
     -0.07843953    0.00128712439 
    -0.078238403    0.00133818182 
    -0.078037276    0.00139014258 
    -0.077836149    0.00144530389 
    -0.077635022    0.00150278317 
    -0.077433895    0.00156258044 
    -0.077232768    0.00162469568 
    -0.077031641     0.0016891289 
    -0.076830514    0.00175473074 
    -0.076629387    0.00182439334 
     -0.07642826     0.0018969676 
    -0.076227133    0.00197245354 
    -0.076026006    0.00205085114 
    -0.075824879    0.00213216042 
    -0.075623752    0.00221499185 
    -0.075422625    0.00230296356 
    -0.075221498    0.00239459272 
    -0.075020371    0.00248987934 
    -0.074819244    0.00258882342 
    -0.074618117    0.00269142495 
     -0.07441699    0.00279602121 
    -0.074215863    0.00290710945 
    -0.074014736    0.00302279198 
    -0.073813609    0.00314306879 
    -0.073612482    0.00326793989 
    -0.073411355    0.00339740527 
    -0.073210228    0.00352949854 
    -0.073009101    0.00366977248 
    -0.072807974    0.00381581749 
    -0.072606847    0.00396763356 
     -0.07240572    0.00412522069 
    -0.072204593    0.00428554257 
    -0.072003466    0.00445541472 
    -0.071802339    0.00463253609 
    -0.071601212    0.00481690667 
    -0.071400085    0.00500852647 
    -0.071198958    0.00520739548 
    -0.070997831    0.00540971674 
    -0.070796704    0.00562425135 
    -0.070595577    0.00584789185 
     -0.07039445    0.00608063824 
    -0.070193323    0.00632249052 
    -0.069992196    0.00657344868 
    -0.069791069    0.00682880118 
    -0.069589942     0.0070997313 
    -0.069388815    0.00738209937 
    -0.069187688    0.00767590538 
    -0.068986561    0.00798114934 
    -0.068785434    0.00829783125 
    -0.068584307    0.00862015155 
     -0.06838318    0.00896228984 
    -0.068182053    0.00931879515 
    -0.067980926    0.00968966745 
    -0.067779799     0.0100749068 
    -0.067578672     0.0104745131 
    -0.067377545     0.0108814085 
    -0.067176418     0.0113134544 
    -0.066975291      0.011763546 
    -0.066774164     0.0122316834 
    -0.066573037     0.0127178665 
     -0.06637191     0.0132220953 
    -0.066170783     0.0137358121 
    -0.065969656     0.0142813698 
    -0.065768529     0.0148495933 
    -0.065567402     0.0154404824 
    -0.065366275     0.0160540373 
    -0.065165148     0.0166902578 
    -0.064964021     0.0173389044 
    -0.064762894     0.0180277669 
    -0.064561767     0.0187450967 
     -0.06436064     0.0194908937 
    -0.064159513      0.020265158 
    -0.063958386     0.0210678896 
    -0.063757259     0.0218869818 
    -0.063556132     0.0227567487 
    -0.063355005     0.0236622674 
    -0.063153878      0.024603538 
    -0.062952751     0.0255805605 
    -0.062751624     0.0265745278 
    -0.062550497      0.027627747 
     -0.06234937     0.0287258633 
    -0.062148243     0.0298688768 
    -0.061947116     0.0310567873 
    -0.061745989     0.0322895951 
    -0.061544862     0.0335437815 
    -0.061343735     0.0348737277 
    -0.061142608     0.0362600501 
    -0.060941481     0.0377027485 
    -0.060740354      0.039201823 
    -0.060539227     0.0407572737 
      -0.0603381     0.0423399214 
    -0.060136973     0.0440191651 
    -0.059935846     0.0457691891 
    -0.059734719     0.0475899933 
    -0.059533592     0.0494815778 
    -0.059332465     0.0514439427 
    -0.059131338     0.0534411816 
    -0.058930211     0.0555612469 
    -0.058729084     0.0577701606 
    -0.058527957     0.0600679225 
     -0.05832683     0.0624545329 
    -0.058125703     0.0649299916 
    -0.057924576     0.0674504986 
    -0.057723449     0.0701267628 
    -0.057522322     0.0729145279 
    -0.057321195     0.0758137936 
    -0.057120068     0.0788245602 
    -0.056918941     0.0819468275 
    -0.056717814     0.0851276714 
    -0.056516687     0.0885054957 
     -0.05631556     0.0920232012 
    -0.056114433     0.0956807878 
    -0.055913306     0.0994782555 
    -0.055712179      0.103415604 
    -0.055511052      0.107429558 
    -0.055309925      0.111691932 
    -0.055108798      0.116129712 
    -0.054907671      0.120742895 
    -0.054706544      0.125531483 
    -0.054505417      0.130495476 
     -0.05430429      0.135560124 
    -0.054103163      0.140937158 
    -0.053902036      0.146534004 
    -0.053700909      0.152350662 
    -0.053499782      0.158387132 
    -0.053298655      0.164527036 
    -0.053097528      0.171032434 
    -0.052896401      0.177813061 
    -0.052695274      0.184868917 
    -0.052494147      0.192200002 
     -0.05229302      0.199806315 
    -0.052091893      0.207542814 
    -0.051890766      0.215744873 
    -0.051689639      0.224291153 
    -0.051488512      0.233181654 
    -0.051287385      0.242416376 
    -0.051086258      0.251995319 
    -0.050885131      0.261739344 
    -0.050684004       0.27207388 
    -0.050482877      0.282838254 
     -0.05028175      0.294032466 
    -0.050080623      0.305656515 
    -0.049879496      0.317710402 
    -0.049678369      0.329975008 
    -0.049477242      0.342985103 
    -0.049276115      0.356530816 
    -0.049074988      0.370612146 
    -0.048873861      0.385229094 
    -0.048672734       0.40038166 
    -0.048471607      0.415804642 
     -0.04827048      0.432163718 
    -0.048069353      0.449188318 
    -0.047868226      0.466878443 
    -0.047667099      0.485234092 
    -0.047465972      0.504255265 
    -0.047264845       0.52362473 
    -0.047063718      0.544162193 
    -0.046862591      0.565523407 
    -0.046661464      0.587708373 
    -0.046460337       0.61071709 
     -0.04625921      0.634549559 
    -0.046058083      0.658831233 
    -0.045856956      0.684559115 
    -0.045655829      0.711301303 
    -0.045454702      0.739057796 
    -0.045253575      0.767828594 
    -0.045052448      0.797613697 
    -0.044851321      0.827977224 
    -0.044650194      0.860114586 
    -0.044449067      0.893492185 
     -0.04424794      0.928110021 
    -0.044046813      0.963968094 
    -0.043845686       1.00041854 
    -0.043644559       1.03890539 
    -0.043443432       1.07889462 
    -0.043242305       1.12038622 
    -0.043041178       1.16338019 
    -0.042840051       1.20787653 
    -0.042638924        1.2531039 
    -0.042437797       1.30081198 
     -0.04223667       1.35031743 
    -0.042035543       1.40162026 
    -0.041834416       1.45472046 
    -0.041633289       1.50961804 
    -0.041432162       1.56541252 
    -0.041231035       1.62417229 
    -0.041029908       1.68504714 
    -0.040828781       1.74803706 
    -0.040627654       1.81314206 
    -0.040426527       1.88036213 
      -0.0402254       1.94866079 
    -0.040024273         2.020428 
    -0.039823146       2.09463064 
    -0.039622019       2.17126869 
    -0.039420892       2.25034217 
    -0.039219765       2.33185107 
    -0.039018638       2.41458772 
    -0.038817511       2.50130258 
    -0.038616384       2.59074366 
    -0.038415257       2.68291094 
     -0.03821413       2.77780444 
    -0.038013003       2.87542415 
    -0.037811876       2.97374735 
    -0.037610749        3.0771126 
    -0.037409622       3.18341244 
    -0.037208495       3.29264686 
    -0.037007368       3.40481588 
    -0.036806241       3.51991948 
    -0.036605114       3.63358516 
    -0.036403987       3.75466229 
     -0.03620286       3.87864986 
    -0.036001733       4.00554786 
    -0.035800606       4.13535631 
    -0.035599479        4.2680752 
    -0.035398352       4.39679276 
    -0.035197225       4.53547446 
    -0.034996098       4.67700292 
    -0.034794971       4.82137815 
    -0.034593844       4.96860013 
    -0.034392717       5.12241367 
     -0.03419159       5.27428818 
    -0.033990463       5.42872843 
    -0.033789336       5.57539662 
    -0.033588209       5.73634644 
    -0.033387082       5.90103366 
    -0.033185955       6.07668172 
    -0.032984828       6.24760444 
    -0.032783701       6.42116866 
    -0.032582574       6.60071807 
    -0.032381447       6.77637949 
     -0.03218032       6.95026727 
    -0.031979193       7.13494149 
    -0.031778066       7.31692587 
    -0.031576939       7.50109276 
    -0.031375812       7.68557131 
    -0.031174685       7.87114739 
    -0.030973558       8.05733267 
    -0.030772431       8.24412695 
    -0.030571304       8.43181432 
    -0.030370177       8.61941789 
     -0.03016905       8.80715069 
    -0.029967923       8.99532662 
    -0.029766796       9.18279411 
    -0.029565669        9.3698695 
    -0.029364542       9.55637389 
    -0.029163415       9.74259799 
    -0.028962288       9.92747241 
    -0.028761161       10.1113684 
    -0.028560034       10.2943441 
    -0.028358907       10.4758947 
     -0.02815778        10.656426 
    -0.027956653        10.835352 
    -0.027755526       11.0131914 
    -0.027554399       11.1929666 
    -0.027353272       11.3663207 
    -0.027152145       11.5288699 
    -0.026951018       11.6921032 
    -0.026749891       11.8520294 
    -0.026548764       12.0045734 
    -0.026347637       12.1629503 
     -0.02614651       12.3209931 
    -0.025945383       12.4911244 
    -0.025744256       12.6422757 
    -0.025543129       12.7870969 
    -0.025342002       12.9352024 
    -0.025140875       13.0687658 
    -0.024939748       13.1971597 
    -0.024738621       13.3203841 
    -0.024537494       13.4384389 
    -0.024336367       13.5513242 
     -0.02413524       13.6026026 
    -0.023934113       13.7123871 
    -0.023732986       13.8200403 
    -0.023531859       13.9255621 
    -0.023330732       14.0289527 
    -0.023129605       14.1302118 
    -0.022928478       14.2570994 
    -0.022727351       14.3511896 
    -0.022526224       14.4417983 
    -0.022325097       14.5289256 
     -0.02212397       14.6125714 
    -0.021922843       14.6927358 
    -0.021721716       14.7663712 
    -0.021520589       14.8395875 
    -0.021319462       14.9095993 
    -0.021118335       14.9764066 
    -0.020917208       15.0400094 
    -0.020716081       15.1004077 
    -0.020514954        15.159114 
    -0.020313827       15.2136828 
      -0.0201127       15.2654836 
    -0.019911573       15.3145165 
    -0.019710446       15.3607814 
    -0.019509319       15.4042785 
    -0.019308192       15.4445721 
    -0.019107065       15.4830742 
    -0.018905938       15.5192466 
    -0.018704811       15.5530893 
    -0.018503684       15.5846023 
    -0.018302557       15.6137857 
     -0.01810143       15.6399521 
    -0.017900303       15.6649966 
    -0.017699176        15.688149 
    -0.017498049       15.7094093 
    -0.017296922       15.7287777 
    -0.017095795        15.746254 
    -0.016894668       15.7610778 
    -0.016693541       15.7752389 
    -0.016492414       15.7879171 
    -0.016291287       15.7991125 
     -0.01609016       15.8088249 
    -0.015889033       15.8170545 
    -0.015687906       15.8230636 
    -0.015486779       15.8287296 
    -0.015285652       15.8332773 
    -0.015084525       15.8367068 
    -0.014883398        15.839018 
    -0.014682271       15.8402109 
    -0.014481144       15.8396215 
    -0.014280017       15.8389108 
     -0.01407889       15.8373955 
    -0.013877763       15.8350756 
    -0.013676636       15.8319512 
    -0.013475509       15.8280223 
    -0.013274382       15.8227165 
    -0.013073255       15.8174463 
    -0.012872128       15.8116344 
    -0.012671001       15.8052808 
    -0.012469874       15.7983853 
    -0.012268747       15.7909481 
     -0.01206762       15.7824901 
    -0.011866493       15.7741803 
    -0.011665366       15.7655441 
    -0.011464239       15.7565817 
    -0.011263112        15.747293 
    -0.011061985        15.737678 
    -0.010860858       15.7273444 
    -0.010659731       15.7172399 
    -0.010458604       15.7069828 
    -0.010257477       15.6965731 
     -0.01005635       15.6860109 
    -0.009855223       15.6752961 
    -0.009654096       15.6641126 
    -0.009452969       15.6532167 
    -0.009251842       15.6423062 
    -0.009050715       15.6313812 
    -0.008849588       15.6204415 
    -0.008648461       15.6094873 
    -0.008447334       15.5982673 
    -0.008246207       15.5873769 
     -0.00804508         15.57658 
    -0.007843953       15.5658767 
    -0.007642826       15.5552669 
    -0.007441699       15.5447507 
    -0.007240572       15.5341306 
    -0.007039445       15.5238701 
    -0.006838318       15.5137867 
    -0.006637191       15.5038803 
    -0.006436064        15.494151 
    -0.006234937       15.4845986 
     -0.00603381       15.4750692 
    -0.005832683       15.4659209 
    -0.005631556       15.4570129 
    -0.005430429       15.4483453 
    -0.005229302        15.439918 
    -0.005028175       15.4317311 
    -0.004827048       15.4236657 
    -0.004625921       15.4159949 
    -0.004424794       15.4086114 
    -0.004223667       15.4015149 
     -0.00402254       15.3947056 
    -0.003821413       15.3881835 
    -0.003620286       15.3818389 
    -0.003419159       15.3759157 
    -0.003218032        15.370312 
    -0.003016905       15.3650279 
    -0.002815778       15.3600634 
    -0.002614651       15.3554184 
    -0.002413524       15.3498909 
    -0.002212397       15.3458674 
     -0.00201127       15.3421938 
    -0.001810143         15.33887 
    -0.001609016       15.3358962 
    -0.001407889       15.3332722 
    -0.001206762       15.3307601 
    -0.001005635       15.3286944 
    -0.000804508       15.3270043 
    -0.000603381       15.3256897 
    -0.000402254       15.3247508 
    -0.000201127       15.3241874 
               0       15.3239996 
     0.000201127       15.3241874 
     0.000402254       15.3247508 
     0.000603381       15.3256897 
     0.000804508       15.3270043 
     0.001005635       15.3286944 
     0.001206762       15.3307601 
     0.001407889       15.3332722 
     0.001609016       15.3358962 
     0.001810143         15.33887 
      0.00201127       15.3421938 
     0.002212397       15.3458674 
     0.002413524       15.3498909 
     0.002614651       15.3554184 
     0.002815778       15.3600634 
     0.003016905       15.3650279 
     0.003218032        15.370312 
     0.003419159       15.3759157 
     0.003620286       15.3818389 
     0.003821413       15.3881835 
      0.00402254       15.3947056 
     0.004223667       15.4015149 
     0.004424794       15.4086114 
     0.004625921       15.4159949 
     0.004827048       15.4236657 
     0.005028175       15.4317311 
     0.005229302        15.439918 
     0.005430429       15.4483453 
     0.005631556       15.4570129 
     0.005832683       15.4659209 
      0.00603381       15.4750692 
     0.006234937       15.4845986 
     0.006436064        15.494151 
     0.006637191       15.5038803 
     0.006838318       15.5137867 
     0.007039445       15.5238701 
     0.007240572       15.5341306 
     0.007441699       15.5447507 
     0.007642826       15.5552669 
     0.007843953       15.5658767 
      0.00804508         15.57658 
     0.008246207       15.5873769 
     0.008447334       15.5982673 
     0.008648461       15.6094873 
     0.008849588       15.6204415 
     0.009050715       15.6313812 
     0.009251842       15.6423062 
     0.009452969       15.6532167 
     0.009654096       15.6641126 
     0.009855223       15.6752961 
      0.01005635       15.6860109 
     0.010257477       15.6965731 
     0.010458604       15.7069828 
     0.010659731       15.7172399 
     0.010860858       15.7273444 
     0.011061985        15.737678 
     0.011263112        15.747293 
     0.011464239       15.7565817 
     0.011665366       15.7655441 
     0.011866493       15.7741803 
      0.01206762       15.7824901 
     0.012268747       15.7909481 
     0.012469874       15.7983853 
     0.012671001       15.8052808 
     0.012872128       15.8116344 
     0.013073255       15.8174463 
     0.013274382       15.8227165 
     0.013475509       15.8280223 
     0.013676636       15.8319512 
     0.013877763       15.8350756 
      0.01407889       15.8373955 
     0.014280017       15.8389108 
     0.014481144       15.8396215 
     0.014682271       15.8402109 
     0.014883398        15.839018 
     0.015084525       15.8367068 
     0.015285652       15.8332773 
     0.015486779       15.8287296 
     0.015687906       15.8230636 
     0.015889033       15.8170545 
      0.01609016       15.8088249 
     0.016291287       15.7991125 
     0.016492414       15.7879171 
     0.016693541       15.7752389 
     0.016894668       15.7610778 
     0.017095795        15.746254 
     0.017296922       15.7287777 
     0.017498049       15.7094093 
     0.017699176        15.688149 
     0.017900303       15.6649966 
      0.01810143       15.6399521 
     0.018302557       15.6137857 
     0.018503684       15.5846023 
     0.018704811       15.5530893 
     0.018905938       15.5192466 
     0.019107065       15.4830742 
     0.019308192       15.4445721 
     0.019509319       15.4042785 
     0.019710446       15.3607814 
     0.019911573       15.3145165 
       0.0201127       15.2654836 
     0.020313827       15.2136828 
     0.020514954        15.159114 
     0.020716081       15.1004077 
     0.020917208       15.0400094 
     0.021118335       14.9764066 
     0.021319462       14.9095993 
     0.021520589       14.8395875 
     0.021721716       14.7663712 
     0.021922843       14.6927358 
      0.02212397       14.6125714 
     0.022325097       14.5289256 
     0.022526224       14.4417983 
     0.022727351       14.3511896 
     0.022928478       14.2570994 
     0.023129605       14.1302118 
     0.023330732       14.0289527 
     0.023531859       13.9255621 
     0.023732986       13.8200403 
     0.023934113       13.7123871 
      0.02413524       13.6026026 
     0.024336367       13.5513242 
     0.024537494       13.4384389 
     0.024738621       13.3203841 
     0.024939748       13.1971597 
     0.025140875       13.0687658 
     0.025342002       12.9352024 
     0.025543129       12.7870969 
     0.025744256       12.6422757 
     0.025945383       12.4911244 
      0.02614651       12.3209931 
     0.026347637       12.1629503 
     0.026548764       12.0045734 
     0.026749891       11.8520294 
     0.026951018       11.6921032 
     0.027152145       11.5288699 
     0.027353272       11.3663207 
     0.027554399       11.1929666 
     0.027755526       11.0131914 
     0.027956653        10.835352 
      0.02815778        10.656426 
     0.028358907       10.4758947 
     0.028560034       10.2943441 
     0.028761161       10.1113684 
     0.028962288       9.92747241 
     0.029163415       9.74259799 
     0.029364542       9.55637389 
     0.029565669        9.3698695 
     0.029766796       9.18279411 
     0.029967923       8.99532662 
      0.03016905       8.80715069 
     0.030370177       8.61941789 
     0.030571304       8.43181432 
     0.030772431       8.24412695 
     0.030973558       8.05733267 
     0.031174685       7.87114739 
     0.031375812       7.68557131 
     0.031576939       7.50109276 
     0.031778066       7.31692587 
     0.031979193       7.13494149 
      0.03218032       6.95026727 
     0.032381447       6.77637949 
     0.032582574       6.60071807 
     0.032783701       6.42116866 
     0.032984828       6.24760444 
     0.033185955       6.07668172 
     0.033387082       5.90103366 
     0.033588209       5.73634644 
     0.033789336       5.57539662 
     0.033990463       5.42872843 
      0.03419159       5.27428818 
     0.034392717       5.12241367 
     0.034593844       4.96860013 
     0.034794971       4.82137815 
     0.034996098       4.67700292 
     0.035197225       4.53547446 
     0.035398352       4.39679276 
     0.035599479        4.2680752 
     0.035800606       4.13535631 
     0.036001733       4.00554786 
      0.03620286       3.87864986 
     0.036403987       3.75466229 
     0.036605114       3.63358516 
     0.036806241       3.51991948 
     0.037007368       3.40481588 
     0.037208495       3.29264686 
     0.037409622       3.18341244 
     0.037610749        3.0771126 
     0.037811876       2.97374735 
     0.038013003       2.87542415 
      0.03821413       2.77780444 
     0.038415257       2.68291094 
     0.038616384       2.59074366 
     0.038817511       2.50130258 
     0.039018638       2.41458772 
     0.039219765       2.33185107 
     0.039420892       2.25034217 
     0.039622019       2.17126869 
     0.039823146       2.09463064 
     0.040024273         2.020428 
       0.0402254       1.94866079 
     0.040426527       1.88036213 
     0.040627654       1.81314206 
     0.040828781       1.74803706 
     0.041029908       1.68504714 
     0.041231035       1.62417229 
     0.041432162       1.56541252 
     0.041633289       1.50961804 
     0.041834416       1.45472046 
     0.042035543       1.40162026 
      0.04223667       1.35031743 
     0.042437797       1.30081198 
     0.042638924        1.2531039 
     0.042840051       1.20787653 
     0.043041178       1.16338019 
     0.043242305       1.12038622 
     0.043443432       1.07889462 
     0.043644559       1.03890539 
     0.043845686       1.00041854 
     0.044046813      0.963968094 
      0.04424794      0.928110021 
     0.044449067      0.893492185 
     0.044650194      0.860114586 
     0.044851321      0.827977224 
     0.045052448      0.797613697 
     0.045253575      0.767828594 
     0.045454702      0.739057796 
     0.045655829      0.711301303 
     0.045856956      0.684559115 
     0.046058083      0.658831233 
      0.04625921      0.634549559 
     0.046460337       0.61071709 
     0.046661464      0.587708373 
     0.046862591      0.565523407 
     0.047063718      0.544162193 
     0.047264845       0.52362473 
     0.047465972      0.504255265 
     0.047667099      0.485234092 
     0.047868226      0.466878443 
     0.048069353      0.449188318 
      0.04827048      0.432163718 
     0.048471607      0.415804642 
     0.048672734       0.40038166 
     0.048873861      0.385229094 
     0.049074988      0.370612146 
     0.049276115      0.356530816 
     0.049477242      0.342985103 
     0.049678369      0.329975008 
     0.049879496      0.317710402 
     0.050080623      0.305656515 
      0.05028175      0.294032466 
     0.050482877      0.282838254 
     0.050684004       0.27207388 
     0.050885131      0.261739344 
     0.051086258      0.251995319 
     0.051287385      0.242416376 
     0.051488512      0.233181654 
     0.051689639      0.224291153 
     0.051890766      0.215744873 
     0.052091893      0.207542814 
      0.05229302      0.199806315 
     0.052494147      0.192200002 
     0.052695274      0.184868917 
     0.052896401      0.177813061 
     0.053097528      0.171032434 
     0.053298655      0.164527036 
     0.053499782      0.158387132 
     0.053700909      0.152350662 
     0.053902036      0.146534004 
     0.054103163      0.140937158 
      0.05430429      0.135560124 
     0.054505417      0.130495476 
     0.054706544      0.125531483 
     0.054907671      0.120742895 
     0.055108798      0.116129712 
     0.055309925      0.111691932 
     0.055511052      0.107429558 
     0.055712179      0.103415604 
     0.055913306     0.0994782555 
     0.056114433     0.0956807878 
      0.05631556     0.0920232012 
     0.056516687     0.0885054957 
     0.056717814     0.0851276714 
     0.056918941     0.0819468275 
     0.057120068     0.0788245602 
     0.057321195     0.0758137936 
     0.057522322     0.0729145279 
     0.057723449     0.0701267628 
     0.057924576     0.0674504986 
     0.058125703     0.0649299916 
      0.05832683     0.0624545329 
     0.058527957     0.0600679225 
     0.058729084     0.0577701606 
     0.058930211     0.0555612469 
     0.059131338     0.0534411816 
     0.059332465     0.0514439427 
     0.059533592     0.0494815778 
     0.059734719     0.0475899933 
     0.059935846     0.0457691891 
     0.060136973     0.0440191651 
       0.0603381     0.0423399214 
     0.060539227     0.0407572737 
     0.060740354      0.039201823 
     0.060941481     0.0377027485 
     0.061142608     0.0362600501 
     0.061343735     0.0348737277 
     0.061544862     0.0335437815 
     0.061745989     0.0322895951 
     0.061947116     0.0310567873 
     0.062148243     0.0298688768 
      0.06234937     0.0287258633 
     0.062550497      0.027627747 
     0.062751624     0.0265745278 
     0.062952751     0.0255805605 
     0.063153878      0.024603538 
     0.063355005     0.0236622674 
     0.063556132     0.0227567487 
     0.063757259     0.0218869818 
     0.063958386     0.0210678896 
     0.064159513      0.020265158 
      0.06436064     0.0194908937 
     0.064561767     0.0187450967 
     0.064762894     0.0180277669 
     0.064964021     0.0173389044 
     0.065165148     0.0166902578 
     0.065366275     0.0160540373 
     0.065567402     0.0154404824 
     0.065768529     0.0148495933 
     0.065969656     0.0142813698 
     0.066170783     0.0137358121 
      0.06637191     0.0132220953 
     0.066573037     0.0127178665 
     0.066774164     0.0122316834 
     0.066975291      0.011763546 
     0.067176418     0.0113134544 
     0.067377545     0.0108814085 
     0.067578672     0.0104745131 
     0.067779799     0.0100749068 
     0.067980926    0.00968966745 
     0.068182053    0.00931879515 
      0.06838318    0.00896228984 
     0.068584307    0.00862015155 
     0.068785434    0.00829783125 
     0.068986561    0.00798114934 
     0.069187688    0.00767590538 
     0.069388815    0.00738209937 
     0.069589942     0.0070997313 
     0.069791069    0.00682880118 
     0.069992196    0.00657344868 
     0.070193323    0.00632249052 
      0.07039445    0.00608063824 
     0.070595577    0.00584789185 
     0.070796704    0.00562425135 
     0.070997831    0.00540971674 
     0.071198958    0.00520739548 
     0.071400085    0.00500852647 
     0.071601212    0.00481690667 
     0.071802339    0.00463253609 
     0.072003466    0.00445541472 
     0.072204593    0.00428554257 
      0.07240572    0.00412522069 
     0.072606847    0.00396763356 
     0.072807974    0.00381581749 
     0.073009101    0.00366977248 
     0.073210228    0.00352949854 
     0.073411355    0.00339740527 
     0.073612482    0.00326793989 
     0.073813609    0.00314306879 
     0.074014736    0.00302279198 
     0.074215863    0.00290710945 
      0.07441699    0.00279602121 
     0.074618117    0.00269142495 
     0.074819244    0.00258882342 
     0.075020371    0.00248987934 
     0.075221498    0.00239459272 
     0.075422625    0.00230296356 
     0.075623752    0.00221499185 
     0.075824879    0.00213216042 
     0.076026006    0.00205085114 
     0.076227133    0.00197245354 
      0.07642826     0.0018969676 
     0.076629387    0.00182439334 
     0.076830514    0.00175473074 
     0.077031641     0.0016891289 
     0.077232768    0.00162469568 
     0.077433895    0.00156258044 
     0.077635022    0.00150278317 
     0.077836149    0.00144530389 
     0.078037276    0.00139014258 
     0.078238403    0.00133818182 
      0.07843953    0.00128712439 
     0.078640657    0.00123791234 
     0.078841784    0.00119054567 
     0.079042911    0.00114502437 
     0.079244038    0.00110134846 
     0.079445165    0.00106018918 
     0.079646292    0.00101973338 
     0.079847419   0.000980746771 
     0.080048546   0.000943229349 
     0.080249673   0.000907181115 
       0.0804508    0.00087260207 
     0.080651927   0.000839997136 
     0.080853054   0.000807944435 
     0.081054181   0.000777061493 
     0.081255308   0.000747348311 
     0.081456435   0.000718804888 
     0.081657562   0.000691431224 
     0.081858689   0.000665602286 
     0.082059816   0.000640210488 
     0.082260943   0.000615750142 
      0.08246207   0.000592221248 
     0.082663197   0.000569623805 
     0.082864324    0.00054835061 
     0.083065451   0.000527497501 
     0.083266578   0.000507386209 
     0.083467705   0.000488016733 
     0.083668832   0.000469389074 
     0.083869959   0.000451503232 
     0.084071086   0.000434669066 
     0.084272213   0.000418153803 
      0.08447334   0.000402229489 
     0.084674467   0.000386896124 
     0.084875594   0.000372153706 
     0.085076721   0.000358002238 
     0.085277848   0.000344684339 
     0.085478975   0.000331610016 
     0.085680102   0.000319006659 
     0.085881229   0.000306874267 
     0.086082356   0.000295212841 
     0.086283483    0.00028402238 
      0.08648461   0.000273491394 
     0.086685737   0.000263147856 
     0.086886864   0.000253179917 
     0.087087991   0.000243587578 
     0.087289118   0.000234370838 
     0.087490245   0.000225529698 
     0.087691372    0.00021720943 
     0.087892499   0.000209034756 
     0.088093626   0.000201159951 
     0.088294753   0.000193585013 
      0.08849588   0.000186309943 
     0.088697007   0.000179334741 
     0.088898134   0.000172770393 
     0.089099261   0.000166320417 
     0.089300388   0.000160110255 
     0.089501515   0.000154139907 
     0.089702642   0.000148409373 
     0.089903769   0.000142918652 
     0.090104896   0.000137751774 
     0.090306023   0.000132675983 
      0.09050715   0.000127792492 
     0.090708277   0.000123101299 
     0.090909404   0.000118602405 
     0.091110531    0.00011429581 
     0.091311658   0.000110244594 
     0.091512785   0.000106267108 
     0.091713912   0.000102444462 
     0.091915039   9.87766541e-05 
     0.092116166   9.52636857e-05 
     0.092317293   9.19702819e-05 
      0.09251842   8.87493988e-05 
     0.092719547   8.56539906e-05 
     0.092920674   8.26840575e-05 
     0.093121801   7.98395994e-05 
     0.093322928   7.71206163e-05 
     0.093524055   7.45789649e-05 
     0.093725182   7.20946447e-05 
     0.093926309   6.97129911e-05 
     0.094127436   6.74340041e-05 
     0.094328563   6.52576836e-05 
      0.09452969   6.31840298e-05 
     0.094730817    6.1256019e-05 
     0.094931944   5.93733262e-05 
     0.095133071   5.75758385e-05 
     0.095334198   5.58635562e-05 
     0.095535325   5.42364791e-05 
     0.095736452   5.26946072e-05 
     0.095937579   5.12775288e-05 
     0.096138706   4.98941098e-05 
     0.096339833   4.85827614e-05 
      0.09654096   4.73434834e-05 
     0.096742087   4.61762759e-05 
     0.096943214   4.50811389e-05 
     0.097144341   4.42602437e-05 
     0.097345468   4.33107645e-05 
     0.097546595   4.24188296e-05 
     0.097747722   4.15844388e-05 
     0.097948849   4.08075923e-05 
     0.098149976   4.00882899e-05 
     0.098351103   3.92780664e-05 
      0.09855223   3.86732003e-05 
     0.098753357   3.81259405e-05 
     0.098954484   3.76362871e-05 
     0.099155611   3.72042399e-05 
     0.099356738    3.6829799e-05 
     0.099557865   3.64199901e-05 
     0.099758992   3.61457722e-05 
     0.099960119   3.59324917e-05 
     0.100161246   3.57801485e-05 
     0.100362373   3.56887426e-05 
       0.1005635   3.56582739e-05 
