      -0.0998565   3.89433772e-05 
    -0.099656787   3.89761324e-05 
    -0.099457074    3.9074398e-05 
    -0.099257361    3.9238174e-05 
    -0.099057648   3.94674603e-05 
    -0.098857935   3.97622571e-05 
    -0.098658222   4.02019708e-05 
    -0.098458509   4.06047313e-05 
    -0.098258796    4.1069455e-05 
    -0.098059083   4.15961417e-05 
     -0.09785937   4.21847917e-05 
    -0.097659657   4.28354048e-05 
    -0.097459944   4.37052792e-05 
    -0.097260231   4.44789295e-05 
    -0.097060518   4.53144717e-05 
    -0.096860805    4.6211906e-05 
    -0.096661092   4.71712322e-05 
    -0.096461379   4.81924505e-05 
    -0.096261666    4.9076871e-05 
    -0.096061953     5.025412e-05 
     -0.09586224   5.15086833e-05 
    -0.095662527    5.2840561e-05 
    -0.095462814    5.4249753e-05 
    -0.095263101   5.57362593e-05 
    -0.095063388    5.7259313e-05 
    -0.094863675   5.89153629e-05 
    -0.094663962   6.06626644e-05 
    -0.094464249   6.25012175e-05 
    -0.094264536   6.44310223e-05 
    -0.094064823   6.64520786e-05 
     -0.09386511   6.85221779e-05 
    -0.093665397   7.07470732e-05 
    -0.093465684   7.30817307e-05 
    -0.093265971   7.55261502e-05 
    -0.093066258   7.80803319e-05 
    -0.092866545   8.07442756e-05 
    -0.092666832   8.34699848e-05 
    -0.092467119   8.63838111e-05 
    -0.092267406   8.94315536e-05 
    -0.092067693   9.26132123e-05 
     -0.09186798   9.59287873e-05 
    -0.091668267   9.93782785e-05 
    -0.091468554   0.000102905486 
    -0.091268841   0.000106665272 
    -0.091069128   0.000110590037 
    -0.090869415   0.000114679779 
    -0.090669702     0.0001189345 
    -0.090469989     0.0001233542 
    -0.090270276   0.000127873149 
    -0.090070563   0.000132681384 
     -0.08987085   0.000137694175 
    -0.089671137   0.000142911524 
    -0.089471424   0.000148333429 
    -0.089271711   0.000153854072 
    -0.089071998   0.000159714919 
    -0.088872285   0.000165830461 
    -0.088672572     0.0001722007 
    -0.088472859   0.000178825634 
    -0.088273146   0.000185705265 
    -0.088073433   0.000192708245 
     -0.08787372   0.000200142265 
    -0.087674007   0.000207894269 
    -0.087474294   0.000215964257 
    -0.087274581   0.000224352229 
    -0.087074868   0.000233058184 
    -0.086875155   0.000241920241 
    -0.086675442   0.000251328161 
    -0.086475729   0.000261133766 
    -0.086276016   0.000271337057 
    -0.086076303   0.000281938033 
     -0.08587659   0.000292936695 
    -0.085676877   0.000304135038 
    -0.085477164    0.00031602387 
    -0.085277451   0.000328410614 
    -0.085077738   0.000341295272 
    -0.084878025   0.000354677843 
    -0.084678312   0.000368558327 
    -0.084478599   0.000382696509 
    -0.084278886   0.000397706829 
    -0.084079173   0.000413340985 
     -0.08387946   0.000429598978 
    -0.083679747   0.000446480808 
    -0.083480034   0.000463986475 
    -0.083280321   0.000481827152 
    -0.083080608   0.000500767555 
    -0.082880895    0.00052048991 
    -0.082681182   0.000540994217 
    -0.082481469   0.000562280476 
    -0.082281756   0.000584348686 
    -0.082082043   0.000606855048 
     -0.08188233   0.000630745631 
    -0.081682617   0.000655616627 
    -0.081482904   0.000681468036 
    -0.081283191    0.00070829986 
    -0.081083478   0.000736112097 
    -0.080883765   0.000764500236 
    -0.080684052   0.000794627436 
    -0.080484339   0.000825984095 
    -0.080284626   0.000858570213 
    -0.080084913   0.000892385789 
      -0.0798852    0.00092679208 
    -0.079685487   0.000963235898 
    -0.079485774    0.00100122165 
    -0.079286061    0.00104074933 
    -0.079086348    0.00108181893 
    -0.078886635    0.00112443048 
    -0.078686922    0.00116778883 
    -0.078487209    0.00121374376 
    -0.078287496    0.00126163264 
    -0.078087783    0.00131145546 
     -0.07788807    0.00136321223 
    -0.077688357    0.00141690295 
    -0.077488644    0.00147154483 
    -0.077288931     0.0015294882 
    -0.077089218     0.0015898573 
    -0.076889505    0.00165265211 
    -0.076689792    0.00171787264 
    -0.076490079    0.00178551888 
    -0.076290366    0.00185438513 
    -0.076090653    0.00192743985 
     -0.07589094    0.00200353718 
    -0.075691227    0.00208267711 
    -0.075491514    0.00216485964 
    -0.075291801    0.00225008478 
    -0.075092088    0.00233688509 
    -0.074892375    0.00242898761 
    -0.074692662    0.00252490653 
    -0.074492949    0.00262464187 
    -0.074293236    0.00272819363 
    -0.074093523    0.00283556179 
     -0.07389381    0.00294497601 
    -0.073694097    0.00306108798 
    -0.073494384      0.003181987 
    -0.073294671    0.00330767305 
    -0.073094958    0.00343814614 
    -0.072895245    0.00357340628 
    -0.072695532     0.0037113385 
    -0.072495819    0.00385771355 
    -0.072296106    0.00401009312 
    -0.072096393    0.00416847721 
     -0.07189668    0.00433286581 
    -0.071696967    0.00450325893 
    -0.071497254     0.0046771583 
    -0.071297541    0.00486167806 
    -0.071097828    0.00505372941 
    -0.070898115    0.00525331234 
    -0.070698402    0.00546042686 
    -0.070498689    0.00567118813 
    -0.070298976    0.00589433869 
    -0.070099263    0.00612693618 
     -0.06989955     0.0063689806 
    -0.069699837    0.00662047197 
    -0.069500124    0.00688141026 
    -0.069300411    0.00714694422 
    -0.069100698    0.00742828798 
    -0.068900985    0.00772148096 
    -0.068701272    0.00802652315 
    -0.068501559    0.00834341456 
    -0.068301846    0.00867215518 
    -0.068102133    0.00900673071 
     -0.06790242    0.00936143131 
    -0.067702707    0.00973099401 
    -0.067502994     0.0101154188 
    -0.067303281     0.0105147057 
    -0.067103568     0.0109288548 
    -0.066903855     0.0113504657 
    -0.066704142     0.0117976342 
    -0.066504429     0.0122634432 
    -0.066304716     0.0127478929 
    -0.066105003     0.0132509833 
     -0.06590529     0.0137727143 
    -0.065705577      0.014304053 
    -0.065505864     0.0148677735 
    -0.065306151      0.015454873 
    -0.065106438     0.0160653516 
    -0.064906725     0.0166992092 
    -0.064707012     0.0173564459 
    -0.064507299      0.018026131 
    -0.064307586     0.0187367521 
    -0.064107873      0.019476694 
     -0.06390816     0.0202459565 
    -0.063708447     0.0210445398 
    -0.063508734     0.0218724439 
    -0.063309021     0.0227165681 
    -0.063109308     0.0236123279 
    -0.062909595     0.0245448581 
    -0.062709882     0.0255141586 
    -0.062510169     0.0265202294 
    -0.062310456     0.0275630706 
    -0.062110743     0.0286271512 
     -0.06191103      0.029756221 
    -0.061711317     0.0309313998 
    -0.061511604     0.0321526877 
    -0.061311891     0.0334200847 
    -0.061112178     0.0347097887 
    -0.060912465     0.0360750272 
    -0.060712752     0.0374980793 
    -0.060513039     0.0389789451 
    -0.060313326     0.0405176245 
    -0.060113613     0.0421141176 
      -0.0599139     0.0437386353 
    -0.059714187     0.0454595888 
    -0.059514474     0.0472530215 
    -0.059314761     0.0491189334 
    -0.059115048     0.0510573245 
    -0.058915335     0.0530681948 
    -0.058715622     0.0551145365 
    -0.058515909     0.0572836685 
    -0.058316196     0.0595436483 
    -0.058116483     0.0618944756 
     -0.05791677     0.0643361506 
    -0.057717057     0.0668686732 
    -0.057517344     0.0694464169 
    -0.057317631     0.0721800947 
    -0.057117918     0.0750276144 
    -0.056918205     0.0779889761 
    -0.056718492     0.0810641797 
    -0.056518779     0.0842532254 
    -0.056319066     0.0875003109 
    -0.056119353      0.090944897 
     -0.05591964     0.0945320899 
    -0.055719927     0.0982618896 
    -0.055520214      0.102134296 
    -0.055320501      0.106149309 
    -0.055120788      0.110239271 
    -0.054921075      0.114578707 
    -0.054721362      0.119096698 
    -0.054521649      0.123793245 
    -0.054321936      0.128668347 
    -0.054122223      0.133722005 
     -0.05392251      0.138872962 
    -0.053722797      0.144338161 
    -0.053523084      0.150026783 
    -0.053323371       0.15593883 
    -0.053123658      0.162074302 
    -0.052923945      0.168433198 
    -0.052724232      0.174918963 
    -0.052524519      0.181799374 
    -0.052324806       0.18895911 
    -0.052125093      0.196398174 
     -0.05192538      0.204116565 
    -0.051725667      0.212114283 
    -0.051525954       0.22027798 
    -0.051326241      0.228935687 
    -0.051126528      0.237942202 
    -0.050926815      0.247297527 
    -0.050727102      0.257001661 
    -0.050527389      0.266873346 
    -0.050327676      0.277325154 
    -0.050127963      0.288211849 
     -0.04992825      0.299533432 
    -0.049728537      0.311289902 
    -0.049528824       0.32348126 
    -0.049329111      0.335883272 
    -0.049129398      0.349019246 
    -0.048929685      0.362696271 
    -0.048729972      0.376914347 
    -0.048530259      0.391673475 
    -0.048330546      0.406973655 
    -0.048130833      0.422540182 
     -0.04793112      0.439030337 
    -0.047731407      0.456191685 
    -0.047531694      0.474024225 
    -0.047331981      0.492527959 
    -0.047132268      0.511702886 
    -0.046932555      0.531216073 
    -0.046732842      0.551884237 
    -0.046533129      0.573381808 
    -0.046333416      0.595708786 
    -0.046133703      0.618865171 
     -0.04593399      0.642850962 
    -0.045734277      0.667267481 
    -0.045534564      0.693117258 
    -0.045334851      0.719986605 
    -0.045135138       0.74787552 
    -0.044935425      0.776784005 
    -0.044735712       0.80671206 
    -0.044535999      0.837188662 
    -0.044336286       0.86942713 
    -0.044136573      0.902910173 
     -0.04393686      0.937637793 
    -0.043737147      0.973609988 
    -0.043537434       1.01082676 
    -0.043337721       1.04873979 
    -0.043138008       1.08879325 
    -0.042938295        1.1303518 
    -0.042738582       1.17341543 
    -0.042538869       1.21798415 
    -0.042339156       1.26405795 
    -0.042139443       1.31100808 
     -0.04193973       1.36052065 
    -0.041740017       1.41183083 
    -0.041540304       1.46493863 
    -0.041340591       1.51984404 
    -0.041140878       1.57564498 
    -0.040941165       1.63433439 
    -0.040741452       1.69513574 
    -0.040541739       1.75804903 
    -0.040342026       1.82307425 
    -0.040142313       1.89021141 
      -0.0399426         1.958413 
    -0.039742887       2.03000916 
    -0.039543174       2.10403348 
    -0.039343461       2.18048596 
    -0.039143748       2.25936659 
    -0.038944035       2.34067538 
    -0.038744322       2.42318497 
    -0.038544609       2.50960833 
    -0.038344896       2.59874622 
    -0.038145183       2.69059865 
     -0.03794547       2.78516561 
    -0.037745757       2.88244711 
    -0.037546044       2.98040208 
    -0.037346331       3.08334862 
    -0.037146618       3.18921468 
    -0.036946905       3.29800025 
    -0.036747192       3.40970532 
    -0.036547479       3.52432992 
    -0.036347766       3.63749678 
    -0.036148053       3.75807111 
     -0.03594834       3.88154191 
    -0.035748627       4.00790916 
    -0.035548914       4.13717287 
    -0.035349201       4.26933304 
    -0.035149488       4.39728347 
    -0.034949775       4.53539876 
    -0.034750062       4.67634736 
    -0.034550349       4.82012926 
    -0.034350636       4.96674446 
    -0.034150923       5.11619296 
     -0.03395121       5.27173342 
    -0.033751497       5.42554486 
    -0.033551784        5.5818882 
    -0.033352071       5.73105612 
    -0.033152358       5.89470058 
    -0.032952645       6.06205941 
    -0.032752932       6.23961286 
    -0.032553219       6.41242215 
    -0.032353506         6.587859 
    -0.032153793       6.76733756 
     -0.03195408       6.94048761 
    -0.031754367       7.11997165 
    -0.031554654       7.30593811 
    -0.031354941       7.48979152 
    -0.031155228       7.67403376 
    -0.030955515       7.85929342 
    -0.030755802       8.04529358 
    -0.030556089       8.23233164 
    -0.030356376       8.41959516 
    -0.030156663       8.60722609 
     -0.02995695       8.79504841 
    -0.029757237       8.98341111 
    -0.029557524       9.17115461 
    -0.029357811       9.35857594 
    -0.029158098       9.54600524 
    -0.028958385       9.73228779 
    -0.028758672       9.91777547 
    -0.028558959       10.1026811 
    -0.028359246       10.2861278 
    -0.028159533       10.4685161 
     -0.02795982       10.6496431 
    -0.027760107        10.829673 
    -0.027560394       11.0082721 
    -0.027360681       11.1857207 
    -0.027160968       11.3647986 
    -0.026961255       11.5306451 
    -0.026761542       11.6958376 
    -0.026561829       11.8577369 
    -0.026362116       12.0105909 
    -0.026162403       12.1693422 
     -0.02596269       12.3277486 
    -0.025762977       12.4988042 
    -0.025563264       12.6537155 
    -0.025363551       12.8023948 
    -0.025163838       12.9547682 
    -0.024964125        13.091779 
    -0.024764412       13.2236366 
    -0.024564699       13.3503412 
    -0.024364986       13.4718927 
    -0.024165273        13.588291 
     -0.02396556       13.6407689 
    -0.023765847       13.7524133 
    -0.023566134       13.8619429 
    -0.023366421       13.9693578 
    -0.023166708       14.0746578 
    -0.022966995        14.177843 
    -0.022767282       14.3073225 
    -0.022567569       14.4040953 
    -0.022367856       14.4974073 
    -0.022168143       14.5872585 
     -0.02196843       14.6736488 
    -0.021768717       14.7565784 
    -0.021569004       14.8332293 
    -0.021369291       14.9091062 
    -0.021169578       14.9817906 
    -0.020969865       15.0512824 
    -0.020770152       15.1175817 
    -0.020570439       15.1806885 
    -0.020370726       15.2420353 
    -0.020171013       15.2991208 
      -0.0199713       15.3534403 
    -0.019771587       15.4049938 
    -0.019571874       15.4537813 
    -0.019372161       15.4998029 
    -0.019172448        15.542585 
    -0.018972735       15.5834126 
    -0.018773022       15.6219037 
    -0.018573309       15.6580582 
    -0.018373596       15.6918762 
    -0.018173883       15.7233575 
     -0.01797417       15.7517839 
    -0.017774457        15.778924 
    -0.017574744       15.8041581 
    -0.017375031       15.8274864 
    -0.017175318       15.8489087 
    -0.016975605       15.8684251 
    -0.016775892       15.8852507 
    -0.016576179       15.9012606 
    -0.016376466        15.915769 
    -0.016176753       15.9287759 
     -0.01597704       15.9402811 
    -0.015777327       15.9502848 
    -0.015577614       15.9580314 
    -0.015377901       15.9652999 
    -0.015178188       15.9714286 
    -0.014978475       15.9764177 
    -0.014778762       15.9802671 
    -0.014579049       15.9829768 
    -0.014379336       15.9838702 
    -0.014179623       15.9845276 
     -0.01397991       15.9843579 
    -0.013780197       15.9833613 
    -0.013580484       15.9815377 
    -0.013380771        15.978887 
    -0.013181058       15.9748288 
    -0.012981345       15.9707116 
    -0.012781632       15.9660304 
    -0.012581919       15.9607853 
    -0.012382206       15.9549762 
    -0.012182493       15.9486031 
     -0.01198278       15.9411818 
    -0.011783067       15.9338323 
    -0.011583354       15.9261355 
    -0.011383641       15.9180913 
    -0.011183928       15.9096997 
    -0.010984215       15.9009608 
    -0.010784502        15.891479 
    -0.010584789       15.8821658 
    -0.010385076       15.8726807 
    -0.010185363       15.8630235 
     -0.00998565       15.8531942 
    -0.009785937        15.843193 
    -0.009586224       15.8327018 
    -0.009386511       15.8224509 
    -0.009186798       15.8121679 
    -0.008987085       15.8018526 
    -0.008787372       15.7915052 
    -0.008587659       15.7811256 
    -0.008387946       15.7704616 
    -0.008188233       15.7600906 
     -0.00798852       15.7497975 
    -0.007788807       15.7395822 
    -0.007589094       15.7294446 
    -0.007389381       15.7193849 
    -0.007189668       15.7092052 
    -0.006989955       15.6993569 
    -0.006790242       15.6896716 
    -0.006590529       15.6801494 
    -0.006390816       15.6707902 
    -0.006191103        15.661594 
     -0.00599139       15.6524067 
    -0.005791677       15.6435787 
    -0.005591964       15.6349786 
    -0.005392251       15.6266063 
    -0.005192538       15.6184619 
    -0.004992825       15.6105454 
    -0.004793112       15.6027382 
    -0.004593399       15.5953086 
    -0.004393686       15.5881548 
    -0.004193973        15.581277 
     -0.00399426       15.5746751 
    -0.003794547       15.5683491 
    -0.003594834       15.5621911 
    -0.003395121       15.5564395 
    -0.003195408       15.5509973 
    -0.002995695       15.5458644 
    -0.002795982       15.5410408 
    -0.002596269       15.5365266 
    -0.002396556       15.5311627 
    -0.002196843       15.5272497 
     -0.00199713       15.5236769 
    -0.001797417       15.5204444 
    -0.001597704       15.5175522 
    -0.001397991       15.5150002 
    -0.001198278       15.5125764 
    -0.000998565       15.5105688 
    -0.000798852       15.5089262 
    -0.000599139       15.5076486 
    -0.000399426       15.5067361 
    -0.000199713       15.5061885 
               0        15.506006 
     0.000199713       15.5061885 
     0.000399426       15.5067361 
     0.000599139       15.5076486 
     0.000798852       15.5089262 
     0.000998565       15.5105688 
     0.001198278       15.5125764 
     0.001397991       15.5150002 
     0.001597704       15.5175522 
     0.001797417       15.5204444 
      0.00199713       15.5236769 
     0.002196843       15.5272497 
     0.002396556       15.5311627 
     0.002596269       15.5365266 
     0.002795982       15.5410408 
     0.002995695       15.5458644 
     0.003195408       15.5509973 
     0.003395121       15.5564395 
     0.003594834       15.5621911 
     0.003794547       15.5683491 
      0.00399426       15.5746751 
     0.004193973        15.581277 
     0.004393686       15.5881548 
     0.004593399       15.5953086 
     0.004793112       15.6027382 
     0.004992825       15.6105454 
     0.005192538       15.6184619 
     0.005392251       15.6266063 
     0.005591964       15.6349786 
     0.005791677       15.6435787 
      0.00599139       15.6524067 
     0.006191103        15.661594 
     0.006390816       15.6707902 
     0.006590529       15.6801494 
     0.006790242       15.6896716 
     0.006989955       15.6993569 
     0.007189668       15.7092052 
     0.007389381       15.7193849 
     0.007589094       15.7294446 
     0.007788807       15.7395822 
      0.00798852       15.7497975 
     0.008188233       15.7600906 
     0.008387946       15.7704616 
     0.008587659       15.7811256 
     0.008787372       15.7915052 
     0.008987085       15.8018526 
     0.009186798       15.8121679 
     0.009386511       15.8224509 
     0.009586224       15.8327018 
     0.009785937        15.843193 
      0.00998565       15.8531942 
     0.010185363       15.8630235 
     0.010385076       15.8726807 
     0.010584789       15.8821658 
     0.010784502        15.891479 
     0.010984215       15.9009608 
     0.011183928       15.9096997 
     0.011383641       15.9180913 
     0.011583354       15.9261355 
     0.011783067       15.9338323 
      0.01198278       15.9411818 
     0.012182493       15.9486031 
     0.012382206       15.9549762 
     0.012581919       15.9607853 
     0.012781632       15.9660304 
     0.012981345       15.9707116 
     0.013181058       15.9748288 
     0.013380771        15.978887 
     0.013580484       15.9815377 
     0.013780197       15.9833613 
      0.01397991       15.9843579 
     0.014179623       15.9845276 
     0.014379336       15.9838702 
     0.014579049       15.9829768 
     0.014778762       15.9802671 
     0.014978475       15.9764177 
     0.015178188       15.9714286 
     0.015377901       15.9652999 
     0.015577614       15.9580314 
     0.015777327       15.9502848 
      0.01597704       15.9402811 
     0.016176753       15.9287759 
     0.016376466        15.915769 
     0.016576179       15.9012606 
     0.016775892       15.8852507 
     0.016975605       15.8684251 
     0.017175318       15.8489087 
     0.017375031       15.8274864 
     0.017574744       15.8041581 
     0.017774457        15.778924 
      0.01797417       15.7517839 
     0.018173883       15.7233575 
     0.018373596       15.6918762 
     0.018573309       15.6580582 
     0.018773022       15.6219037 
     0.018972735       15.5834126 
     0.019172448        15.542585 
     0.019372161       15.4998029 
     0.019571874       15.4537813 
     0.019771587       15.4049938 
       0.0199713       15.3534403 
     0.020171013       15.2991208 
     0.020370726       15.2420353 
     0.020570439       15.1806885 
     0.020770152       15.1175817 
     0.020969865       15.0512824 
     0.021169578       14.9817906 
     0.021369291       14.9091062 
     0.021569004       14.8332293 
     0.021768717       14.7565784 
      0.02196843       14.6736488 
     0.022168143       14.5872585 
     0.022367856       14.4974073 
     0.022567569       14.4040953 
     0.022767282       14.3073225 
     0.022966995        14.177843 
     0.023166708       14.0746578 
     0.023366421       13.9693578 
     0.023566134       13.8619429 
     0.023765847       13.7524133 
      0.02396556       13.6407689 
     0.024165273        13.588291 
     0.024364986       13.4718927 
     0.024564699       13.3503412 
     0.024764412       13.2236366 
     0.024964125        13.091779 
     0.025163838       12.9547682 
     0.025363551       12.8023948 
     0.025563264       12.6537155 
     0.025762977       12.4988042 
      0.02596269       12.3277486 
     0.026162403       12.1693422 
     0.026362116       12.0105909 
     0.026561829       11.8577369 
     0.026761542       11.6958376 
     0.026961255       11.5306451 
     0.027160968       11.3647986 
     0.027360681       11.1857207 
     0.027560394       11.0082721 
     0.027760107        10.829673 
      0.02795982       10.6496431 
     0.028159533       10.4685161 
     0.028359246       10.2861278 
     0.028558959       10.1026811 
     0.028758672       9.91777547 
     0.028958385       9.73228779 
     0.029158098       9.54600524 
     0.029357811       9.35857594 
     0.029557524       9.17115461 
     0.029757237       8.98341111 
      0.02995695       8.79504841 
     0.030156663       8.60722609 
     0.030356376       8.41959516 
     0.030556089       8.23233164 
     0.030755802       8.04529358 
     0.030955515       7.85929342 
     0.031155228       7.67403376 
     0.031354941       7.48979152 
     0.031554654       7.30593811 
     0.031754367       7.11997165 
      0.03195408       6.94048761 
     0.032153793       6.76733756 
     0.032353506         6.587859 
     0.032553219       6.41242215 
     0.032752932       6.23961286 
     0.032952645       6.06205941 
     0.033152358       5.89470058 
     0.033352071       5.73105612 
     0.033551784        5.5818882 
     0.033751497       5.42554486 
      0.03395121       5.27173342 
     0.034150923       5.11619296 
     0.034350636       4.96674446 
     0.034550349       4.82012926 
     0.034750062       4.67634736 
     0.034949775       4.53539876 
     0.035149488       4.39728347 
     0.035349201       4.26933304 
     0.035548914       4.13717287 
     0.035748627       4.00790916 
      0.03594834       3.88154191 
     0.036148053       3.75807111 
     0.036347766       3.63749678 
     0.036547479       3.52432992 
     0.036747192       3.40970532 
     0.036946905       3.29800025 
     0.037146618       3.18921468 
     0.037346331       3.08334862 
     0.037546044       2.98040208 
     0.037745757       2.88244711 
      0.03794547       2.78516561 
     0.038145183       2.69059865 
     0.038344896       2.59874622 
     0.038544609       2.50960833 
     0.038744322       2.42318497 
     0.038944035       2.34067538 
     0.039143748       2.25936659 
     0.039343461       2.18048596 
     0.039543174       2.10403348 
     0.039742887       2.03000916 
       0.0399426         1.958413 
     0.040142313       1.89021141 
     0.040342026       1.82307425 
     0.040541739       1.75804903 
     0.040741452       1.69513574 
     0.040941165       1.63433439 
     0.041140878       1.57564498 
     0.041340591       1.51984404 
     0.041540304       1.46493863 
     0.041740017       1.41183083 
      0.04193973       1.36052065 
     0.042139443       1.31100808 
     0.042339156       1.26405795 
     0.042538869       1.21798415 
     0.042738582       1.17341543 
     0.042938295        1.1303518 
     0.043138008       1.08879325 
     0.043337721       1.04873979 
     0.043537434       1.01082676 
     0.043737147      0.973609988 
      0.04393686      0.937637793 
     0.044136573      0.902910173 
     0.044336286       0.86942713 
     0.044535999      0.837188662 
     0.044735712       0.80671206 
     0.044935425      0.776784005 
     0.045135138       0.74787552 
     0.045334851      0.719986605 
     0.045534564      0.693117258 
     0.045734277      0.667267481 
      0.04593399      0.642850962 
     0.046133703      0.618865171 
     0.046333416      0.595708786 
     0.046533129      0.573381808 
     0.046732842      0.551884237 
     0.046932555      0.531216073 
     0.047132268      0.511702886 
     0.047331981      0.492527959 
     0.047531694      0.474024225 
     0.047731407      0.456191685 
      0.04793112      0.439030337 
     0.048130833      0.422540182 
     0.048330546      0.406973655 
     0.048530259      0.391673475 
     0.048729972      0.376914347 
     0.048929685      0.362696271 
     0.049129398      0.349019246 
     0.049329111      0.335883272 
     0.049528824       0.32348126 
     0.049728537      0.311289902 
      0.04992825      0.299533432 
     0.050127963      0.288211849 
     0.050327676      0.277325154 
     0.050527389      0.266873346 
     0.050727102      0.257001661 
     0.050926815      0.247297527 
     0.051126528      0.237942202 
     0.051326241      0.228935687 
     0.051525954       0.22027798 
     0.051725667      0.212114283 
      0.05192538      0.204116565 
     0.052125093      0.196398174 
     0.052324806       0.18895911 
     0.052524519      0.181799374 
     0.052724232      0.174918963 
     0.052923945      0.168433198 
     0.053123658      0.162074302 
     0.053323371       0.15593883 
     0.053523084      0.150026783 
     0.053722797      0.144338161 
      0.05392251      0.138872962 
     0.054122223      0.133722005 
     0.054321936      0.128668347 
     0.054521649      0.123793245 
     0.054721362      0.119096698 
     0.054921075      0.114578707 
     0.055120788      0.110239271 
     0.055320501      0.106149309 
     0.055520214      0.102134296 
     0.055719927     0.0982618896 
      0.05591964     0.0945320899 
     0.056119353      0.090944897 
     0.056319066     0.0875003109 
     0.056518779     0.0842532254 
     0.056718492     0.0810641797 
     0.056918205     0.0779889761 
     0.057117918     0.0750276144 
     0.057317631     0.0721800947 
     0.057517344     0.0694464169 
     0.057717057     0.0668686732 
      0.05791677     0.0643361506 
     0.058116483     0.0618944756 
     0.058316196     0.0595436483 
     0.058515909     0.0572836685 
     0.058715622     0.0551145365 
     0.058915335     0.0530681948 
     0.059115048     0.0510573245 
     0.059314761     0.0491189334 
     0.059514474     0.0472530215 
     0.059714187     0.0454595888 
       0.0599139     0.0437386353 
     0.060113613     0.0421141176 
     0.060313326     0.0405176245 
     0.060513039     0.0389789451 
     0.060712752     0.0374980793 
     0.060912465     0.0360750272 
     0.061112178     0.0347097887 
     0.061311891     0.0334200847 
     0.061511604     0.0321526877 
     0.061711317     0.0309313998 
      0.06191103      0.029756221 
     0.062110743     0.0286271512 
     0.062310456     0.0275630706 
     0.062510169     0.0265202294 
     0.062709882     0.0255141586 
     0.062909595     0.0245448581 
     0.063109308     0.0236123279 
     0.063309021     0.0227165681 
     0.063508734     0.0218724439 
     0.063708447     0.0210445398 
      0.06390816     0.0202459565 
     0.064107873      0.019476694 
     0.064307586     0.0187367521 
     0.064507299      0.018026131 
     0.064707012     0.0173564459 
     0.064906725     0.0166992092 
     0.065106438     0.0160653516 
     0.065306151      0.015454873 
     0.065505864     0.0148677735 
     0.065705577      0.014304053 
      0.06590529     0.0137727143 
     0.066105003     0.0132509833 
     0.066304716     0.0127478929 
     0.066504429     0.0122634432 
     0.066704142     0.0117976342 
     0.066903855     0.0113504657 
     0.067103568     0.0109288548 
     0.067303281     0.0105147057 
     0.067502994     0.0101154188 
     0.067702707    0.00973099401 
      0.06790242    0.00936143131 
     0.068102133    0.00900673071 
     0.068301846    0.00867215518 
     0.068501559    0.00834341456 
     0.068701272    0.00802652315 
     0.068900985    0.00772148096 
     0.069100698    0.00742828798 
     0.069300411    0.00714694422 
     0.069500124    0.00688141026 
     0.069699837    0.00662047197 
      0.06989955     0.0063689806 
     0.070099263    0.00612693618 
     0.070298976    0.00589433869 
     0.070498689    0.00567118813 
     0.070698402    0.00546042686 
     0.070898115    0.00525331234 
     0.071097828    0.00505372941 
     0.071297541    0.00486167806 
     0.071497254     0.0046771583 
     0.071696967    0.00450325893 
      0.07189668    0.00433286581 
     0.072096393    0.00416847721 
     0.072296106    0.00401009312 
     0.072495819    0.00385771355 
     0.072695532     0.0037113385 
     0.072895245    0.00357340628 
     0.073094958    0.00343814614 
     0.073294671    0.00330767305 
     0.073494384      0.003181987 
     0.073694097    0.00306108798 
      0.07389381    0.00294497601 
     0.074093523    0.00283556179 
     0.074293236    0.00272819363 
     0.074492949    0.00262464187 
     0.074692662    0.00252490653 
     0.074892375    0.00242898761 
     0.075092088    0.00233688509 
     0.075291801    0.00225008478 
     0.075491514    0.00216485964 
     0.075691227    0.00208267711 
      0.07589094    0.00200353718 
     0.076090653    0.00192743985 
     0.076290366    0.00185438513 
     0.076490079    0.00178551888 
     0.076689792    0.00171787264 
     0.076889505    0.00165265211 
     0.077089218     0.0015898573 
     0.077288931     0.0015294882 
     0.077488644    0.00147154483 
     0.077688357    0.00141690295 
      0.07788807    0.00136321223 
     0.078087783    0.00131145546 
     0.078287496    0.00126163264 
     0.078487209    0.00121374376 
     0.078686922    0.00116778883 
     0.078886635    0.00112443048 
     0.079086348    0.00108181893 
     0.079286061    0.00104074933 
     0.079485774    0.00100122165 
     0.079685487   0.000963235898 
       0.0798852    0.00092679208 
     0.080084913   0.000892385789 
     0.080284626   0.000858570213 
     0.080484339   0.000825984095 
     0.080684052   0.000794627436 
     0.080883765   0.000764500236 
     0.081083478   0.000736112097 
     0.081283191    0.00070829986 
     0.081482904   0.000681468036 
     0.081682617   0.000655616627 
      0.08188233   0.000630745631 
     0.082082043   0.000606855048 
     0.082281756   0.000584348686 
     0.082481469   0.000562280476 
     0.082681182   0.000540994217 
     0.082880895    0.00052048991 
     0.083080608   0.000500767555 
     0.083280321   0.000481827152 
     0.083480034   0.000463986475 
     0.083679747   0.000446480808 
      0.08387946   0.000429598978 
     0.084079173   0.000413340985 
     0.084278886   0.000397706829 
     0.084478599   0.000382696509 
     0.084678312   0.000368558327 
     0.084878025   0.000354677843 
     0.085077738   0.000341295272 
     0.085277451   0.000328410614 
     0.085477164    0.00031602387 
     0.085676877   0.000304135038 
      0.08587659   0.000292936695 
     0.086076303   0.000281938033 
     0.086276016   0.000271337057 
     0.086475729   0.000261133766 
     0.086675442   0.000251328161 
     0.086875155   0.000241920241 
     0.087074868   0.000233058184 
     0.087274581   0.000224352229 
     0.087474294   0.000215964257 
     0.087674007   0.000207894269 
      0.08787372   0.000200142265 
     0.088073433   0.000192708245 
     0.088273146   0.000185705265 
     0.088472859   0.000178825634 
     0.088672572     0.0001722007 
     0.088872285   0.000165830461 
     0.089071998   0.000159714919 
     0.089271711   0.000153854072 
     0.089471424   0.000148333429 
     0.089671137   0.000142911524 
      0.08987085   0.000137694175 
     0.090070563   0.000132681384 
     0.090270276   0.000127873149 
     0.090469989     0.0001233542 
     0.090669702     0.0001189345 
     0.090869415   0.000114679779 
     0.091069128   0.000110590037 
     0.091268841   0.000106665272 
     0.091468554   0.000102905486 
     0.091668267   9.93782785e-05 
      0.09186798   9.59287873e-05 
     0.092067693   9.26132123e-05 
     0.092267406   8.94315536e-05 
     0.092467119   8.63838111e-05 
     0.092666832   8.34699848e-05 
     0.092866545   8.07442756e-05 
     0.093066258   7.80803319e-05 
     0.093265971   7.55261502e-05 
     0.093465684   7.30817307e-05 
     0.093665397   7.07470732e-05 
      0.09386511   6.85221779e-05 
     0.094064823   6.64520786e-05 
     0.094264536   6.44310223e-05 
     0.094464249   6.25012175e-05 
     0.094663962   6.06626644e-05 
     0.094863675   5.89153629e-05 
     0.095063388    5.7259313e-05 
     0.095263101   5.57362593e-05 
     0.095462814    5.4249753e-05 
     0.095662527    5.2840561e-05 
      0.09586224   5.15086833e-05 
     0.096061953     5.025412e-05 
     0.096261666    4.9076871e-05 
     0.096461379   4.81924505e-05 
     0.096661092   4.71712322e-05 
     0.096860805    4.6211906e-05 
     0.097060518   4.53144717e-05 
     0.097260231   4.44789295e-05 
     0.097459944   4.37052792e-05 
     0.097659657   4.28354048e-05 
      0.09785937   4.21847917e-05 
     0.098059083   4.15961417e-05 
     0.098258796    4.1069455e-05 
     0.098458509   4.06047313e-05 
     0.098658222   4.02019708e-05 
     0.098857935   3.97622571e-05 
     0.099057648   3.94674603e-05 
     0.099257361    3.9238174e-05 
     0.099457074    3.9074398e-05 
     0.099656787   3.89761324e-05 
       0.0998565   3.89433772e-05 
