        -0.08341   0.000325028176 
     -0.08324318   0.000325219454 
     -0.08307636   0.000325793286 
     -0.08290954   0.000326749673 
     -0.08274272   0.000328088615 
      -0.0825759   0.000329810112 
     -0.08240908   0.000331914163 
     -0.08224226    0.00033440077 
     -0.08207544    0.00033784537 
     -0.08190862   0.000340918201 
      -0.0817418   0.000344352541 
     -0.08157498   0.000348148391 
     -0.08140816   0.000352305751 
     -0.08124134    0.00035682462 
     -0.08107452   0.000361704999 
      -0.0809077    0.00036831492 
     -0.08074088    0.00037391257 
     -0.08057406   0.000379871358 
     -0.08040724   0.000386191285 
     -0.08024042    0.00039287235 
      -0.0800736   0.000399914555 
     -0.07990678   0.000407317898 
     -0.07973996   0.000413395228 
     -0.07957314   0.000421764399 
     -0.07940632   0.000430586691 
      -0.0792395   0.000439862103 
     -0.07907268   0.000449590637 
     -0.07890586   0.000459772291 
     -0.07873904   0.000470407067 
     -0.07857222   0.000481133426 
      -0.0784054   0.000492770475 
     -0.07823858   0.000504943848 
     -0.07807176   0.000517653545 
     -0.07790494   0.000530899567 
     -0.07773812   0.000544681913 
      -0.0775713   0.000559000583 
     -0.07740448   0.000573458425 
     -0.07723766   0.000588959854 
     -0.07707084    0.00060510829 
     -0.07690402   0.000621903733 
      -0.0767372   0.000639346183 
     -0.07657038   0.000657435641 
     -0.07640356   0.000676172105 
     -0.07623674    0.00069507384 
     -0.07606992   0.000715228999 
      -0.0759031   0.000736175844 
     -0.07573628   0.000757914376 
     -0.07556946   0.000780444594 
     -0.07540264   0.000803766498 
     -0.07523582   0.000827880088 
       -0.075069   0.000852181347 
     -0.07490218   0.000878015492 
     -0.07473536    0.00090482773 
     -0.07456854   0.000932618061 
     -0.07440172   0.000961386485 
      -0.0742349   0.000991133001 
     -0.07406808    0.00102185761 
     -0.07390126    0.00105279916 
     -0.07373444    0.00108562599 
     -0.07356762    0.00111966891 
      -0.0734008    0.00115492792 
     -0.07323398    0.00119140301 
     -0.07306716    0.00122909419 
     -0.07290034    0.00126800146 
     -0.07273352    0.00130812481 
      -0.0725667    0.00134865638 
     -0.07239988    0.00139166315 
     -0.07223306    0.00143618815 
     -0.07206624    0.00148223138 
     -0.07189942    0.00152979284 
      -0.0717326    0.00157887252 
     -0.07156578    0.00162947043 
     -0.07139896    0.00168053175 
     -0.07123214    0.00173469162 
     -0.07106532    0.00179075195 
      -0.0708985    0.00184871272 
     -0.07073168    0.00190857393 
     -0.07056486    0.00197033559 
     -0.07039804    0.00203399769 
     -0.07023122    0.00209819135 
      -0.0700644    0.00216626101 
     -0.06989758    0.00223671355 
     -0.06973076    0.00230954897 
     -0.06956394    0.00238476729 
     -0.06939712    0.00246236848 
      -0.0692303    0.00254235257 
     -0.06906348    0.00262295318 
     -0.06889666    0.00270839684 
     -0.06872984    0.00279683148 
     -0.06856302    0.00288825709 
      -0.0683962    0.00298267367 
     -0.06822938    0.00308008123 
     -0.06806256    0.00318047977 
     -0.06789574     0.0032816019 
     -0.06772892    0.00338876743 
      -0.0675621    0.00349968972 
     -0.06739528    0.00361436876 
     -0.06722846    0.00373280455 
     -0.06706164    0.00385499709 
     -0.06689482    0.00398094639 
       -0.066728    0.00410775583 
     -0.06656118    0.00424209567 
     -0.06639436    0.00438115607 
     -0.06622754    0.00452493702 
     -0.06606072    0.00467343854 
      -0.0658939    0.00482666061 
     -0.06572708    0.00498460325 
     -0.06556026    0.00514358251 
     -0.06539344    0.00531193063 
     -0.06522662    0.00548621191 
      -0.0650598    0.00566642634 
     -0.06489298    0.00585257393 
     -0.06472616    0.00604465469 
     -0.06455934     0.0062426686 
     -0.06439252    0.00644195025 
      -0.0642257    0.00665286922 
     -0.06405888    0.00687124659 
     -0.06389206    0.00709708236 
     -0.06372524    0.00733037654 
     -0.06355842    0.00757112913 
      -0.0633916    0.00781934012 
     -0.06322478    0.00806912528 
     -0.06305796    0.00833334095 
     -0.06289114     0.0086069332 
     -0.06272432    0.00888990205 
      -0.0625575    0.00918224748 
     -0.06239068    0.00948396951 
     -0.06222386    0.00979506812 
     -0.06205704     0.0101155433 
     -0.06189022     0.0104390974 
      -0.0617234     0.0107818318 
     -0.06155658     0.0111363548 
     -0.06138976     0.0115026665 
     -0.06122294     0.0118807669 
     -0.06105612     0.0122706559 
      -0.0608893     0.0126723335 
     -0.06072248     0.0130775833 
     -0.06055566     0.0135069029 
     -0.06038884     0.0139510439 
     -0.06022202     0.0144100063 
      -0.0600552     0.0148837901 
     -0.05988838     0.0153723953 
     -0.05972156     0.0158758219 
     -0.05955474     0.0163834115 
     -0.05938792       0.01692116 
      -0.0592211     0.0174775428 
     -0.05905428     0.0180525599 
     -0.05888746     0.0186462112 
     -0.05872064     0.0192584969 
     -0.05855382     0.0198894167 
       -0.058387     0.0205252169 
     -0.05822018     0.0211987465 
     -0.05805336     0.0218957034 
     -0.05788654     0.0226160877 
     -0.05771972     0.0233598994 
      -0.0575529     0.0241271385 
     -0.05738608      0.024917805 
     -0.05721926     0.0257142363 
     -0.05705244     0.0265577923 
     -0.05688562     0.0274308004 
      -0.0567188     0.0283332604 
     -0.05655198     0.0292651724 
     -0.05638516     0.0302265365 
     -0.05621834     0.0312173525 
     -0.05605152     0.0322150425 
      -0.0558847     0.0332714952 
     -0.05571788     0.0343649713 
     -0.05555106     0.0354954709 
     -0.05538424     0.0366629938 
     -0.05521742     0.0378675402 
      -0.0550506     0.0391091099 
     -0.05488378     0.0403589669 
     -0.05471696     0.0416819747 
     -0.05455014     0.0430515192 
     -0.05438332     0.0444676004 
      -0.0542165     0.0459302184 
     -0.05404968     0.0474393732 
     -0.05388286     0.0489950647 
     -0.05371604     0.0505608734 
     -0.05354922     0.0522175828 
      -0.0533824     0.0539327791 
     -0.05321558     0.0557064623 
     -0.05304876     0.0575386323 
     -0.05288194     0.0594292893 
     -0.05271512     0.0613784331 
      -0.0525483     0.0633400975 
     -0.05238148     0.0654145104 
     -0.05221466     0.0675624159 
     -0.05204784     0.0697838138 
     -0.05188102     0.0720787042 
      -0.0517142      0.074447087 
     -0.05154738     0.0768889624 
     -0.05138056     0.0794043302 
     -0.05121374     0.0819437193 
     -0.05104692     0.0846332103 
      -0.0508801     0.0874150267 
     -0.05071328     0.0902891685 
     -0.05054646     0.0932556356 
     -0.05037964     0.0963144281 
     -0.05021282      0.099465546 
       -0.050046       0.10264445 
     -0.04987918      0.106011619 
     -0.04971236      0.109494733 
     -0.04954554      0.113093794 
     -0.04937872        0.1168088 
      -0.0492119      0.120639752 
     -0.04904508       0.12458665 
     -0.04887826      0.128565809 
     -0.04871144      0.132780645 
     -0.04854462      0.137141026 
      -0.0483778       0.14164695 
     -0.04821098      0.146298418 
     -0.04804416       0.15109543 
     -0.04787734      0.156037985 
     -0.04771052      0.161018196 
      -0.0475437       0.16629283 
     -0.04737688      0.171750051 
     -0.04721006      0.177389857 
     -0.04704324      0.183212248 
     -0.04687642      0.189217225 
      -0.0467096      0.195404788 
     -0.04654278      0.201636612 
     -0.04637596      0.208235422 
     -0.04620914      0.215063096 
     -0.04604232      0.222119634 
      -0.0458755      0.229405037 
     -0.04570868      0.236919304 
     -0.04554186      0.244662434 
     -0.04537504      0.252458065 
     -0.04520822       0.26070997 
      -0.0450414      0.269248425 
     -0.04487458      0.278073429 
     -0.04470776      0.287184982 
     -0.04454094      0.296583084 
     -0.04437412      0.306267736 
      -0.0442073      0.316015341 
     -0.04404048      0.326328607 
     -0.04387366      0.337000098 
     -0.04370684      0.348029812 
     -0.04354002      0.359417751 
      -0.0433732      0.371163913 
     -0.04320638      0.383268299 
     -0.04303956      0.395449133 
     -0.04287274      0.408328906 
     -0.04270592      0.421655574 
      -0.0425391      0.435429139 
     -0.04237228        0.4496496 
     -0.04220546      0.464316958 
     -0.04203864      0.479431211 
     -0.04187182      0.494639595 
       -0.041705      0.510708207 
     -0.04153818      0.527332767 
     -0.04137136      0.544513275 
     -0.04120454      0.562249732 
     -0.04103772      0.580542136 
      -0.0408709      0.599390488 
     -0.04070408      0.618794789 
     -0.04053726      0.638376118 
     -0.04037044      0.659084794 
     -0.04020362      0.680482449 
      -0.0400368      0.702569081 
     -0.03986998       0.72534469 
     -0.03970316      0.748809278 
     -0.03953634      0.772962843 
     -0.03936952      0.797319788 
      -0.0392027      0.823066264 
     -0.03903588      0.849662195 
     -0.03886906      0.877107582 
     -0.03870224      0.905402424 
     -0.03853542      0.934546721 
      -0.0383686      0.964540473 
     -0.03820178      0.994769549 
     -0.03803496       1.02669736 
     -0.03786814       1.05966525 
     -0.03770132       1.09367323 
      -0.0375345        1.1287213 
     -0.03736768       1.16480945 
     -0.03720086       1.20193768 
     -0.03703404       1.23934109 
     -0.03686722        1.2787999 
      -0.0367004       1.31952044 
     -0.03653358       1.36150271 
     -0.03636676       1.40474673 
     -0.03619994       1.44925248 
     -0.03603312       1.49501996 
      -0.0358663       1.54111323 
     -0.03569948       1.58966153 
     -0.03553266       1.63972164 
     -0.03536584       1.69129356 
     -0.03519902        1.7443773 
      -0.0350322       1.79897286 
     -0.03486538       1.85508023 
     -0.03469856       1.91157533 
     -0.03453174       1.97095853 
     -0.03436492       2.03212372 
      -0.0341981       2.09507091 
     -0.03403128        2.1598001 
     -0.03386446       2.22631127 
     -0.03369764       2.29460444 
     -0.03353082       2.36335002 
       -0.033364       2.43543889 
     -0.03319718       2.50958337 
     -0.03303036       2.58578347 
     -0.03286354        2.6640392 
     -0.03269672       2.74435054 
      -0.0325299       2.82671751 
     -0.03236308       2.90955916 
     -0.03219626       2.99623193 
     -0.03202944       3.08521043 
     -0.03186262       3.17649467 
      -0.0316958       3.27008464 
     -0.03152898       3.36598036 
     -0.03136216        3.4641818 
     -0.03119534       3.56205996 
     -0.03102852       3.66502124 
      -0.0308617       3.77047009 
     -0.03069488       3.87840651 
     -0.03052806        3.9888305 
     -0.03036124       4.10174205 
     -0.03019442       4.21714118 
      -0.0300276       4.33502787 
     -0.02986078       4.44991011 
     -0.02969396       4.57289061 
     -0.02952714       4.69834336 
     -0.02936032       4.82626835 
      -0.0291935       4.95666558 
     -0.02902668       5.08953506 
     -0.02885986       5.22487678 
     -0.02869304       5.35431191 
     -0.02852622       5.49476892 
      -0.0283594        5.6376481 
     -0.02819258       5.78294944 
     -0.02802576       5.93067296 
     -0.02785894       6.08081864 
     -0.02769212       6.23338648 
      -0.0275253       6.39205504 
     -0.02735848       6.54837056 
     -0.02719166       6.70690002 
     -0.02702484       6.85515179 
     -0.02685802       7.01943516 
      -0.0266912       7.18692037 
     -0.02652438       7.35760743 
     -0.02635756       7.54010915 
     -0.02619074       7.71565476 
     -0.02602392       7.89347673 
      -0.0258571       8.07357507 
     -0.02569028       8.25772456 
     -0.02552346       8.43404084 
     -0.02535664       8.61701791 
     -0.02518982       8.80770926 
       -0.025023       8.99435503 
     -0.02485618       9.18324287 
     -0.02468936       9.37221006 
     -0.02452254       9.56210278 
     -0.02435572       9.75264264 
      -0.0241889       9.94427623 
     -0.02402208       10.1361425 
     -0.02385526       10.3289768 
     -0.02368844       10.5217274 
     -0.02352162       10.7152754 
      -0.0233548       10.9084308 
     -0.02318798       11.1015938 
     -0.02302116       11.2952566 
     -0.02285434       11.4881135 
     -0.02268752       11.6812073 
      -0.0225207       11.8732767 
     -0.02235388       12.0653169 
     -0.02218706       12.2561599 
     -0.02202024       12.4463355 
     -0.02185342       12.6359684 
      -0.0216866       12.8245374 
     -0.02151978       13.0121673 
     -0.02135296       13.1991249 
     -0.02118614       13.3847751 
     -0.02101932       13.5697214 
      -0.0208525        13.753788 
     -0.02068568       13.9403318 
     -0.02051886       14.1124414 
     -0.02035204        14.285317 
     -0.02018522       14.4555142 
      -0.0200184       14.6230331 
     -0.01985158        14.781175 
     -0.01968476       14.9473704 
     -0.01951794       15.1134444 
     -0.01935112       15.2793971 
      -0.0191843       15.4593441 
     -0.01901748       15.6192425 
     -0.01885066       15.7740257 
     -0.01868384       15.9376012 
     -0.01851702       16.0831109 
      -0.0183502       16.2243066 
     -0.01818338       16.3611885 
     -0.01801656       16.4937564 
     -0.01784974       16.6220104 
     -0.01768292       16.7459505 
      -0.0175161       16.7945551 
     -0.01734928       16.9156593 
     -0.01718246       17.0351338 
     -0.01701564       17.1529787 
     -0.01684882       17.2691941 
       -0.016682       17.3837798 
     -0.01651518        17.496736 
     -0.01634836        17.642037 
     -0.01618154       17.7494838 
     -0.01601472       17.8541119 
      -0.0158479       17.9559215 
     -0.01568108       18.0549124 
     -0.01551426       18.1510846 
     -0.01534744       18.2444383 
     -0.01518062       18.3316434 
      -0.0150138       18.4191851 
     -0.01484698       18.5041153 
     -0.01468016       18.5864341 
     -0.01451334       18.6661414 
     -0.01434652       18.7432372 
      -0.0141797       18.8177216 
     -0.01401288       18.8915196 
     -0.01384606       18.9611089 
     -0.01367924        19.028425 
     -0.01351242       19.0934677 
      -0.0133456       19.1562372 
     -0.01317878       19.2167335 
     -0.01301196       19.2749564 
     -0.01284514       19.3305636 
     -0.01267832       19.3845383 
      -0.0125115       19.4365787 
     -0.01234468       19.4866849 
     -0.01217786       19.5348568 
     -0.01201104       19.5810945 
     -0.01184422        19.625398 
      -0.0116774       19.6671257 
     -0.01151058       19.7078516 
     -0.01134376       19.7469851 
     -0.01117694        19.784526 
     -0.01101012       19.8204744 
      -0.0108433       19.8548303 
     -0.01067648       19.8875937 
     -0.01050966       19.9180219 
     -0.01034284       19.9478656 
     -0.01017602       19.9764387 
      -0.0100092       20.0037412 
     -0.00984238        20.029773 
     -0.00967556       20.0545342 
     -0.00950874       20.0780247 
     -0.00934192       20.0995128 
      -0.0091751       20.1206919 
     -0.00900828       20.1408885 
     -0.00884146       20.1601026 
     -0.00867464       20.1783341 
     -0.00850782       20.1955831 
       -0.008341       20.2118495 
     -0.00817418       20.2264741 
     -0.00800736        20.240967 
     -0.00784054       20.2547252 
     -0.00767372       20.2677485 
      -0.0075069       20.2800371 
     -0.00734008        20.291591 
     -0.00717326       20.3024101 
     -0.00700644       20.3119334 
     -0.00683962       20.3214374 
      -0.0066728       20.3304125 
     -0.00650598       20.3388587 
     -0.00633916       20.3467759 
     -0.00617234       20.3541642 
     -0.00600552       20.3610236 
      -0.0058387       20.3668986 
     -0.00567188       20.3728208 
     -0.00550506       20.3783793 
     -0.00533824       20.3835739 
     -0.00517142       20.3884047 
      -0.0050046       20.3928717 
     -0.00483778       20.3969749 
     -0.00467096       20.4003632 
     -0.00450414       20.4038302 
     -0.00433732       20.4070603 
      -0.0041705       20.4100536 
     -0.00400368       20.4128102 
     -0.00383686         20.41533 
     -0.00367004       20.4176129 
     -0.00350322       20.4194125 
      -0.0033364       20.4212886 
     -0.00316958       20.4230198 
     -0.00300276       20.4246061 
     -0.00283594       20.4260474 
     -0.00266912       20.4273438 
      -0.0025023       20.4284952 
     -0.00233548        20.428529 
     -0.00216866       20.4293948 
     -0.00200184       20.4301964 
     -0.00183502        20.430934 
      -0.0016682       20.4316074 
     -0.00150138       20.4322166 
     -0.00133456       20.4327618 
     -0.00116774       20.4338436 
     -0.00100092       20.4341957 
      -0.0008341       20.4344937 
     -0.00066728       20.4347374 
     -0.00050046        20.434927 
     -0.00033364       20.4350625 
     -0.00016682       20.4351437 
               0       20.4351708 
      0.00016682       20.4351437 
      0.00033364       20.4350625 
      0.00050046        20.434927 
      0.00066728       20.4347374 
       0.0008341       20.4344937 
      0.00100092       20.4341957 
      0.00116774       20.4338436 
      0.00133456       20.4327618 
      0.00150138       20.4322166 
       0.0016682       20.4316074 
      0.00183502        20.430934 
      0.00200184       20.4301964 
      0.00216866       20.4293948 
      0.00233548        20.428529 
       0.0025023       20.4284952 
      0.00266912       20.4273438 
      0.00283594       20.4260474 
      0.00300276       20.4246061 
      0.00316958       20.4230198 
       0.0033364       20.4212886 
      0.00350322       20.4194125 
      0.00367004       20.4176129 
      0.00383686         20.41533 
      0.00400368       20.4128102 
       0.0041705       20.4100536 
      0.00433732       20.4070603 
      0.00450414       20.4038302 
      0.00467096       20.4003632 
      0.00483778       20.3969749 
       0.0050046       20.3928717 
      0.00517142       20.3884047 
      0.00533824       20.3835739 
      0.00550506       20.3783793 
      0.00567188       20.3728208 
       0.0058387       20.3668986 
      0.00600552       20.3610236 
      0.00617234       20.3541642 
      0.00633916       20.3467759 
      0.00650598       20.3388587 
       0.0066728       20.3304125 
      0.00683962       20.3214374 
      0.00700644       20.3119334 
      0.00717326       20.3024101 
      0.00734008        20.291591 
       0.0075069       20.2800371 
      0.00767372       20.2677485 
      0.00784054       20.2547252 
      0.00800736        20.240967 
      0.00817418       20.2264741 
        0.008341       20.2118495 
      0.00850782       20.1955831 
      0.00867464       20.1783341 
      0.00884146       20.1601026 
      0.00900828       20.1408885 
       0.0091751       20.1206919 
      0.00934192       20.0995128 
      0.00950874       20.0780247 
      0.00967556       20.0545342 
      0.00984238        20.029773 
       0.0100092       20.0037412 
      0.01017602       19.9764387 
      0.01034284       19.9478656 
      0.01050966       19.9180219 
      0.01067648       19.8875937 
       0.0108433       19.8548303 
      0.01101012       19.8204744 
      0.01117694        19.784526 
      0.01134376       19.7469851 
      0.01151058       19.7078516 
       0.0116774       19.6671257 
      0.01184422        19.625398 
      0.01201104       19.5810945 
      0.01217786       19.5348568 
      0.01234468       19.4866849 
       0.0125115       19.4365787 
      0.01267832       19.3845383 
      0.01284514       19.3305636 
      0.01301196       19.2749564 
      0.01317878       19.2167335 
       0.0133456       19.1562372 
      0.01351242       19.0934677 
      0.01367924        19.028425 
      0.01384606       18.9611089 
      0.01401288       18.8915196 
       0.0141797       18.8177216 
      0.01434652       18.7432372 
      0.01451334       18.6661414 
      0.01468016       18.5864341 
      0.01484698       18.5041153 
       0.0150138       18.4191851 
      0.01518062       18.3316434 
      0.01534744       18.2444383 
      0.01551426       18.1510846 
      0.01568108       18.0549124 
       0.0158479       17.9559215 
      0.01601472       17.8541119 
      0.01618154       17.7494838 
      0.01634836        17.642037 
      0.01651518        17.496736 
        0.016682       17.3837798 
      0.01684882       17.2691941 
      0.01701564       17.1529787 
      0.01718246       17.0351338 
      0.01734928       16.9156593 
       0.0175161       16.7945551 
      0.01768292       16.7459505 
      0.01784974       16.6220104 
      0.01801656       16.4937564 
      0.01818338       16.3611885 
       0.0183502       16.2243066 
      0.01851702       16.0831109 
      0.01868384       15.9376012 
      0.01885066       15.7740257 
      0.01901748       15.6192425 
       0.0191843       15.4593441 
      0.01935112       15.2793971 
      0.01951794       15.1134444 
      0.01968476       14.9473704 
      0.01985158        14.781175 
       0.0200184       14.6230331 
      0.02018522       14.4555142 
      0.02035204        14.285317 
      0.02051886       14.1124414 
      0.02068568       13.9403318 
       0.0208525        13.753788 
      0.02101932       13.5697214 
      0.02118614       13.3847751 
      0.02135296       13.1991249 
      0.02151978       13.0121673 
       0.0216866       12.8245374 
      0.02185342       12.6359684 
      0.02202024       12.4463355 
      0.02218706       12.2561599 
      0.02235388       12.0653169 
       0.0225207       11.8732767 
      0.02268752       11.6812073 
      0.02285434       11.4881135 
      0.02302116       11.2952566 
      0.02318798       11.1015938 
       0.0233548       10.9084308 
      0.02352162       10.7152754 
      0.02368844       10.5217274 
      0.02385526       10.3289768 
      0.02402208       10.1361425 
       0.0241889       9.94427623 
      0.02435572       9.75264264 
      0.02452254       9.56210278 
      0.02468936       9.37221006 
      0.02485618       9.18324287 
        0.025023       8.99435503 
      0.02518982       8.80770926 
      0.02535664       8.61701791 
      0.02552346       8.43404084 
      0.02569028       8.25772456 
       0.0258571       8.07357507 
      0.02602392       7.89347673 
      0.02619074       7.71565476 
      0.02635756       7.54010915 
      0.02652438       7.35760743 
       0.0266912       7.18692037 
      0.02685802       7.01943516 
      0.02702484       6.85515179 
      0.02719166       6.70690002 
      0.02735848       6.54837056 
       0.0275253       6.39205504 
      0.02769212       6.23338648 
      0.02785894       6.08081864 
      0.02802576       5.93067296 
      0.02819258       5.78294944 
       0.0283594        5.6376481 
      0.02852622       5.49476892 
      0.02869304       5.35431191 
      0.02885986       5.22487678 
      0.02902668       5.08953506 
       0.0291935       4.95666558 
      0.02936032       4.82626835 
      0.02952714       4.69834336 
      0.02969396       4.57289061 
      0.02986078       4.44991011 
       0.0300276       4.33502787 
      0.03019442       4.21714118 
      0.03036124       4.10174205 
      0.03052806        3.9888305 
      0.03069488       3.87840651 
       0.0308617       3.77047009 
      0.03102852       3.66502124 
      0.03119534       3.56205996 
      0.03136216        3.4641818 
      0.03152898       3.36598036 
       0.0316958       3.27008464 
      0.03186262       3.17649467 
      0.03202944       3.08521043 
      0.03219626       2.99623193 
      0.03236308       2.90955916 
       0.0325299       2.82671751 
      0.03269672       2.74435054 
      0.03286354        2.6640392 
      0.03303036       2.58578347 
      0.03319718       2.50958337 
        0.033364       2.43543889 
      0.03353082       2.36335002 
      0.03369764       2.29460444 
      0.03386446       2.22631127 
      0.03403128        2.1598001 
       0.0341981       2.09507091 
      0.03436492       2.03212372 
      0.03453174       1.97095853 
      0.03469856       1.91157533 
      0.03486538       1.85508023 
       0.0350322       1.79897286 
      0.03519902        1.7443773 
      0.03536584       1.69129356 
      0.03553266       1.63972164 
      0.03569948       1.58966153 
       0.0358663       1.54111323 
      0.03603312       1.49501996 
      0.03619994       1.44925248 
      0.03636676       1.40474673 
      0.03653358       1.36150271 
       0.0367004       1.31952044 
      0.03686722        1.2787999 
      0.03703404       1.23934109 
      0.03720086       1.20193768 
      0.03736768       1.16480945 
       0.0375345        1.1287213 
      0.03770132       1.09367323 
      0.03786814       1.05966525 
      0.03803496       1.02669736 
      0.03820178      0.994769549 
       0.0383686      0.964540473 
      0.03853542      0.934546721 
      0.03870224      0.905402424 
      0.03886906      0.877107582 
      0.03903588      0.849662195 
       0.0392027      0.823066264 
      0.03936952      0.797319788 
      0.03953634      0.772962843 
      0.03970316      0.748809278 
      0.03986998       0.72534469 
       0.0400368      0.702569081 
      0.04020362      0.680482449 
      0.04037044      0.659084794 
      0.04053726      0.638376118 
      0.04070408      0.618794789 
       0.0408709      0.599390488 
      0.04103772      0.580542136 
      0.04120454      0.562249732 
      0.04137136      0.544513275 
      0.04153818      0.527332767 
        0.041705      0.510708207 
      0.04187182      0.494639595 
      0.04203864      0.479431211 
      0.04220546      0.464316958 
      0.04237228        0.4496496 
       0.0425391      0.435429139 
      0.04270592      0.421655574 
      0.04287274      0.408328906 
      0.04303956      0.395449133 
      0.04320638      0.383268299 
       0.0433732      0.371163913 
      0.04354002      0.359417751 
      0.04370684      0.348029812 
      0.04387366      0.337000098 
      0.04404048      0.326328607 
       0.0442073      0.316015341 
      0.04437412      0.306267736 
      0.04454094      0.296583084 
      0.04470776      0.287184982 
      0.04487458      0.278073429 
       0.0450414      0.269248425 
      0.04520822       0.26070997 
      0.04537504      0.252458065 
      0.04554186      0.244662434 
      0.04570868      0.236919304 
       0.0458755      0.229405037 
      0.04604232      0.222119634 
      0.04620914      0.215063096 
      0.04637596      0.208235422 
      0.04654278      0.201636612 
       0.0467096      0.195404788 
      0.04687642      0.189217225 
      0.04704324      0.183212248 
      0.04721006      0.177389857 
      0.04737688      0.171750051 
       0.0475437       0.16629283 
      0.04771052      0.161018196 
      0.04787734      0.156037985 
      0.04804416       0.15109543 
      0.04821098      0.146298418 
       0.0483778       0.14164695 
      0.04854462      0.137141026 
      0.04871144      0.132780645 
      0.04887826      0.128565809 
      0.04904508       0.12458665 
       0.0492119      0.120639752 
      0.04937872        0.1168088 
      0.04954554      0.113093794 
      0.04971236      0.109494733 
      0.04987918      0.106011619 
        0.050046       0.10264445 
      0.05021282      0.099465546 
      0.05037964     0.0963144281 
      0.05054646     0.0932556356 
      0.05071328     0.0902891685 
       0.0508801     0.0874150267 
      0.05104692     0.0846332103 
      0.05121374     0.0819437193 
      0.05138056     0.0794043302 
      0.05154738     0.0768889624 
       0.0517142      0.074447087 
      0.05188102     0.0720787042 
      0.05204784     0.0697838138 
      0.05221466     0.0675624159 
      0.05238148     0.0654145104 
       0.0525483     0.0633400975 
      0.05271512     0.0613784331 
      0.05288194     0.0594292893 
      0.05304876     0.0575386323 
      0.05321558     0.0557064623 
       0.0533824     0.0539327791 
      0.05354922     0.0522175828 
      0.05371604     0.0505608734 
      0.05388286     0.0489950647 
      0.05404968     0.0474393732 
       0.0542165     0.0459302184 
      0.05438332     0.0444676004 
      0.05455014     0.0430515192 
      0.05471696     0.0416819747 
      0.05488378     0.0403589669 
       0.0550506     0.0391091099 
      0.05521742     0.0378675402 
      0.05538424     0.0366629938 
      0.05555106     0.0354954709 
      0.05571788     0.0343649713 
       0.0558847     0.0332714952 
      0.05605152     0.0322150425 
      0.05621834     0.0312173525 
      0.05638516     0.0302265365 
      0.05655198     0.0292651724 
       0.0567188     0.0283332604 
      0.05688562     0.0274308004 
      0.05705244     0.0265577923 
      0.05721926     0.0257142363 
      0.05738608      0.024917805 
       0.0575529     0.0241271385 
      0.05771972     0.0233598994 
      0.05788654     0.0226160877 
      0.05805336     0.0218957034 
      0.05822018     0.0211987465 
        0.058387     0.0205252169 
      0.05855382     0.0198894167 
      0.05872064     0.0192584969 
      0.05888746     0.0186462112 
      0.05905428     0.0180525599 
       0.0592211     0.0174775428 
      0.05938792       0.01692116 
      0.05955474     0.0163834115 
      0.05972156     0.0158758219 
      0.05988838     0.0153723953 
       0.0600552     0.0148837901 
      0.06022202     0.0144100063 
      0.06038884     0.0139510439 
      0.06055566     0.0135069029 
      0.06072248     0.0130775833 
       0.0608893     0.0126723335 
      0.06105612     0.0122706559 
      0.06122294     0.0118807669 
      0.06138976     0.0115026665 
      0.06155658     0.0111363548 
       0.0617234     0.0107818318 
      0.06189022     0.0104390974 
      0.06205704     0.0101155433 
      0.06222386    0.00979506812 
      0.06239068    0.00948396951 
       0.0625575    0.00918224748 
      0.06272432    0.00888990205 
      0.06289114     0.0086069332 
      0.06305796    0.00833334095 
      0.06322478    0.00806912528 
       0.0633916    0.00781934012 
      0.06355842    0.00757112913 
      0.06372524    0.00733037654 
      0.06389206    0.00709708236 
      0.06405888    0.00687124659 
       0.0642257    0.00665286922 
      0.06439252    0.00644195025 
      0.06455934     0.0062426686 
      0.06472616    0.00604465469 
      0.06489298    0.00585257393 
       0.0650598    0.00566642634 
      0.06522662    0.00548621191 
      0.06539344    0.00531193063 
      0.06556026    0.00514358251 
      0.06572708    0.00498460325 
       0.0658939    0.00482666061 
      0.06606072    0.00467343854 
      0.06622754    0.00452493702 
      0.06639436    0.00438115607 
      0.06656118    0.00424209567 
        0.066728    0.00410775583 
      0.06689482    0.00398094639 
      0.06706164    0.00385499709 
      0.06722846    0.00373280455 
      0.06739528    0.00361436876 
       0.0675621    0.00349968972 
      0.06772892    0.00338876743 
      0.06789574     0.0032816019 
      0.06806256    0.00318047977 
      0.06822938    0.00308008123 
       0.0683962    0.00298267367 
      0.06856302    0.00288825709 
      0.06872984    0.00279683148 
      0.06889666    0.00270839684 
      0.06906348    0.00262295318 
       0.0692303    0.00254235257 
      0.06939712    0.00246236848 
      0.06956394    0.00238476729 
      0.06973076    0.00230954897 
      0.06989758    0.00223671355 
       0.0700644    0.00216626101 
      0.07023122    0.00209819135 
      0.07039804    0.00203399769 
      0.07056486    0.00197033559 
      0.07073168    0.00190857393 
       0.0708985    0.00184871272 
      0.07106532    0.00179075195 
      0.07123214    0.00173469162 
      0.07139896    0.00168053175 
      0.07156578    0.00162947043 
       0.0717326    0.00157887252 
      0.07189942    0.00152979284 
      0.07206624    0.00148223138 
      0.07223306    0.00143618815 
      0.07239988    0.00139166315 
       0.0725667    0.00134865638 
      0.07273352    0.00130812481 
      0.07290034    0.00126800146 
      0.07306716    0.00122909419 
      0.07323398    0.00119140301 
       0.0734008    0.00115492792 
      0.07356762    0.00111966891 
      0.07373444    0.00108562599 
      0.07390126    0.00105279916 
      0.07406808    0.00102185761 
       0.0742349   0.000991133001 
      0.07440172   0.000961386485 
      0.07456854   0.000932618061 
      0.07473536    0.00090482773 
      0.07490218   0.000878015492 
        0.075069   0.000852181347 
      0.07523582   0.000827880088 
      0.07540264   0.000803766498 
      0.07556946   0.000780444594 
      0.07573628   0.000757914376 
       0.0759031   0.000736175844 
      0.07606992   0.000715228999 
      0.07623674    0.00069507384 
      0.07640356   0.000676172105 
      0.07657038   0.000657435641 
       0.0767372   0.000639346183 
      0.07690402   0.000621903733 
      0.07707084    0.00060510829 
      0.07723766   0.000588959854 
      0.07740448   0.000573458425 
       0.0775713   0.000559000583 
      0.07773812   0.000544681913 
      0.07790494   0.000530899567 
      0.07807176   0.000517653545 
      0.07823858   0.000504943848 
       0.0784054   0.000492770475 
      0.07857222   0.000481133426 
      0.07873904   0.000470407067 
      0.07890586   0.000459772291 
      0.07907268   0.000449590637 
       0.0792395   0.000439862103 
      0.07940632   0.000430586691 
      0.07957314   0.000421764399 
      0.07973996   0.000413395228 
      0.07990678   0.000407317898 
       0.0800736   0.000399914555 
      0.08024042    0.00039287235 
      0.08040724   0.000386191285 
      0.08057406   0.000379871358 
      0.08074088    0.00037391257 
       0.0809077    0.00036831492 
      0.08107452   0.000361704999 
      0.08124134    0.00035682462 
      0.08140816   0.000352305751 
      0.08157498   0.000348148391 
       0.0817418   0.000344352541 
      0.08190862   0.000340918201 
      0.08207544    0.00033784537 
      0.08224226    0.00033440077 
      0.08240908   0.000331914163 
       0.0825759   0.000329810112 
      0.08274272   0.000328088615 
      0.08290954   0.000326749673 
      0.08307636   0.000325793286 
      0.08324318   0.000325219454 
         0.08341   0.000325028176 
