       -0.093426   8.72693414e-05 
    -0.093239148    8.7333517e-05 
    -0.093052296   8.75260436e-05 
    -0.092865444   8.78469214e-05 
    -0.092678592   8.82961504e-05 
     -0.09249174   8.88737304e-05 
    -0.092304888   8.95796616e-05 
    -0.092118036   9.05598379e-05 
    -0.091931184     9.147071e-05 
    -0.091744332   9.25030318e-05 
     -0.09155748   9.36568033e-05 
    -0.091370628   9.49320243e-05 
    -0.091183776    9.6328695e-05 
    -0.090996924   9.81923299e-05 
    -0.090810072   9.98299364e-05 
     -0.09062322   0.000101588847 
    -0.090436368   0.000103469062 
    -0.090249516   0.000105470581 
    -0.090062664   0.000107593405 
    -0.089875812   0.000109392917 
     -0.08968896   0.000111819468 
    -0.089502108   0.000114397263 
    -0.089315256   0.000117126304 
    -0.089128404   0.000120006589 
    -0.088941552   0.000123038119 
      -0.0887547   0.000126220894 
    -0.088567848   0.000129476256 
    -0.088380996   0.000133004022 
    -0.088194144   0.000136710079 
    -0.088007292   0.000140594428 
     -0.08782044   0.000144657069 
    -0.087633588   0.000148898001 
    -0.087446736    0.00015322743 
    -0.087259884   0.000157870731 
    -0.087073032    0.00016272822 
     -0.08688618   0.000167799897 
    -0.086699328   0.000173085762 
    -0.086512476   0.000178585816 
    -0.086325624   0.000184186548 
    -0.086138772   0.000190161909 
     -0.08595192   0.000196398265 
    -0.085765068   0.000202895617 
    -0.085578216   0.000209653962 
    -0.085391364   0.000216673303 
    -0.085204512   0.000223807921 
     -0.08501766   0.000231393527 
    -0.084830808   0.000239300271 
    -0.084643956   0.000247528155 
    -0.084457104   0.000256077178 
    -0.084270252   0.000264947339 
      -0.0840834    0.00027413864 
    -0.083896548   0.000283503509 
    -0.083709696   0.000293449849 
    -0.083522844   0.000303793895 
    -0.083335992   0.000314535649 
     -0.08314914   0.000325675108 
    -0.082962288   0.000337212275 
    -0.082775436    0.00034894189 
    -0.082588584   0.000361391841 
    -0.082401732   0.000374336409 
     -0.08221488   0.000387775592 
    -0.082028028   0.000401709392 
    -0.081841176   0.000416137807 
    -0.081654324   0.000430785925 
    -0.081467472   0.000446319782 
     -0.08128062   0.000462470461 
    -0.081093768   0.000479237962 
    -0.080906916   0.000496622285 
    -0.080720064    0.00051462343 
    -0.080533212   0.000532884931 
     -0.08034636   0.000552226073 
    -0.080159508   0.000572337786 
    -0.079972656   0.000593220071 
    -0.079785804   0.000614872928 
    -0.079598952   0.000637296356 
      -0.0794121   0.000660490356 
    -0.079225248   0.000684089855 
    -0.079038396   0.000709101842 
    -0.078851544   0.000735077552 
    -0.078664692   0.000762016986 
     -0.07847784   0.000789920142 
    -0.078290988   0.000818787022 
    -0.078104136   0.000848111368 
    -0.077917284   0.000879190664 
    -0.077730432   0.000911476108 
     -0.07754358   0.000944967698 
    -0.077356728   0.000979665435 
    -0.077169876    0.00101556932 
    -0.076983024    0.00105200386 
    -0.076796172    0.00109059926 
     -0.07660932    0.00113070489 
    -0.076422468    0.00117232075 
    -0.076235616    0.00121544684 
    -0.076048764    0.00126008316 
    -0.075861912    0.00130535681 
     -0.07567506    0.00135326577 
    -0.075488208    0.00140306624 
    -0.075301356    0.00145475823 
    -0.075114504    0.00150834173 
    -0.074927652    0.00156381674 
      -0.0747408    0.00162118326 
    -0.074553948    0.00167953915 
    -0.074367096     0.0017413602 
    -0.074180244    0.00180555071 
    -0.073993392    0.00187211071 
     -0.07380654    0.00194104017 
    -0.073619688    0.00201233911 
    -0.073432836    0.00208476038 
    -0.073245984    0.00216148644 
    -0.073059132    0.00224118102 
     -0.07287228    0.00232384414 
    -0.072685428    0.00240947579 
    -0.072498576    0.00249807597 
    -0.072311724    0.00258798464 
    -0.072124872     0.0026831922 
     -0.07193802    0.00278211905 
    -0.071751168    0.00288476519 
    -0.071564316    0.00299113062 
    -0.071377464    0.00310121534 
    -0.071190612    0.00321287844 
     -0.07100376    0.00333100121 
    -0.070816908    0.00345378406 
    -0.070630056    0.00358122701 
    -0.070443204    0.00371333005 
    -0.070256352    0.00385009319 
      -0.0700695    0.00399151641 
    -0.069882648    0.00413536744 
    -0.069695796    0.00428773976 
    -0.069508944    0.00444595107 
    -0.069322092    0.00461000137 
     -0.06913524    0.00477989065 
    -0.068948388    0.00495561892 
    -0.068761536    0.00513410801 
    -0.068574684    0.00532317822 
    -0.068387832    0.00551956459 
     -0.06820098    0.00572326714 
    -0.068014128    0.00593428585 
    -0.067827276    0.00615262074 
    -0.067640424     0.0063741826 
    -0.067453572    0.00660876252 
     -0.06726672    0.00685250947 
    -0.067079868    0.00710542347 
    -0.066893016    0.00736750451 
    -0.066706164    0.00763875259 
    -0.066519312     0.0079139031 
     -0.06633246    0.00820491452 
    -0.066145608    0.00850741199 
    -0.065958756    0.00882139552 
    -0.065771904     0.0091468651 
    -0.065585052    0.00948382072 
      -0.0653982     0.0098322624 
    -0.065211348     0.0101866552 
    -0.065024496     0.0105620246 
    -0.064837644     0.0109517854 
    -0.064650792     0.0113559378 
     -0.06446394     0.0117744816 
    -0.064277088     0.0122074169 
    -0.064090236     0.0126471304 
    -0.063903384     0.0131128769 
    -0.063716532      0.013596655 
     -0.06352968     0.0140984644 
    -0.063342828     0.0146183052 
    -0.063155976     0.0151561775 
    -0.062969124     0.0157019871 
    -0.062782272     0.0162798074 
     -0.06259542      0.016880219 
    -0.062408568     0.0175032218 
    -0.062221716     0.0181488158 
    -0.062034864     0.0188170011 
    -0.061848012     0.0194948043 
     -0.06166116     0.0202115849 
    -0.061474308     0.0209566684 
    -0.061287456     0.0217300549 
    -0.061100604     0.0225317442 
    -0.060913752     0.0233617366 
      -0.0607269     0.0242200318 
    -0.060540048     0.0250928827 
    -0.060353196     0.0260173916 
    -0.060166344      0.026977357 
    -0.059979492     0.0279727791 
     -0.05979264     0.0290036577 
    -0.059605788      0.030069993 
    -0.059418936     0.0311529251 
    -0.059232084     0.0322999262 
    -0.059045232     0.0334913422 
     -0.05885838     0.0347271731 
    -0.058671528     0.0360074188 
    -0.058484676     0.0373320794 
    -0.058297824     0.0386762027 
    -0.058110972     0.0400990513 
     -0.05792412     0.0415775304 
    -0.057737268     0.0431116401 
    -0.057550416     0.0447013803 
    -0.057363564     0.0463467511 
    -0.057176712      0.048015742 
     -0.05698986     0.0497805186 
    -0.056803008     0.0516149635 
    -0.056616156     0.0535190767 
    -0.056429304     0.0554928584 
    -0.056242452     0.0575363085 
      -0.0560556     0.0596494269 
    -0.055868748      0.061798036 
    -0.055681896     0.0640737817 
    -0.055495044      0.066436759 
    -0.055308192     0.0688869679 
     -0.05512134     0.0714244085 
    -0.054934488     0.0740490806 
    -0.054747636     0.0767142423 
    -0.054560784     0.0795369234 
    -0.054373932     0.0824687984 
     -0.05418708     0.0855098674 
    -0.054000228     0.0886601303 
    -0.053813376     0.0919195871 
    -0.053626524     0.0952265626 
    -0.053439672     0.0987268619 
     -0.05325282      0.102363799 
    -0.053065968      0.106137373 
    -0.052879116      0.110047584 
    -0.052692264      0.114094433 
    -0.052505412         0.118199 
     -0.05231856      0.122538462 
    -0.052131708       0.12704882 
    -0.051944856      0.131730075 
    -0.051758004      0.136582226 
    -0.051571152      0.141605274 
      -0.0513843      0.146799218 
    -0.051197448      0.152079204 
    -0.051010596       0.15767093 
    -0.050823744      0.163476264 
    -0.050636892      0.169495205 
     -0.05045004      0.175727754 
    -0.050263188      0.182173911 
    -0.050076336      0.188718192 
    -0.049889484      0.195647772 
    -0.049702632      0.202844111 
     -0.04951578      0.210307212 
    -0.049328928      0.218037072 
    -0.049142076      0.226033693 
    -0.048955224      0.234145443 
    -0.048768372      0.242728659 
     -0.04858152      0.251644622 
    -0.048394668      0.260893331 
    -0.048207816      0.270474788 
    -0.048020964       0.28038899 
    -0.047834112      0.290442937 
     -0.04764726      0.301067661 
    -0.047460408       0.31210678 
    -0.047273556      0.323560295 
    -0.047086704      0.335428205 
    -0.046899852      0.347710511 
       -0.046713      0.360407212 
    -0.046526148      0.373309788 
    -0.046339296      0.386965931 
    -0.046152444      0.401137045 
    -0.045965592      0.415823129 
     -0.04577874      0.431024184 
    -0.045591888       0.44674021 
    -0.045405036      0.462690605 
    -0.045218184      0.479565507 
    -0.045031332      0.497078515 
     -0.04484448      0.515229628 
    -0.044657628      0.534018845 
    -0.044470776      0.553446167 
    -0.044283924      0.573147913 
    -0.044097072      0.593970429 
     -0.04391022      0.615580549 
    -0.043723368      0.637978273 
    -0.043536516      0.661163602 
    -0.043349664      0.685136534 
    -0.043162812      0.709441273 
     -0.04297596      0.735087322 
    -0.042789108      0.761700423 
    -0.042602256      0.789280579 
    -0.042415404      0.817827787 
    -0.042228552      0.847342048 
      -0.0420417      0.877823363 
    -0.041854848      0.908781407 
    -0.041667996      0.941471773 
    -0.041481144      0.975341237 
    -0.041294292        1.0103898 
     -0.04110744       1.04661746 
    -0.040920588       1.08402422 
    -0.040733736       1.12197173 
    -0.040546884       1.16199401 
    -0.040360032       1.20344056 
     -0.04017318       1.24631138 
    -0.039986328       1.29060648 
    -0.039799476       1.33632586 
    -0.039612624       1.38267427 
    -0.039425772        1.4314636 
     -0.03923892       1.48195217 
    -0.039052068       1.53413998 
    -0.038865216       1.58802702 
    -0.038678364       1.64361331 
    -0.038491512       1.69994529 
     -0.03830466       1.75909694 
    -0.038117808       1.82024296 
    -0.037930956       1.88338334 
    -0.037744104       1.94851809 
    -0.037557252        2.0156472 
      -0.0373704       2.08477068 
    -0.037183548       2.15487521 
    -0.036996696       2.22838312 
    -0.036809844       2.30418208 
    -0.036622992       2.38227208 
     -0.03643614       2.46265312 
    -0.036249288        2.5453252 
    -0.036062436        2.6290163 
    -0.035875584       2.71657094 
    -0.035688732       2.80668531 
     -0.03550188       2.89935943 
    -0.035315028        2.9945933 
    -0.035128176       3.09238691 
    -0.034941324       3.19055115 
    -0.034754472       3.29365697 
     -0.03456762       3.39951557 
    -0.034380768       3.50812694 
    -0.034193916        3.6194911 
    -0.034007064       3.73360804 
    -0.033820212       3.84572741 
     -0.03363336       3.96547548 
    -0.033446508       4.08795729 
    -0.033259656       4.21317285 
    -0.033072804       4.34112215 
    -0.032885952       4.47180519 
      -0.0326991       4.60522197 
    -0.032512248       4.73369598 
    -0.032325396       4.87274735 
    -0.032138544       5.01447445 
    -0.031951692       5.15887727 
     -0.03176484       5.30595582 
    -0.031577988       5.45571009 
    -0.031391136       5.61218096 
    -0.031204284       5.76606284 
    -0.031017432       5.92232732 
     -0.03083058       6.06968831 
    -0.030643728       6.23233941 
    -0.030456876       6.39850121 
    -0.030270024       6.57589813 
    -0.030083172       6.74790888 
     -0.02989632       6.92240989 
    -0.029709468       7.09940116 
    -0.029522616       7.28028786 
    -0.029335764       7.45442678 
    -0.029148912       7.63502313 
     -0.02896206       7.82249385 
    -0.028775208       8.00753975 
    -0.028588356       8.19288729 
    -0.028401504       8.37927325 
    -0.028214652       8.56639388 
      -0.0280278       8.75463198 
    -0.027840948       8.94315553 
    -0.027654096        9.1325897 
    -0.027467244        9.3219331 
    -0.027280392       9.51144661 
     -0.02709354       9.70150614 
    -0.026906688       9.89093416 
    -0.026719836       10.0800819 
    -0.026532984       10.2693263 
    -0.026346132       10.4574811 
     -0.02615928        10.645405 
    -0.025972428       10.8319905 
    -0.025785576        11.017699 
    -0.025598724       11.2026096 
    -0.025411872       11.3862222 
     -0.02522502       11.5689974 
    -0.025038168       11.7502946 
    -0.024851316       11.9306605 
    -0.024664464       12.1132255 
    -0.024477612       12.2903913 
     -0.02429076       12.4565543 
    -0.024103908       12.6234753 
    -0.023917056       12.7873494 
    -0.023730204       12.9419487 
    -0.023543352       13.1032187 
      -0.0233565       13.2642348 
    -0.023169648        13.438625 
    -0.022982796       13.5974358 
    -0.022795944       13.7504656 
    -0.022609092       13.8977144 
     -0.02242224       14.0508747 
    -0.022235388       14.1879908 
    -0.022048536       14.3202885 
    -0.021861684       14.4477676 
    -0.021674832       14.5704282 
     -0.02148798       14.6882702 
    -0.021301128       14.7395223 
    -0.021114276       14.8540694 
    -0.020927424       14.9666981 
    -0.020740572       15.0774084 
     -0.02055372       15.1862004 
    -0.020366868       15.2930739 
    -0.020180016        15.428443 
    -0.019993164       15.5294077 
    -0.019806312       15.6271703 
     -0.01961946       15.7217307 
    -0.019432608        15.813089 
    -0.019245756       15.9012452 
    -0.019058904       15.9861992 
    -0.018872052       16.0648548 
      -0.0186852       16.1433924 
    -0.018498348       16.2189719 
    -0.018311496       16.2915933 
    -0.018124644       16.3612566 
    -0.017937792       16.4279618 
     -0.01775094        16.493349 
    -0.017564088       16.5545681 
    -0.017377236       16.6132206 
    -0.017190384       16.6693066 
    -0.017003532       16.7228259 
     -0.01681668       16.7737786 
    -0.016629828       16.8217235 
    -0.016442976       16.8678102 
    -0.016256124       16.9117242 
    -0.016069272       16.9534655 
     -0.01588242       16.9930341 
    -0.015695568       17.0304299 
    -0.015508716        17.065653 
    -0.015321864       17.0981243 
    -0.015135012       17.1295214 
     -0.01494816       17.1591419 
    -0.014761308       17.1869859 
    -0.014574456       17.2130533 
    -0.014387604       17.2373442 
    -0.014200752       17.2591092 
      -0.0140139       17.2801995 
    -0.013827048       17.2998863 
    -0.013640196       17.3181695 
    -0.013453344       17.3350492 
    -0.013266492       17.3505254 
     -0.01307964       17.3645979 
    -0.012892788          17.3767 
    -0.012705936        17.388494 
    -0.012519084       17.3992191 
    -0.012332232       17.4088753 
     -0.01214538       17.4174626 
    -0.011958528        17.424981 
    -0.011771676       17.4308198 
    -0.011584824       17.4365523 
    -0.011397972       17.4415055 
     -0.01121112       17.4456796 
    -0.011024268       17.4490743 
    -0.010837416       17.4516899 
    -0.010650564       17.4529531 
    -0.010463712       17.4542179 
     -0.01027686       17.4549473 
    -0.010090008       17.4551414 
    -0.009903156       17.4548002 
    -0.009716304       17.4539236 
    -0.009529452       17.4525118 
      -0.0093426       17.4501728 
    -0.009155748       17.4479891 
    -0.008968896       17.4454708 
    -0.008782044        17.442618 
    -0.008595192       17.4394307 
     -0.00840834       17.4359087 
    -0.008221488       17.4316854 
    -0.008034636       17.4276767 
    -0.007847784       17.4234955 
    -0.007660932       17.4191416 
     -0.00747408        17.414615 
    -0.007287228       17.4099159 
    -0.007100376       17.4047309 
    -0.006913524       17.3997845 
    -0.006726672       17.3947937 
     -0.00653982       17.3897583 
    -0.006352968       17.3846783 
    -0.006166116       17.3795537 
    -0.005979264       17.3743846 
    -0.005792412       17.3689631 
     -0.00560556       17.3638442 
    -0.005418708       17.3587798 
    -0.005231856       17.3537698 
    -0.005045004       17.3488142 
    -0.004858152        17.343913 
      -0.0046713       17.3388883 
    -0.004484448       17.3341742 
    -0.004297596       17.3295887 
    -0.004110744       17.3251317 
    -0.003923892       17.3208033 
     -0.00373704       17.3166033 
    -0.003550188       17.3123811 
    -0.003363336       17.3084764 
    -0.003176484       17.3047525 
    -0.002989632       17.3012094 
     -0.00280278       17.2978472 
    -0.002615928       17.2946658 
    -0.002429076       17.2916652 
    -0.002242224       17.2876563 
    -0.002055372       17.2850385 
     -0.00186852       17.2826483 
    -0.001681668       17.2804858 
    -0.001494816       17.2785509 
    -0.001307964       17.2768436 
    -0.001121112       17.2752986 
     -0.00093426       17.2739329 
    -0.000747408       17.2728155 
    -0.000560556       17.2719464 
    -0.000373704       17.2713256 
    -0.000186852       17.2709531 
               0       17.2708289 
     0.000186852       17.2709531 
     0.000373704       17.2713256 
     0.000560556       17.2719464 
     0.000747408       17.2728155 
      0.00093426       17.2739329 
     0.001121112       17.2752986 
     0.001307964       17.2768436 
     0.001494816       17.2785509 
     0.001681668       17.2804858 
      0.00186852       17.2826483 
     0.002055372       17.2850385 
     0.002242224       17.2876563 
     0.002429076       17.2916652 
     0.002615928       17.2946658 
      0.00280278       17.2978472 
     0.002989632       17.3012094 
     0.003176484       17.3047525 
     0.003363336       17.3084764 
     0.003550188       17.3123811 
      0.00373704       17.3166033 
     0.003923892       17.3208033 
     0.004110744       17.3251317 
     0.004297596       17.3295887 
     0.004484448       17.3341742 
       0.0046713       17.3388883 
     0.004858152        17.343913 
     0.005045004       17.3488142 
     0.005231856       17.3537698 
     0.005418708       17.3587798 
      0.00560556       17.3638442 
     0.005792412       17.3689631 
     0.005979264       17.3743846 
     0.006166116       17.3795537 
     0.006352968       17.3846783 
      0.00653982       17.3897583 
     0.006726672       17.3947937 
     0.006913524       17.3997845 
     0.007100376       17.4047309 
     0.007287228       17.4099159 
      0.00747408        17.414615 
     0.007660932       17.4191416 
     0.007847784       17.4234955 
     0.008034636       17.4276767 
     0.008221488       17.4316854 
      0.00840834       17.4359087 
     0.008595192       17.4394307 
     0.008782044        17.442618 
     0.008968896       17.4454708 
     0.009155748       17.4479891 
       0.0093426       17.4501728 
     0.009529452       17.4525118 
     0.009716304       17.4539236 
     0.009903156       17.4548002 
     0.010090008       17.4551414 
      0.01027686       17.4549473 
     0.010463712       17.4542179 
     0.010650564       17.4529531 
     0.010837416       17.4516899 
     0.011024268       17.4490743 
      0.01121112       17.4456796 
     0.011397972       17.4415055 
     0.011584824       17.4365523 
     0.011771676       17.4308198 
     0.011958528        17.424981 
      0.01214538       17.4174626 
     0.012332232       17.4088753 
     0.012519084       17.3992191 
     0.012705936        17.388494 
     0.012892788          17.3767 
      0.01307964       17.3645979 
     0.013266492       17.3505254 
     0.013453344       17.3350492 
     0.013640196       17.3181695 
     0.013827048       17.2998863 
       0.0140139       17.2801995 
     0.014200752       17.2591092 
     0.014387604       17.2373442 
     0.014574456       17.2130533 
     0.014761308       17.1869859 
      0.01494816       17.1591419 
     0.015135012       17.1295214 
     0.015321864       17.0981243 
     0.015508716        17.065653 
     0.015695568       17.0304299 
      0.01588242       16.9930341 
     0.016069272       16.9534655 
     0.016256124       16.9117242 
     0.016442976       16.8678102 
     0.016629828       16.8217235 
      0.01681668       16.7737786 
     0.017003532       16.7228259 
     0.017190384       16.6693066 
     0.017377236       16.6132206 
     0.017564088       16.5545681 
      0.01775094        16.493349 
     0.017937792       16.4279618 
     0.018124644       16.3612566 
     0.018311496       16.2915933 
     0.018498348       16.2189719 
       0.0186852       16.1433924 
     0.018872052       16.0648548 
     0.019058904       15.9861992 
     0.019245756       15.9012452 
     0.019432608        15.813089 
      0.01961946       15.7217307 
     0.019806312       15.6271703 
     0.019993164       15.5294077 
     0.020180016        15.428443 
     0.020366868       15.2930739 
      0.02055372       15.1862004 
     0.020740572       15.0774084 
     0.020927424       14.9666981 
     0.021114276       14.8540694 
     0.021301128       14.7395223 
      0.02148798       14.6882702 
     0.021674832       14.5704282 
     0.021861684       14.4477676 
     0.022048536       14.3202885 
     0.022235388       14.1879908 
      0.02242224       14.0508747 
     0.022609092       13.8977144 
     0.022795944       13.7504656 
     0.022982796       13.5974358 
     0.023169648        13.438625 
       0.0233565       13.2642348 
     0.023543352       13.1032187 
     0.023730204       12.9419487 
     0.023917056       12.7873494 
     0.024103908       12.6234753 
      0.02429076       12.4565543 
     0.024477612       12.2903913 
     0.024664464       12.1132255 
     0.024851316       11.9306605 
     0.025038168       11.7502946 
      0.02522502       11.5689974 
     0.025411872       11.3862222 
     0.025598724       11.2026096 
     0.025785576        11.017699 
     0.025972428       10.8319905 
      0.02615928        10.645405 
     0.026346132       10.4574811 
     0.026532984       10.2693263 
     0.026719836       10.0800819 
     0.026906688       9.89093416 
      0.02709354       9.70150614 
     0.027280392       9.51144661 
     0.027467244        9.3219331 
     0.027654096        9.1325897 
     0.027840948       8.94315553 
       0.0280278       8.75463198 
     0.028214652       8.56639388 
     0.028401504       8.37927325 
     0.028588356       8.19288729 
     0.028775208       8.00753975 
      0.02896206       7.82249385 
     0.029148912       7.63502313 
     0.029335764       7.45442678 
     0.029522616       7.28028786 
     0.029709468       7.09940116 
      0.02989632       6.92240989 
     0.030083172       6.74790888 
     0.030270024       6.57589813 
     0.030456876       6.39850121 
     0.030643728       6.23233941 
      0.03083058       6.06968831 
     0.031017432       5.92232732 
     0.031204284       5.76606284 
     0.031391136       5.61218096 
     0.031577988       5.45571009 
      0.03176484       5.30595582 
     0.031951692       5.15887727 
     0.032138544       5.01447445 
     0.032325396       4.87274735 
     0.032512248       4.73369598 
       0.0326991       4.60522197 
     0.032885952       4.47180519 
     0.033072804       4.34112215 
     0.033259656       4.21317285 
     0.033446508       4.08795729 
      0.03363336       3.96547548 
     0.033820212       3.84572741 
     0.034007064       3.73360804 
     0.034193916        3.6194911 
     0.034380768       3.50812694 
      0.03456762       3.39951557 
     0.034754472       3.29365697 
     0.034941324       3.19055115 
     0.035128176       3.09238691 
     0.035315028        2.9945933 
      0.03550188       2.89935943 
     0.035688732       2.80668531 
     0.035875584       2.71657094 
     0.036062436        2.6290163 
     0.036249288        2.5453252 
      0.03643614       2.46265312 
     0.036622992       2.38227208 
     0.036809844       2.30418208 
     0.036996696       2.22838312 
     0.037183548       2.15487521 
       0.0373704       2.08477068 
     0.037557252        2.0156472 
     0.037744104       1.94851809 
     0.037930956       1.88338334 
     0.038117808       1.82024296 
      0.03830466       1.75909694 
     0.038491512       1.69994529 
     0.038678364       1.64361331 
     0.038865216       1.58802702 
     0.039052068       1.53413998 
      0.03923892       1.48195217 
     0.039425772        1.4314636 
     0.039612624       1.38267427 
     0.039799476       1.33632586 
     0.039986328       1.29060648 
      0.04017318       1.24631138 
     0.040360032       1.20344056 
     0.040546884       1.16199401 
     0.040733736       1.12197173 
     0.040920588       1.08402422 
      0.04110744       1.04661746 
     0.041294292        1.0103898 
     0.041481144      0.975341237 
     0.041667996      0.941471773 
     0.041854848      0.908781407 
       0.0420417      0.877823363 
     0.042228552      0.847342048 
     0.042415404      0.817827787 
     0.042602256      0.789280579 
     0.042789108      0.761700423 
      0.04297596      0.735087322 
     0.043162812      0.709441273 
     0.043349664      0.685136534 
     0.043536516      0.661163602 
     0.043723368      0.637978273 
      0.04391022      0.615580549 
     0.044097072      0.593970429 
     0.044283924      0.573147913 
     0.044470776      0.553446167 
     0.044657628      0.534018845 
      0.04484448      0.515229628 
     0.045031332      0.497078515 
     0.045218184      0.479565507 
     0.045405036      0.462690605 
     0.045591888       0.44674021 
      0.04577874      0.431024184 
     0.045965592      0.415823129 
     0.046152444      0.401137045 
     0.046339296      0.386965931 
     0.046526148      0.373309788 
        0.046713      0.360407212 
     0.046899852      0.347710511 
     0.047086704      0.335428205 
     0.047273556      0.323560295 
     0.047460408       0.31210678 
      0.04764726      0.301067661 
     0.047834112      0.290442937 
     0.048020964       0.28038899 
     0.048207816      0.270474788 
     0.048394668      0.260893331 
      0.04858152      0.251644622 
     0.048768372      0.242728659 
     0.048955224      0.234145443 
     0.049142076      0.226033693 
     0.049328928      0.218037072 
      0.04951578      0.210307212 
     0.049702632      0.202844111 
     0.049889484      0.195647772 
     0.050076336      0.188718192 
     0.050263188      0.182173911 
      0.05045004      0.175727754 
     0.050636892      0.169495205 
     0.050823744      0.163476264 
     0.051010596       0.15767093 
     0.051197448      0.152079204 
       0.0513843      0.146799218 
     0.051571152      0.141605274 
     0.051758004      0.136582226 
     0.051944856      0.131730075 
     0.052131708       0.12704882 
      0.05231856      0.122538462 
     0.052505412         0.118199 
     0.052692264      0.114094433 
     0.052879116      0.110047584 
     0.053065968      0.106137373 
      0.05325282      0.102363799 
     0.053439672     0.0987268619 
     0.053626524     0.0952265626 
     0.053813376     0.0919195871 
     0.054000228     0.0886601303 
      0.05418708     0.0855098674 
     0.054373932     0.0824687984 
     0.054560784     0.0795369234 
     0.054747636     0.0767142423 
     0.054934488     0.0740490806 
      0.05512134     0.0714244085 
     0.055308192     0.0688869679 
     0.055495044      0.066436759 
     0.055681896     0.0640737817 
     0.055868748      0.061798036 
       0.0560556     0.0596494269 
     0.056242452     0.0575363085 
     0.056429304     0.0554928584 
     0.056616156     0.0535190767 
     0.056803008     0.0516149635 
      0.05698986     0.0497805186 
     0.057176712      0.048015742 
     0.057363564     0.0463467511 
     0.057550416     0.0447013803 
     0.057737268     0.0431116401 
      0.05792412     0.0415775304 
     0.058110972     0.0400990513 
     0.058297824     0.0386762027 
     0.058484676     0.0373320794 
     0.058671528     0.0360074188 
      0.05885838     0.0347271731 
     0.059045232     0.0334913422 
     0.059232084     0.0322999262 
     0.059418936     0.0311529251 
     0.059605788      0.030069993 
      0.05979264     0.0290036577 
     0.059979492     0.0279727791 
     0.060166344      0.026977357 
     0.060353196     0.0260173916 
     0.060540048     0.0250928827 
       0.0607269     0.0242200318 
     0.060913752     0.0233617366 
     0.061100604     0.0225317442 
     0.061287456     0.0217300549 
     0.061474308     0.0209566684 
      0.06166116     0.0202115849 
     0.061848012     0.0194948043 
     0.062034864     0.0188170011 
     0.062221716     0.0181488158 
     0.062408568     0.0175032218 
      0.06259542      0.016880219 
     0.062782272     0.0162798074 
     0.062969124     0.0157019871 
     0.063155976     0.0151561775 
     0.063342828     0.0146183052 
      0.06352968     0.0140984644 
     0.063716532      0.013596655 
     0.063903384     0.0131128769 
     0.064090236     0.0126471304 
     0.064277088     0.0122074169 
      0.06446394     0.0117744816 
     0.064650792     0.0113559378 
     0.064837644     0.0109517854 
     0.065024496     0.0105620246 
     0.065211348     0.0101866552 
       0.0653982     0.0098322624 
     0.065585052    0.00948382072 
     0.065771904     0.0091468651 
     0.065958756    0.00882139552 
     0.066145608    0.00850741199 
      0.06633246    0.00820491452 
     0.066519312     0.0079139031 
     0.066706164    0.00763875259 
     0.066893016    0.00736750451 
     0.067079868    0.00710542347 
      0.06726672    0.00685250947 
     0.067453572    0.00660876252 
     0.067640424     0.0063741826 
     0.067827276    0.00615262074 
     0.068014128    0.00593428585 
      0.06820098    0.00572326714 
     0.068387832    0.00551956459 
     0.068574684    0.00532317822 
     0.068761536    0.00513410801 
     0.068948388    0.00495561892 
      0.06913524    0.00477989065 
     0.069322092    0.00461000137 
     0.069508944    0.00444595107 
     0.069695796    0.00428773976 
     0.069882648    0.00413536744 
       0.0700695    0.00399151641 
     0.070256352    0.00385009319 
     0.070443204    0.00371333005 
     0.070630056    0.00358122701 
     0.070816908    0.00345378406 
      0.07100376    0.00333100121 
     0.071190612    0.00321287844 
     0.071377464    0.00310121534 
     0.071564316    0.00299113062 
     0.071751168    0.00288476519 
      0.07193802    0.00278211905 
     0.072124872     0.0026831922 
     0.072311724    0.00258798464 
     0.072498576    0.00249807597 
     0.072685428    0.00240947579 
      0.07287228    0.00232384414 
     0.073059132    0.00224118102 
     0.073245984    0.00216148644 
     0.073432836    0.00208476038 
     0.073619688    0.00201233911 
      0.07380654    0.00194104017 
     0.073993392    0.00187211071 
     0.074180244    0.00180555071 
     0.074367096     0.0017413602 
     0.074553948    0.00167953915 
       0.0747408    0.00162118326 
     0.074927652    0.00156381674 
     0.075114504    0.00150834173 
     0.075301356    0.00145475823 
     0.075488208    0.00140306624 
      0.07567506    0.00135326577 
     0.075861912    0.00130535681 
     0.076048764    0.00126008316 
     0.076235616    0.00121544684 
     0.076422468    0.00117232075 
      0.07660932    0.00113070489 
     0.076796172    0.00109059926 
     0.076983024    0.00105200386 
     0.077169876    0.00101556932 
     0.077356728   0.000979665435 
      0.07754358   0.000944967698 
     0.077730432   0.000911476108 
     0.077917284   0.000879190664 
     0.078104136   0.000848111368 
     0.078290988   0.000818787022 
      0.07847784   0.000789920142 
     0.078664692   0.000762016986 
     0.078851544   0.000735077552 
     0.079038396   0.000709101842 
     0.079225248   0.000684089855 
       0.0794121   0.000660490356 
     0.079598952   0.000637296356 
     0.079785804   0.000614872928 
     0.079972656   0.000593220071 
     0.080159508   0.000572337786 
      0.08034636   0.000552226073 
     0.080533212   0.000532884931 
     0.080720064    0.00051462343 
     0.080906916   0.000496622285 
     0.081093768   0.000479237962 
      0.08128062   0.000462470461 
     0.081467472   0.000446319782 
     0.081654324   0.000430785925 
     0.081841176   0.000416137807 
     0.082028028   0.000401709392 
      0.08221488   0.000387775592 
     0.082401732   0.000374336409 
     0.082588584   0.000361391841 
     0.082775436    0.00034894189 
     0.082962288   0.000337212275 
      0.08314914   0.000325675108 
     0.083335992   0.000314535649 
     0.083522844   0.000303793895 
     0.083709696   0.000293449849 
     0.083896548   0.000283503509 
       0.0840834    0.00027413864 
     0.084270252   0.000264947339 
     0.084457104   0.000256077178 
     0.084643956   0.000247528155 
     0.084830808   0.000239300271 
      0.08501766   0.000231393527 
     0.085204512   0.000223807921 
     0.085391364   0.000216673303 
     0.085578216   0.000209653962 
     0.085765068   0.000202895617 
      0.08595192   0.000196398265 
     0.086138772   0.000190161909 
     0.086325624   0.000184186548 
     0.086512476   0.000178585816 
     0.086699328   0.000173085762 
      0.08688618   0.000167799897 
     0.087073032    0.00016272822 
     0.087259884   0.000157870731 
     0.087446736    0.00015322743 
     0.087633588   0.000148898001 
      0.08782044   0.000144657069 
     0.088007292   0.000140594428 
     0.088194144   0.000136710079 
     0.088380996   0.000133004022 
     0.088567848   0.000129476256 
       0.0887547   0.000126220894 
     0.088941552   0.000123038119 
     0.089128404   0.000120006589 
     0.089315256   0.000117126304 
     0.089502108   0.000114397263 
      0.08968896   0.000111819468 
     0.089875812   0.000109392917 
     0.090062664   0.000107593405 
     0.090249516   0.000105470581 
     0.090436368   0.000103469062 
      0.09062322   0.000101588847 
     0.090810072   9.98299364e-05 
     0.090996924   9.81923299e-05 
     0.091183776    9.6328695e-05 
     0.091370628   9.49320243e-05 
      0.09155748   9.36568033e-05 
     0.091744332   9.25030318e-05 
     0.091931184     9.147071e-05 
     0.092118036   9.05598379e-05 
     0.092304888   8.95796616e-05 
      0.09249174   8.88737304e-05 
     0.092678592   8.82961504e-05 
     0.092865444   8.78469214e-05 
     0.093052296   8.75260436e-05 
     0.093239148    8.7333517e-05 
        0.093426   8.72693414e-05 
