      -0.0941465   7.95042332e-05 
    -0.093958207   7.95637125e-05 
    -0.093769914   7.97421504e-05 
    -0.093581621   8.00395468e-05 
    -0.093393328   8.04559018e-05 
    -0.093205035   8.09912154e-05 
    -0.093016742   8.16454876e-05 
    -0.092828449   8.25557116e-05 
    -0.092640156   8.33994161e-05 
    -0.092451863   8.43556145e-05 
     -0.09226357   8.54243068e-05 
    -0.092075277   8.66054931e-05 
    -0.091886984   8.78991733e-05 
    -0.091698691   8.96292454e-05 
    -0.091510398   9.11462113e-05 
    -0.091322105   9.27755452e-05 
    -0.091133812   9.45172468e-05 
    -0.090945519   9.63713163e-05 
    -0.090757226   9.83377537e-05 
    -0.090568933   0.000100000796 
     -0.09038064    0.00010224977 
    -0.090192347   0.000104639252 
    -0.090004054   0.000107169241 
    -0.089815761   0.000109839738 
    -0.089627468   0.000112650742 
    -0.089439175   0.000115513405 
    -0.089250882   0.000118620425 
    -0.089062589   0.000121893387 
    -0.088874296   0.000125332293 
    -0.088686003   0.000128937142 
     -0.08849771   0.000132707933 
    -0.088309417   0.000136644668 
    -0.088121124   0.000140662507 
    -0.087932831   0.000144975001 
    -0.087744538   0.000149487232 
    -0.087556245     0.0001541992 
    -0.087367952   0.000159110904 
    -0.087179659   0.000164222345 
    -0.086991366   0.000169425822 
    -0.086803073   0.000174982172 
     -0.08661478   0.000180782373 
    -0.086426487   0.000186826425 
    -0.086238194   0.000193114327 
    -0.086049901   0.000199646081 
    -0.085861608   0.000206282837 
    -0.085673315   0.000213345877 
    -0.085485022   0.000220709522 
    -0.085296729   0.000228373772 
    -0.085108436   0.000236338629 
    -0.084920143   0.000244604091 
     -0.08473185   0.000252994166 
    -0.084543557   0.000261897664 
    -0.084355264   0.000271174116 
    -0.084166971   0.000280823522 
    -0.083978678   0.000290845883 
    -0.083790385   0.000301241198 
    -0.083602092   0.000312009467 
    -0.083413799   0.000322956229 
    -0.083225506   0.000334585206 
    -0.083037213   0.000346678835 
     -0.08284892   0.000359237116 
    -0.082660627   0.000372260048 
    -0.082472334   0.000385747633 
    -0.082284041   0.000399438069 
    -0.082095748   0.000413970323 
    -0.081907455   0.000429083031 
    -0.081719162   0.000444776193 
    -0.081530869   0.000461049809 
    -0.081342576   0.000477903878 
    -0.081154283   0.000494996914 
     -0.08096599   0.000513120091 
    -0.080777697   0.000531969633 
    -0.080589404    0.00055154554 
    -0.080401111   0.000571847812 
    -0.080212818   0.000592876449 
    -0.080024525   0.000614198509 
    -0.079836232   0.000636769399 
    -0.079647939   0.000660250238 
    -0.079459646   0.000684641026 
    -0.079271353   0.000709941763 
     -0.07908306    0.00073615245 
    -0.078894767   0.000763273085 
    -0.078706474   0.000790823757 
    -0.078518181   0.000820049151 
    -0.078329888   0.000850415268 
    -0.078141595   0.000881922107 
    -0.077953302   0.000914569669 
    -0.077765009   0.000948357954 
    -0.077576716   0.000982641689 
    -0.077388423    0.00101899602 
     -0.07720013    0.00105678099 
    -0.077011837    0.00109599661 
    -0.076823544    0.00113664288 
    -0.076635251    0.00117871979 
    -0.076446958    0.00122138667 
    -0.076258665    0.00126659042 
    -0.076070372    0.00131358892 
    -0.075882079    0.00136238216 
    -0.075693786    0.00141297016 
    -0.075505493     0.0014653529 
      -0.0753172    0.00151846546 
    -0.075128907    0.00157465593 
    -0.074940614    0.00163309829 
    -0.074752321    0.00169379255 
    -0.074564028     0.0017567387 
    -0.074375735    0.00182193674 
    -0.074187442    0.00188938669 
    -0.073999149    0.00195790531 
    -0.073810856    0.00203056247 
    -0.073622563    0.00210604542 
     -0.07343427    0.00218435414 
    -0.073245977    0.00226548864 
    -0.073057684    0.00234944892 
    -0.072869391    0.00243464396 
    -0.072681098    0.00252495769 
    -0.072492805    0.00261881756 
    -0.072304512    0.00271622357 
    -0.072116219    0.00281717571 
    -0.071927926    0.00292167399 
    -0.071739633    0.00302764523 
     -0.07155134     0.0031398897 
    -0.071363047    0.00325658446 
    -0.071174754     0.0033777295 
    -0.070986461    0.00350332483 
    -0.070798168    0.00363337045 
    -0.070609875    0.00376523963 
    -0.070421582    0.00390472179 
    -0.070233289    0.00404978903 
    -0.070044996    0.00420044133 
    -0.069856703     0.0043566787 
     -0.06966841    0.00451850113 
    -0.069480117    0.00468590864 
    -0.069291824    0.00485597799 
    -0.069103531    0.00503629537 
    -0.068915238    0.00522362201 
    -0.068726945     0.0054179579 
    -0.068538652    0.00561930305 
    -0.068350359    0.00582765745 
    -0.068162066     0.0060390886 
    -0.067973773    0.00626319697 
     -0.06778548    0.00649610193 
    -0.067597187    0.00673780349 
    -0.067408894    0.00698830163 
    -0.067220601    0.00724759637 
    -0.067032308    0.00751056134 
    -0.066844015    0.00778906538 
    -0.066655722    0.00807860902 
    -0.066467429    0.00837919226 
    -0.066279136    0.00869081509 
    -0.066090843    0.00901347752 
     -0.06590255    0.00934068182 
    -0.065714257    0.00968674689 
    -0.065525964     0.0100466663 
    -0.065337671       0.01042044 
    -0.065149378      0.010808068 
    -0.064961085     0.0112095503 
    -0.064772792      0.011624887 
    -0.064584499     0.0120468399 
    -0.064396206     0.0124941941 
    -0.064207913     0.0129589347 
     -0.06401962     0.0134410615 
    -0.063831327     0.0139405746 
    -0.063643034     0.0144574741 
    -0.063454741     0.0149820186 
    -0.063266448     0.0155379888 
    -0.063078155     0.0161157771 
    -0.062889862     0.0167153835 
    -0.062701569     0.0173368079 
    -0.062513276     0.0179800504 
    -0.062324983     0.0186324074 
     -0.06213669     0.0193232885 
    -0.061948397     0.0200415479 
    -0.061760104     0.0207871856 
    -0.061571811     0.0215602016 
    -0.061383518     0.0223605959 
    -0.061195225     0.0231722602 
    -0.061006932     0.0240306889 
    -0.060818639     0.0249234712 
    -0.060630346     0.0258506072 
    -0.060442053     0.0268120967 
     -0.06025376     0.0278079399 
    -0.060065467     0.0288381366 
    -0.059877174     0.0298847338 
    -0.059688881     0.0309943124 
    -0.059500588     0.0321469938 
    -0.059312295     0.0333427779 
    -0.059124002     0.0345816647 
    -0.058935709     0.0358636542 
    -0.058747416      0.037164579 
    -0.058559123     0.0385434203 
     -0.05837083     0.0399763361 
    -0.058182537     0.0414633265 
    -0.057994244     0.0430043913 
    -0.057805951     0.0445995308 
    -0.057617658     0.0462172214 
    -0.057429365     0.0479304229 
    -0.057241072     0.0497114541 
    -0.057052779      0.051560315 
    -0.056864486     0.0534770057 
    -0.056676193     0.0554615262 
      -0.0564879     0.0574738963 
    -0.056299607     0.0596021973 
    -0.056111314     0.0618155662 
    -0.055923021     0.0641140032 
    -0.055734728     0.0664975082 
    -0.055546435     0.0689660812 
    -0.055358142     0.0715197222 
    -0.055169849     0.0741138661 
    -0.054981556     0.0768640207 
    -0.054793263     0.0797208355 
     -0.05460497     0.0826843104 
    -0.054416677     0.0857544453 
    -0.054228384     0.0889312403 
    -0.054040091     0.0921547304 
    -0.053851798     0.0955711232 
    -0.053663505     0.0991212027 
    -0.053475212      0.102804969 
    -0.053286919      0.106622422 
    -0.053098626      0.110573562 
    -0.052910333      0.114580218 
     -0.05272204      0.118823168 
    -0.052533747      0.123233602 
    -0.052345454       0.12781152 
    -0.052157161      0.132556922 
    -0.051968868      0.137469807 
    -0.051780575      0.142451106 
    -0.051592282      0.147718966 
    -0.051403989      0.153196518 
    -0.051215696      0.158883762 
    -0.051027403      0.164780698 
     -0.05083911      0.170887327 
    -0.050650817      0.177203647 
    -0.050462524      0.183619318 
    -0.050274231      0.190419492 
    -0.050085938       0.19748198 
    -0.049897645      0.204806782 
    -0.049709352      0.212393898 
    -0.049521059      0.220243328 
    -0.049332766      0.228207017 
    -0.049144473      0.236644984 
     -0.04895618      0.245410712 
    -0.048767887      0.254504201 
    -0.048579594      0.263925451 
    -0.048391301      0.273674462 
    -0.048203008      0.283558917 
    -0.048014715      0.294022531 
    -0.047826422      0.304895041 
    -0.047638129      0.316176445 
    -0.047449836      0.327866745 
    -0.047261543       0.33996594 
     -0.04707325      0.352231379 
    -0.046884957      0.365196457 
    -0.046696664      0.378670568 
    -0.046508371      0.392653711 
    -0.046320078      0.407145887 
    -0.046131785      0.422147096 
    -0.045943492      0.437657337 
    -0.045755199       0.45340752 
    -0.045566906      0.470087278 
    -0.045378613      0.487398914 
     -0.04519032      0.505342429 
    -0.045002027      0.523917822 
    -0.044813734      0.543125094 
    -0.044625441      0.562607279 
    -0.044437148      0.583225701 
    -0.044248855      0.604625465 
    -0.044060562      0.626806571 
    -0.043872269       0.64976902 
    -0.043683976      0.673512811 
    -0.043495683      0.697580959 
     -0.04330739      0.723020554 
    -0.043119097      0.749421291 
    -0.042930804       0.77678317 
    -0.042742511      0.805106192 
    -0.042554218      0.834390356 
    -0.042365925       0.86406955 
    -0.042177632      0.895381598 
    -0.041989339      0.927867735 
    -0.041801046      0.961527958 
    -0.041612753      0.996362269 
     -0.04142446       1.03237067 
    -0.041236167       1.06955315 
    -0.041047874       1.10729301 
    -0.040859581       1.14713298 
    -0.040671288       1.18839384 
    -0.040482995       1.23107558 
    -0.040294702       1.27517821 
    -0.040106409       1.32070173 
    -0.039918116       1.36685994 
    -0.039729823       1.41550643 
     -0.03954153       1.46585127 
    -0.039353237       1.51789446 
    -0.039164944       1.57163599 
    -0.038976651       1.62707587 
    -0.038788358        1.6832532 
    -0.038600065       1.74232211 
    -0.038411772       1.80338792 
    -0.038223479       1.86645063 
    -0.038035186       1.93151024 
    -0.037846893       1.99856674 
      -0.0376586       2.06648276 
    -0.037470307       2.13769884 
    -0.037282014       2.21121271 
    -0.037093721       2.28702437 
    -0.036905428       2.36513381 
    -0.036717135       2.44554105 
    -0.036528842       2.52824607 
    -0.036340549       2.61199923 
    -0.036152256       2.69966587 
    -0.035963963       2.78990351 
     -0.03577567       2.88271216 
    -0.035587377       2.97809181 
    -0.035399084       3.07604247 
    -0.035210791       3.17437435 
    -0.035022498       3.27770766 
    -0.034834205       3.38380849 
    -0.034645912       3.49267687 
    -0.034457619       3.60431277 
    -0.034269326       3.71871621 
    -0.034081033       3.83113551 
     -0.03389274       3.95119554 
    -0.033704447       4.07400295 
    -0.033516154       4.19955773 
    -0.033327861       4.32785989 
    -0.033139568       4.45890942 
    -0.032951275         4.585039 
    -0.032762982       4.72179134 
    -0.032574689       4.86123259 
    -0.032386396       5.00336274 
    -0.032198103       5.14818179 
     -0.03200981       5.29568975 
    -0.031821517       5.44588662 
    -0.031633224       5.60224725 
    -0.031444931       5.75658904 
    -0.031256638       5.91334803 
    -0.031068345       6.06183403 
    -0.030880052         6.225318 
    -0.030691759        6.3923356 
    -0.030503466       6.57039192 
    -0.030315173       6.74299849 
     -0.03012688       6.91810917 
    -0.029938587       7.09916543 
    -0.029750294       7.27605188 
    -0.029562001       7.45079524 
    -0.029373708       7.63686125 
    -0.029185415       7.81985941 
    -0.028997122       8.00516326 
    -0.028808829       8.19075024 
    -0.028620536       8.37731236 
    -0.028432243       8.56458357 
     -0.02824395       8.75290152 
    -0.028055657       8.94145185 
    -0.027867364       9.13039853 
    -0.027679071       9.32010028 
    -0.027490778       9.50944952 
    -0.027302485       9.69874885 
    -0.027114192       9.88838343 
    -0.026925899       10.0771498 
    -0.026737606       10.2654177 
    -0.026549313       10.4535323 
     -0.02636102       10.6403877 
    -0.026172727       10.8267317 
    -0.025984434       11.0116718 
    -0.025796141       11.1956688 
    -0.025607848        11.378518 
    -0.025419555       11.5604208 
    -0.025231262       11.7410021 
    -0.025042969       11.9205339 
    -0.024854676       12.1022952 
    -0.024666383       12.2712683 
     -0.02447809       12.4393233 
    -0.024289797        12.604318 
    -0.024101504       12.7662525 
    -0.023913211       12.9207086 
    -0.023724918       13.0815958 
    -0.023536625        13.242241 
    -0.023348332       13.4162989 
    -0.023160039       13.5714655 
    -0.022971746       13.7207522 
    -0.022783453       13.8748418 
     -0.02259516       14.0133622 
    -0.022406867       14.1470478 
    -0.022218574       14.2758987 
    -0.022030281       14.3999149 
    -0.021841988       14.5190964 
    -0.021653695       14.5694114 
    -0.021465402       14.6840232 
    -0.021277109       14.7967001 
    -0.021088816        14.907442 
    -0.020900523       15.0162489 
     -0.02071223       15.1231209 
    -0.020523937        15.228058 
    -0.020335644       15.3608958 
    -0.020147351       15.4591832 
    -0.019959058       15.5542477 
    -0.019770765       15.6460894 
    -0.019582472       15.7347081 
    -0.019394179        15.820104 
    -0.019205886       15.8991236 
    -0.019017593       15.9779501 
      -0.0188293       16.0538065 
    -0.018641007       16.1266928 
    -0.018452714        16.196609 
    -0.018264421       16.2635552 
    -0.018076128       16.3275312 
    -0.017887835       16.3902937 
    -0.017699542       16.4489635 
    -0.017511249       16.5050649 
    -0.017322956       16.5585978 
    -0.017134663       16.6095623 
     -0.01694637       16.6579584 
    -0.016758077       16.7033472 
    -0.016569784       16.7470602 
    -0.016381491       16.7886075 
    -0.016193198       16.8279894 
    -0.016004905       16.8652057 
    -0.015816612       16.9002564 
    -0.015628319       16.9323779 
    -0.015440026       16.9633906 
    -0.015251733       16.9926412 
     -0.01506344       17.0201295 
    -0.014875147       17.0458557 
    -0.014686854       17.0698197 
    -0.014498561       17.0920216 
    -0.014310268       17.1117504 
    -0.014121975       17.1309302 
    -0.013933682       17.1487259 
    -0.013745389       17.1651375 
    -0.013557096       17.1801649 
    -0.013368803       17.1938082 
     -0.01318051       17.2052933 
    -0.012992217       17.2164828 
    -0.012803924       17.2266257 
    -0.012615631       17.2357222 
    -0.012427338       17.2437722 
    -0.012239045       17.2507757 
    -0.012050752       17.2567326 
    -0.011862459       17.2610808 
    -0.011674166       17.2653913 
    -0.011485873       17.2689463 
     -0.01129758       17.2717458 
    -0.011109287       17.2737898 
    -0.010920994       17.2750782 
    -0.010732701       17.2750479 
    -0.010544408       17.2751031 
    -0.010356115       17.2746467 
    -0.010167822       17.2736788 
    -0.009979529       17.2721992 
    -0.009791236        17.270208 
    -0.009602943       17.2672033 
     -0.00941465       17.2643377 
    -0.009226357       17.2611604 
    -0.009038064       17.2576714 
    -0.008849771       17.2538707 
    -0.008661478       17.2497583 
    -0.008473185       17.2453343 
    -0.008284892       17.2402452 
    -0.008096599       17.2354146 
    -0.007908306        17.230433 
    -0.007720013       17.2253002 
     -0.00753172       17.2200164 
    -0.007343427       17.2145815 
    -0.007155134       17.2086821 
    -0.006966841       17.2030662 
    -0.006778548       17.1974259 
    -0.006590255        17.191761 
    -0.006401962       17.1860715 
    -0.006213669       17.1803575 
    -0.006025376        17.174619 
    -0.005837083       17.1686566 
     -0.00564879       17.1630219 
    -0.005460497       17.1574602 
    -0.005272204       17.1519713 
    -0.005083911       17.1465554 
    -0.004895618       17.1412124 
    -0.004707325       17.1357655 
    -0.004519032       17.1306547 
    -0.004330739       17.1256896 
    -0.004142446       17.1208702 
    -0.003954153       17.1161965 
     -0.00376586       17.1116685 
    -0.003577567       17.1071322 
    -0.003389274        17.102938 
    -0.003200981       17.0989408 
    -0.003012688       17.0951405 
    -0.002824395       17.0915371 
    -0.002636102       17.0881306 
    -0.002447809       17.0849211 
    -0.002259516       17.0806609 
    -0.002071223       17.0778667 
     -0.00188293       17.0753156 
    -0.001694637       17.0730074 
    -0.001506344       17.0709422 
    -0.001318051       17.0691199 
    -0.001129758         17.06744 
    -0.000941465       17.0659838 
    -0.000753172       17.0647924 
    -0.000564879       17.0638657 
    -0.000376586       17.0632038 
    -0.000188293       17.0628066 
               0       17.0626742 
     0.000188293       17.0628066 
     0.000376586       17.0632038 
     0.000564879       17.0638657 
     0.000753172       17.0647924 
     0.000941465       17.0659838 
     0.001129758         17.06744 
     0.001318051       17.0691199 
     0.001506344       17.0709422 
     0.001694637       17.0730074 
      0.00188293       17.0753156 
     0.002071223       17.0778667 
     0.002259516       17.0806609 
     0.002447809       17.0849211 
     0.002636102       17.0881306 
     0.002824395       17.0915371 
     0.003012688       17.0951405 
     0.003200981       17.0989408 
     0.003389274        17.102938 
     0.003577567       17.1071322 
      0.00376586       17.1116685 
     0.003954153       17.1161965 
     0.004142446       17.1208702 
     0.004330739       17.1256896 
     0.004519032       17.1306547 
     0.004707325       17.1357655 
     0.004895618       17.1412124 
     0.005083911       17.1465554 
     0.005272204       17.1519713 
     0.005460497       17.1574602 
      0.00564879       17.1630219 
     0.005837083       17.1686566 
     0.006025376        17.174619 
     0.006213669       17.1803575 
     0.006401962       17.1860715 
     0.006590255        17.191761 
     0.006778548       17.1974259 
     0.006966841       17.2030662 
     0.007155134       17.2086821 
     0.007343427       17.2145815 
      0.00753172       17.2200164 
     0.007720013       17.2253002 
     0.007908306        17.230433 
     0.008096599       17.2354146 
     0.008284892       17.2402452 
     0.008473185       17.2453343 
     0.008661478       17.2497583 
     0.008849771       17.2538707 
     0.009038064       17.2576714 
     0.009226357       17.2611604 
      0.00941465       17.2643377 
     0.009602943       17.2672033 
     0.009791236        17.270208 
     0.009979529       17.2721992 
     0.010167822       17.2736788 
     0.010356115       17.2746467 
     0.010544408       17.2751031 
     0.010732701       17.2750479 
     0.010920994       17.2750782 
     0.011109287       17.2737898 
      0.01129758       17.2717458 
     0.011485873       17.2689463 
     0.011674166       17.2653913 
     0.011862459       17.2610808 
     0.012050752       17.2567326 
     0.012239045       17.2507757 
     0.012427338       17.2437722 
     0.012615631       17.2357222 
     0.012803924       17.2266257 
     0.012992217       17.2164828 
      0.01318051       17.2052933 
     0.013368803       17.1938082 
     0.013557096       17.1801649 
     0.013745389       17.1651375 
     0.013933682       17.1487259 
     0.014121975       17.1309302 
     0.014310268       17.1117504 
     0.014498561       17.0920216 
     0.014686854       17.0698197 
     0.014875147       17.0458557 
      0.01506344       17.0201295 
     0.015251733       16.9926412 
     0.015440026       16.9633906 
     0.015628319       16.9323779 
     0.015816612       16.9002564 
     0.016004905       16.8652057 
     0.016193198       16.8279894 
     0.016381491       16.7886075 
     0.016569784       16.7470602 
     0.016758077       16.7033472 
      0.01694637       16.6579584 
     0.017134663       16.6095623 
     0.017322956       16.5585978 
     0.017511249       16.5050649 
     0.017699542       16.4489635 
     0.017887835       16.3902937 
     0.018076128       16.3275312 
     0.018264421       16.2635552 
     0.018452714        16.196609 
     0.018641007       16.1266928 
       0.0188293       16.0538065 
     0.019017593       15.9779501 
     0.019205886       15.8991236 
     0.019394179        15.820104 
     0.019582472       15.7347081 
     0.019770765       15.6460894 
     0.019959058       15.5542477 
     0.020147351       15.4591832 
     0.020335644       15.3608958 
     0.020523937        15.228058 
      0.02071223       15.1231209 
     0.020900523       15.0162489 
     0.021088816        14.907442 
     0.021277109       14.7967001 
     0.021465402       14.6840232 
     0.021653695       14.5694114 
     0.021841988       14.5190964 
     0.022030281       14.3999149 
     0.022218574       14.2758987 
     0.022406867       14.1470478 
      0.02259516       14.0133622 
     0.022783453       13.8748418 
     0.022971746       13.7207522 
     0.023160039       13.5714655 
     0.023348332       13.4162989 
     0.023536625        13.242241 
     0.023724918       13.0815958 
     0.023913211       12.9207086 
     0.024101504       12.7662525 
     0.024289797        12.604318 
      0.02447809       12.4393233 
     0.024666383       12.2712683 
     0.024854676       12.1022952 
     0.025042969       11.9205339 
     0.025231262       11.7410021 
     0.025419555       11.5604208 
     0.025607848        11.378518 
     0.025796141       11.1956688 
     0.025984434       11.0116718 
     0.026172727       10.8267317 
      0.02636102       10.6403877 
     0.026549313       10.4535323 
     0.026737606       10.2654177 
     0.026925899       10.0771498 
     0.027114192       9.88838343 
     0.027302485       9.69874885 
     0.027490778       9.50944952 
     0.027679071       9.32010028 
     0.027867364       9.13039853 
     0.028055657       8.94145185 
      0.02824395       8.75290152 
     0.028432243       8.56458357 
     0.028620536       8.37731236 
     0.028808829       8.19075024 
     0.028997122       8.00516326 
     0.029185415       7.81985941 
     0.029373708       7.63686125 
     0.029562001       7.45079524 
     0.029750294       7.27605188 
     0.029938587       7.09916543 
      0.03012688       6.91810917 
     0.030315173       6.74299849 
     0.030503466       6.57039192 
     0.030691759        6.3923356 
     0.030880052         6.225318 
     0.031068345       6.06183403 
     0.031256638       5.91334803 
     0.031444931       5.75658904 
     0.031633224       5.60224725 
     0.031821517       5.44588662 
      0.03200981       5.29568975 
     0.032198103       5.14818179 
     0.032386396       5.00336274 
     0.032574689       4.86123259 
     0.032762982       4.72179134 
     0.032951275         4.585039 
     0.033139568       4.45890942 
     0.033327861       4.32785989 
     0.033516154       4.19955773 
     0.033704447       4.07400295 
      0.03389274       3.95119554 
     0.034081033       3.83113551 
     0.034269326       3.71871621 
     0.034457619       3.60431277 
     0.034645912       3.49267687 
     0.034834205       3.38380849 
     0.035022498       3.27770766 
     0.035210791       3.17437435 
     0.035399084       3.07604247 
     0.035587377       2.97809181 
      0.03577567       2.88271216 
     0.035963963       2.78990351 
     0.036152256       2.69966587 
     0.036340549       2.61199923 
     0.036528842       2.52824607 
     0.036717135       2.44554105 
     0.036905428       2.36513381 
     0.037093721       2.28702437 
     0.037282014       2.21121271 
     0.037470307       2.13769884 
       0.0376586       2.06648276 
     0.037846893       1.99856674 
     0.038035186       1.93151024 
     0.038223479       1.86645063 
     0.038411772       1.80338792 
     0.038600065       1.74232211 
     0.038788358        1.6832532 
     0.038976651       1.62707587 
     0.039164944       1.57163599 
     0.039353237       1.51789446 
      0.03954153       1.46585127 
     0.039729823       1.41550643 
     0.039918116       1.36685994 
     0.040106409       1.32070173 
     0.040294702       1.27517821 
     0.040482995       1.23107558 
     0.040671288       1.18839384 
     0.040859581       1.14713298 
     0.041047874       1.10729301 
     0.041236167       1.06955315 
      0.04142446       1.03237067 
     0.041612753      0.996362269 
     0.041801046      0.961527958 
     0.041989339      0.927867735 
     0.042177632      0.895381598 
     0.042365925       0.86406955 
     0.042554218      0.834390356 
     0.042742511      0.805106192 
     0.042930804       0.77678317 
     0.043119097      0.749421291 
      0.04330739      0.723020554 
     0.043495683      0.697580959 
     0.043683976      0.673512811 
     0.043872269       0.64976902 
     0.044060562      0.626806571 
     0.044248855      0.604625465 
     0.044437148      0.583225701 
     0.044625441      0.562607279 
     0.044813734      0.543125094 
     0.045002027      0.523917822 
      0.04519032      0.505342429 
     0.045378613      0.487398914 
     0.045566906      0.470087278 
     0.045755199       0.45340752 
     0.045943492      0.437657337 
     0.046131785      0.422147096 
     0.046320078      0.407145887 
     0.046508371      0.392653711 
     0.046696664      0.378670568 
     0.046884957      0.365196457 
      0.04707325      0.352231379 
     0.047261543       0.33996594 
     0.047449836      0.327866745 
     0.047638129      0.316176445 
     0.047826422      0.304895041 
     0.048014715      0.294022531 
     0.048203008      0.283558917 
     0.048391301      0.273674462 
     0.048579594      0.263925451 
     0.048767887      0.254504201 
      0.04895618      0.245410712 
     0.049144473      0.236644984 
     0.049332766      0.228207017 
     0.049521059      0.220243328 
     0.049709352      0.212393898 
     0.049897645      0.204806782 
     0.050085938       0.19748198 
     0.050274231      0.190419492 
     0.050462524      0.183619318 
     0.050650817      0.177203647 
      0.05083911      0.170887327 
     0.051027403      0.164780698 
     0.051215696      0.158883762 
     0.051403989      0.153196518 
     0.051592282      0.147718966 
     0.051780575      0.142451106 
     0.051968868      0.137469807 
     0.052157161      0.132556922 
     0.052345454       0.12781152 
     0.052533747      0.123233602 
      0.05272204      0.118823168 
     0.052910333      0.114580218 
     0.053098626      0.110573562 
     0.053286919      0.106622422 
     0.053475212      0.102804969 
     0.053663505     0.0991212027 
     0.053851798     0.0955711232 
     0.054040091     0.0921547304 
     0.054228384     0.0889312403 
     0.054416677     0.0857544453 
      0.05460497     0.0826843104 
     0.054793263     0.0797208355 
     0.054981556     0.0768640207 
     0.055169849     0.0741138661 
     0.055358142     0.0715197222 
     0.055546435     0.0689660812 
     0.055734728     0.0664975082 
     0.055923021     0.0641140032 
     0.056111314     0.0618155662 
     0.056299607     0.0596021973 
       0.0564879     0.0574738963 
     0.056676193     0.0554615262 
     0.056864486     0.0534770057 
     0.057052779      0.051560315 
     0.057241072     0.0497114541 
     0.057429365     0.0479304229 
     0.057617658     0.0462172214 
     0.057805951     0.0445995308 
     0.057994244     0.0430043913 
     0.058182537     0.0414633265 
      0.05837083     0.0399763361 
     0.058559123     0.0385434203 
     0.058747416      0.037164579 
     0.058935709     0.0358636542 
     0.059124002     0.0345816647 
     0.059312295     0.0333427779 
     0.059500588     0.0321469938 
     0.059688881     0.0309943124 
     0.059877174     0.0298847338 
     0.060065467     0.0288381366 
      0.06025376     0.0278079399 
     0.060442053     0.0268120967 
     0.060630346     0.0258506072 
     0.060818639     0.0249234712 
     0.061006932     0.0240306889 
     0.061195225     0.0231722602 
     0.061383518     0.0223605959 
     0.061571811     0.0215602016 
     0.061760104     0.0207871856 
     0.061948397     0.0200415479 
      0.06213669     0.0193232885 
     0.062324983     0.0186324074 
     0.062513276     0.0179800504 
     0.062701569     0.0173368079 
     0.062889862     0.0167153835 
     0.063078155     0.0161157771 
     0.063266448     0.0155379888 
     0.063454741     0.0149820186 
     0.063643034     0.0144574741 
     0.063831327     0.0139405746 
      0.06401962     0.0134410615 
     0.064207913     0.0129589347 
     0.064396206     0.0124941941 
     0.064584499     0.0120468399 
     0.064772792      0.011624887 
     0.064961085     0.0112095503 
     0.065149378      0.010808068 
     0.065337671       0.01042044 
     0.065525964     0.0100466663 
     0.065714257    0.00968674689 
      0.06590255    0.00934068182 
     0.066090843    0.00901347752 
     0.066279136    0.00869081509 
     0.066467429    0.00837919226 
     0.066655722    0.00807860902 
     0.066844015    0.00778906538 
     0.067032308    0.00751056134 
     0.067220601    0.00724759637 
     0.067408894    0.00698830163 
     0.067597187    0.00673780349 
      0.06778548    0.00649610193 
     0.067973773    0.00626319697 
     0.068162066     0.0060390886 
     0.068350359    0.00582765745 
     0.068538652    0.00561930305 
     0.068726945     0.0054179579 
     0.068915238    0.00522362201 
     0.069103531    0.00503629537 
     0.069291824    0.00485597799 
     0.069480117    0.00468590864 
      0.06966841    0.00451850113 
     0.069856703     0.0043566787 
     0.070044996    0.00420044133 
     0.070233289    0.00404978903 
     0.070421582    0.00390472179 
     0.070609875    0.00376523963 
     0.070798168    0.00363337045 
     0.070986461    0.00350332483 
     0.071174754     0.0033777295 
     0.071363047    0.00325658446 
      0.07155134     0.0031398897 
     0.071739633    0.00302764523 
     0.071927926    0.00292167399 
     0.072116219    0.00281717571 
     0.072304512    0.00271622357 
     0.072492805    0.00261881756 
     0.072681098    0.00252495769 
     0.072869391    0.00243464396 
     0.073057684    0.00234944892 
     0.073245977    0.00226548864 
      0.07343427    0.00218435414 
     0.073622563    0.00210604542 
     0.073810856    0.00203056247 
     0.073999149    0.00195790531 
     0.074187442    0.00188938669 
     0.074375735    0.00182193674 
     0.074564028     0.0017567387 
     0.074752321    0.00169379255 
     0.074940614    0.00163309829 
     0.075128907    0.00157465593 
       0.0753172    0.00151846546 
     0.075505493     0.0014653529 
     0.075693786    0.00141297016 
     0.075882079    0.00136238216 
     0.076070372    0.00131358892 
     0.076258665    0.00126659042 
     0.076446958    0.00122138667 
     0.076635251    0.00117871979 
     0.076823544    0.00113664288 
     0.077011837    0.00109599661 
      0.07720013    0.00105678099 
     0.077388423    0.00101899602 
     0.077576716   0.000982641689 
     0.077765009   0.000948357954 
     0.077953302   0.000914569669 
     0.078141595   0.000881922107 
     0.078329888   0.000850415268 
     0.078518181   0.000820049151 
     0.078706474   0.000790823757 
     0.078894767   0.000763273085 
      0.07908306    0.00073615245 
     0.079271353   0.000709941763 
     0.079459646   0.000684641026 
     0.079647939   0.000660250238 
     0.079836232   0.000636769399 
     0.080024525   0.000614198509 
     0.080212818   0.000592876449 
     0.080401111   0.000571847812 
     0.080589404    0.00055154554 
     0.080777697   0.000531969633 
      0.08096599   0.000513120091 
     0.081154283   0.000494996914 
     0.081342576   0.000477903878 
     0.081530869   0.000461049809 
     0.081719162   0.000444776193 
     0.081907455   0.000429083031 
     0.082095748   0.000413970323 
     0.082284041   0.000399438069 
     0.082472334   0.000385747633 
     0.082660627   0.000372260048 
      0.08284892   0.000359237116 
     0.083037213   0.000346678835 
     0.083225506   0.000334585206 
     0.083413799   0.000322956229 
     0.083602092   0.000312009467 
     0.083790385   0.000301241198 
     0.083978678   0.000290845883 
     0.084166971   0.000280823522 
     0.084355264   0.000271174116 
     0.084543557   0.000261897664 
      0.08473185   0.000252994166 
     0.084920143   0.000244604091 
     0.085108436   0.000236338629 
     0.085296729   0.000228373772 
     0.085485022   0.000220709522 
     0.085673315   0.000213345877 
     0.085861608   0.000206282837 
     0.086049901   0.000199646081 
     0.086238194   0.000193114327 
     0.086426487   0.000186826425 
      0.08661478   0.000180782373 
     0.086803073   0.000174982172 
     0.086991366   0.000169425822 
     0.087179659   0.000164222345 
     0.087367952   0.000159110904 
     0.087556245     0.0001541992 
     0.087744538   0.000149487232 
     0.087932831   0.000144975001 
     0.088121124   0.000140662507 
     0.088309417   0.000136644668 
      0.08849771   0.000132707933 
     0.088686003   0.000128937142 
     0.088874296   0.000125332293 
     0.089062589   0.000121893387 
     0.089250882   0.000118620425 
     0.089439175   0.000115513405 
     0.089627468   0.000112650742 
     0.089815761   0.000109839738 
     0.090004054   0.000107169241 
     0.090192347   0.000104639252 
      0.09038064    0.00010224977 
     0.090568933   0.000100000796 
     0.090757226   9.83377537e-05 
     0.090945519   9.63713163e-05 
     0.091133812   9.45172468e-05 
     0.091322105   9.27755452e-05 
     0.091510398   9.11462113e-05 
     0.091698691   8.96292454e-05 
     0.091886984   8.78991733e-05 
     0.092075277   8.66054931e-05 
      0.09226357   8.54243068e-05 
     0.092451863   8.43556145e-05 
     0.092640156   8.33994161e-05 
     0.092828449   8.25557116e-05 
     0.093016742   8.16454876e-05 
     0.093205035   8.09912154e-05 
     0.093393328   8.04559018e-05 
     0.093581621   8.00395468e-05 
     0.093769914   7.97421504e-05 
     0.093958207   7.95637125e-05 
       0.0941465   7.95042332e-05 
