       -0.092704    9.5480691e-05 
    -0.092518592   9.55500436e-05 
    -0.092333184   9.57581012e-05 
    -0.092147776    9.6104864e-05 
    -0.091962368   9.65903319e-05 
     -0.09177696   9.72145049e-05 
    -0.091591552    9.7977383e-05 
    -0.091406144   9.90551088e-05 
    -0.091220736   0.000100038431 
    -0.091035328   0.000101152862 
     -0.09084992   0.000102398403 
    -0.090664512   0.000103775053 
    -0.090479104   0.000105282813 
    -0.090293696   0.000107319318 
    -0.090108288   0.000109087415 
     -0.08992288   0.000110986482 
    -0.089737472   0.000113016519 
    -0.089552064   0.000115177526 
    -0.089366656   0.000117469503 
    -0.089181248   0.000119892451 
     -0.08899584    0.00012197498 
    -0.088810432   0.000124749128 
    -0.088625024   0.000127687391 
    -0.088439616   0.000130789768 
    -0.088254208    0.00013405626 
      -0.0880688   0.000137486866 
    -0.087883392    0.00014097688 
    -0.087697984   0.000144767919 
    -0.087512576   0.000148753046 
    -0.087327168    0.00015293226 
     -0.08714176   0.000157305561 
    -0.086956352    0.00016187295 
    -0.086770944   0.000166516503 
    -0.086585536   0.000171498079 
    -0.086400128   0.000176713596 
     -0.08621472   0.000182163053 
    -0.086029312    0.00018784645 
    -0.085843904   0.000193763787 
    -0.085658496   0.000199915065 
    -0.085473088   0.000206173729 
     -0.08528768    0.00021285821 
    -0.085102272   0.000219828699 
    -0.084916864   0.000227085196 
    -0.084731456     0.0002346277 
    -0.084546048   0.000242456212 
     -0.08436064   0.000250399985 
    -0.084175232   0.000258858369 
    -0.083989824   0.000267669807 
    -0.083804416     0.0002768343 
    -0.083619008   0.000286351848 
      -0.0834336    0.00029622245 
    -0.083248192   0.000306446106 
    -0.083062784   0.000316844329 
    -0.082877376   0.000327900234 
    -0.082691968   0.000339394745 
     -0.08250656   0.000351327862 
    -0.082321152   0.000363699584 
    -0.082135744   0.000376509913 
    -0.081950336   0.000389502904 
    -0.081764928   0.000403308524 
     -0.08157952   0.000417661294 
    -0.081394112   0.000432561211 
    -0.081208704   0.000448008277 
    -0.081023296   0.000464002491 
    -0.080837888   0.000480202168 
     -0.08065248   0.000497387103 
    -0.080467072   0.000515256407 
    -0.080281664    0.00053381008 
    -0.080096256   0.000553048122 
    -0.079910848   0.000572970534 
     -0.07972544   0.000593577314 
    -0.079540032    0.00061449447 
    -0.079354624   0.000636698213 
    -0.079169216   0.000659759414 
    -0.078983808   0.000683678071 
      -0.0787984   0.000708454185 
    -0.078612992   0.000734087756 
    -0.078427584   0.000760057842 
    -0.078242176   0.000787610223 
    -0.078056768   0.000816238081 
     -0.07787136   0.000845941416 
    -0.077685952   0.000876720228 
    -0.077500544   0.000908574518 
    -0.077315136   0.000940825683 
    -0.077129728   0.000974982527 
     -0.07694432    0.00101048922 
    -0.076758912    0.00104734576 
    -0.076573504    0.00108555215 
    -0.076388096    0.00112510839 
    -0.076202688    0.00116601447 
     -0.07601728    0.00120749668 
    -0.075831872    0.00125150635 
    -0.075646464    0.00129721096 
    -0.075461056    0.00134461051 
    -0.075275648      0.001393705 
     -0.07509024    0.00144449443 
    -0.074904832    0.00149592945 
    -0.074719424    0.00155045095 
    -0.074534016    0.00160710127 
    -0.074348608     0.0016658804 
      -0.0741632    0.00172678836 
    -0.073977792    0.00178982513 
    -0.073792384    0.00185499072 
    -0.073606976    0.00192117096 
    -0.073421568    0.00199136175 
     -0.07323616    0.00206422673 
    -0.073050752    0.00213976593 
    -0.072865344    0.00221797933 
    -0.072679936    0.00229886693 
    -0.072494528     0.0023808445 
     -0.07230912    0.00246778402 
    -0.072123712    0.00255808319 
    -0.071938304    0.00265174202 
    -0.071752896    0.00274876051 
    -0.071567488    0.00284913865 
     -0.07138208    0.00295077882 
    -0.071196672    0.00305843239 
    -0.071011264    0.00317030701 
    -0.070825856    0.00328640267 
    -0.070640448    0.00340671937 
     -0.07045504    0.00353125712 
    -0.070269632    0.00366001592 
    -0.070084224     0.0037906689 
    -0.069898816    0.00392923917 
    -0.069713408    0.00407311292 
       -0.069528    0.00422229013 
    -0.069342592     0.0043767708 
    -0.069157184    0.00453655494 
    -0.068971776    0.00469842515 
    -0.068786368    0.00487001969 
     -0.06860096    0.00504827778 
    -0.068415552    0.00523319944 
    -0.068230144    0.00542478465 
    -0.068044736    0.00562303343 
    -0.067859328    0.00582378045 
     -0.06767392    0.00603621891 
    -0.067488512    0.00625702986 
    -0.067303104     0.0064862133 
    -0.067117696    0.00672376924 
    -0.066932288    0.00696969766 
     -0.06674688    0.00722399858 
    -0.066561472     0.0074818613 
    -0.066376064     0.0077553223 
    -0.066190656    0.00803930294 
    -0.066005248    0.00833380322 
     -0.06581984    0.00863882313 
    -0.065634432    0.00895436268 
    -0.065449024    0.00927393556 
    -0.065263616    0.00961252412 
    -0.065078208    0.00996432994 
      -0.0648928      0.010329353 
    -0.064707392     0.0107075933 
    -0.064521984     0.0110990509 
    -0.064336576     0.0115037257 
    -0.064151168     0.0119146386 
     -0.06396576     0.0123503752 
    -0.063780352      0.012802718 
    -0.063594944     0.0132716671 
    -0.063409536     0.0137572225 
    -0.063224128     0.0142593841 
     -0.06303872     0.0147682942 
    -0.062853312     0.0153078654 
    -0.062667904     0.0158683003 
    -0.062482496     0.0164495989 
    -0.062297088     0.0170517612 
     -0.06211168     0.0176747871 
    -0.061926272      0.018305692 
    -0.061740864     0.0189736881 
    -0.061555456     0.0196678957 
    -0.061370048     0.0203883149 
     -0.06118464     0.0211349455 
    -0.060999232     0.0219077877 
    -0.060813824     0.0227068414 
    -0.060628416       0.02351753 
    -0.060443008     0.0243772484 
      -0.0602576     0.0252698952 
    -0.060072192     0.0261954702 
    -0.059886784     0.0271539736 
    -0.059701376     0.0281454053 
    -0.059515968     0.0291497297 
     -0.05933056      0.030214169 
    -0.059145152     0.0313199715 
    -0.058959744     0.0324671373 
    -0.058774336     0.0336556663 
    -0.058588928     0.0348855585 
     -0.05840352     0.0361310022 
    -0.058218112      0.037448584 
    -0.058032704     0.0388181194 
    -0.057847296     0.0402396084 
    -0.057661888     0.0417130511 
     -0.05747648     0.0432384473 
    -0.057291072     0.0448157971 
    -0.057105664     0.0464149697 
    -0.056920256     0.0481107109 
    -0.056734848     0.0498716988 
     -0.05654944     0.0516979333 
    -0.056364032     0.0535894145 
    -0.056178624     0.0555461423 
    -0.055993216     0.0575277213 
    -0.055807808     0.0596267958 
      -0.0556224     0.0618077961 
    -0.055436992     0.0640707223 
    -0.055251584     0.0664155743 
    -0.055066176     0.0688423522 
    -0.054880768      0.071351056 
     -0.05469536     0.0738977004 
    -0.054509952     0.0765981144 
    -0.054324544     0.0794013717 
    -0.054139136     0.0823074724 
    -0.053953728     0.0853164163 
     -0.05376832     0.0884282035 
    -0.053582912     0.0915811738 
    -0.053397504     0.0949236332 
    -0.053212096     0.0983951506 
    -0.053026688      0.101995726 
     -0.05284128      0.105725359 
    -0.052655872       0.10958405 
    -0.052470464      0.113491065 
    -0.052285056       0.11762673 
    -0.052099648      0.121924276 
     -0.05191424      0.126383702 
    -0.051728832      0.131005009 
    -0.051543424      0.135788196 
    -0.051358016      0.140733265 
    -0.051172608      0.145748682 
      -0.0509872      0.151066606 
    -0.050801792      0.156587455 
    -0.050616384       0.16231123 
    -0.050430976      0.168237929 
    -0.050245568      0.174367554 
     -0.05006016      0.180575367 
    -0.049874752      0.187152749 
    -0.049689344      0.193984294 
    -0.049503936      0.201070001 
    -0.049318528      0.208409871 
     -0.04913312      0.216003902 
    -0.048947712      0.223852096 
    -0.048762304      0.231823026 
    -0.048576896      0.240271429 
    -0.048391488      0.249037805 
     -0.04820608      0.258122155 
    -0.048020672      0.267524478 
    -0.047835264      0.277244774 
    -0.047649856      0.287095732 
    -0.047464448      0.297536125 
     -0.04727904      0.308373706 
    -0.047093632      0.319608476 
    -0.046908224      0.331240435 
    -0.046722816      0.343269583 
    -0.046537408      0.355447877 
       -0.046352      0.368338474 
    -0.046166592       0.38172417 
    -0.045981184      0.395604963 
    -0.045795776      0.409980855 
    -0.045610368      0.424851845 
     -0.04542496      0.440217933 
    -0.045239552      0.455807184 
    -0.045054144      0.472320849 
    -0.044868736      0.489449904 
    -0.044683328      0.507194349 
     -0.04449792      0.525554185 
    -0.044312512       0.54452941 
    -0.044127104      0.563747267 
    -0.043941696      0.584089935 
    -0.043756288      0.605194576 
     -0.04357088      0.627061193 
    -0.043385472      0.649689784 
    -0.043200064      0.673080349 
    -0.043014656      0.696755813 
    -0.042829248      0.721768751 
     -0.04264384      0.747720288 
    -0.042458432      0.774610423 
    -0.042273024      0.802439157 
    -0.042087616       0.83120649 
    -0.041902208      0.860912421 
      -0.0417168      0.891020466 
    -0.041531392       0.92285159 
    -0.041345984      0.955830855 
    -0.041160576      0.989958259 
    -0.040975168        1.0252338 
     -0.04078976       1.06165749 
    -0.040604352       1.09853011 
    -0.040418944       1.13744755 
    -0.040233536       1.17775642 
    -0.040048128       1.21945672 
     -0.03986272       1.26254845 
    -0.039677312       1.30703162 
    -0.039491904       1.35290621 
    -0.039306496       1.39944123 
    -0.039121088       1.44849404 
     -0.03893568       1.49921231 
    -0.038750272       1.55159605 
    -0.038564864       1.60564525 
    -0.038379456       1.66135992 
    -0.038194048       1.71778076 
     -0.03800864       1.77714496 
    -0.037823232       1.83847008 
    -0.037637824       1.90175613 
    -0.037452416        1.9670031 
    -0.037267008         2.034211 
      -0.0370816       2.10220678 
    -0.036896192         2.173552 
    -0.036710784       2.24715656 
    -0.036525376       2.32302047 
    -0.036339968       2.40114371 
     -0.03615456        2.4815263 
    -0.035969152       2.56416823 
    -0.035783744       2.64778044 
    -0.035598336       2.73531649 
    -0.035412928       2.82538352 
     -0.03522752       2.91798154 
    -0.035042112       3.01311056 
    -0.034856704       3.11077056 
    -0.034671296       3.20868576 
    -0.034485888         3.311631 
     -0.03430048        3.4173031 
    -0.034115072       3.52570207 
    -0.033929664       3.63682791 
    -0.033744256       3.75068062 
    -0.033558848       3.86233779 
     -0.03337344       3.98177157 
    -0.033188032       4.10391234 
    -0.033002624       4.22876011 
    -0.032817216       4.35631486 
    -0.032631808       4.48657661 
      -0.0324464       4.61954534 
    -0.032260992       4.74765807 
    -0.032075584       4.88621038 
    -0.031890176       5.02741241 
    -0.031704768       5.17126417 
     -0.03151936       5.31776564 
    -0.031333952       5.46691683 
    -0.031148544       5.62253246 
    -0.030963136       5.77592517 
    -0.030777728       5.93171857 
     -0.03059232       6.07863291 
    -0.030406912       6.24050604 
    -0.030221504       6.40586775 
    -0.030036096       6.57471804 
    -0.029850688       6.75425946 
     -0.02966528       6.92818589 
    -0.029479872       7.10458463 
    -0.029294464        7.2859282 
    -0.029109056       7.46352164 
    -0.028923648       7.63951536 
     -0.02873824       7.82667245 
    -0.028552832       8.01054457 
    -0.028367424        8.1965497 
    -0.028182016       8.38274801 
    -0.027996608       8.57001521 
      -0.0278112       8.75787636 
    -0.027625792       8.94635148 
    -0.027440384       9.13581181 
    -0.027254976       9.32524261 
    -0.027069568       9.51540674 
     -0.02688416       9.70518261 
    -0.026698752       9.89489953 
    -0.026513344       10.0849409 
    -0.026327936       10.2740998 
    -0.026142528       10.4627641 
     -0.02595712       10.6512794 
    -0.025771712       10.8385412 
    -0.025586304       11.0253146 
    -0.025400896       11.2106949 
    -0.025215488       11.3951615 
     -0.02503008       11.5785096 
    -0.024844672       11.7609451 
    -0.024659264       11.9420801 
    -0.024473856       12.1221926 
    -0.024288448       12.3046802 
     -0.02410304       12.4792696 
    -0.023917632       12.6433342 
    -0.023732224       12.8091464 
    -0.023546816       12.9719251 
    -0.023361408       13.1264289 
       -0.023176       13.2878416 
    -0.022990592        13.448989 
    -0.022805184       13.6231116 
    -0.022619776       13.7797861 
    -0.022434368       13.9307781 
     -0.02224896        14.088063 
    -0.022063552       14.2286017 
    -0.021878144       14.3643383 
    -0.021692736        14.495273 
    -0.021507328       14.6214056 
     -0.02132192       14.7427362 
    -0.021136512       14.8592647 
    -0.020951104       14.9120137 
    -0.020765696       15.0265177 
    -0.020580288       15.1391198 
     -0.02039488       15.2498198 
    -0.020209472       15.3586179 
    -0.020024064        15.465514 
    -0.019838656       15.5997499 
    -0.019653248       15.7001953 
     -0.01946784       15.7974592 
    -0.019282432       15.8915418 
    -0.019097024       15.9824429 
    -0.018911616       16.0701626 
    -0.018726208       16.1518562 
      -0.0185408       16.2330683 
    -0.018355392       16.3113344 
    -0.018169984       16.3866545 
    -0.017984576       16.4590285 
    -0.017799168       16.5284565 
     -0.01761376       16.5949384 
    -0.017428352       16.6603269 
    -0.017242944       16.7215339 
    -0.017057536       16.7801763 
    -0.016872128        16.836254 
     -0.01668672       16.8897672 
    -0.016501312       16.9407158 
    -0.016315904       16.9888233 
    -0.016130496       17.0351161 
    -0.015945088       17.0792292 
     -0.01575968       17.1211628 
    -0.015574272       17.1609167 
    -0.015388864        17.198491 
    -0.015203456       17.2332697 
    -0.015018048       17.2668327 
     -0.01483264       17.2986051 
    -0.014647232       17.3285868 
    -0.014461824       17.3567779 
    -0.014276416       17.3831783 
    -0.014091008       17.4077881 
      -0.0139056       17.4300817 
    -0.013720192       17.4516844 
    -0.013534784       17.4718644 
    -0.013349376       17.4906216 
    -0.013163968       17.5079561 
     -0.01297856       17.5238678 
    -0.012793152       17.5377259 
    -0.012607744        17.551199 
    -0.012422336       17.5635809 
    -0.012236928       17.5748716 
     -0.01205152        17.585071 
    -0.011866112       17.5941792 
    -0.011680704       17.6015679 
    -0.011495296       17.6087516 
    -0.011309888       17.6151324 
     -0.01112448       17.6207103 
    -0.010939072       17.6254852 
    -0.010753664       17.6294573 
    -0.010568256       17.6326263 
    -0.010382848       17.6345676 
     -0.01019744       17.6365118 
    -0.010012032       17.6378969 
    -0.009826624       17.6387228 
    -0.009641216       17.6389896 
    -0.009455808       17.6386973 
      -0.0092704       17.6374286 
    -0.009084992       17.6362662 
    -0.008899584       17.6347461 
    -0.008714176       17.6328683 
    -0.008528768       17.6306328 
     -0.00834336       17.6280397 
    -0.008157952        17.624717 
    -0.007972544       17.6215557 
    -0.007787136       17.6181998 
    -0.007601728       17.6146495 
     -0.00741632       17.6109046 
    -0.007230912       17.6069653 
    -0.007045504       17.6028314 
    -0.006860096       17.5982694 
    -0.006674688       17.5939503 
     -0.00648928       17.5895661 
    -0.006303872       17.5851169 
    -0.006118464       17.5806027 
    -0.005933056       17.5760234 
    -0.005747648       17.5711654 
     -0.00556224       17.5665814 
    -0.005376832       17.5620328 
    -0.005191424       17.5575196 
    -0.005006016       17.5530417 
    -0.004820608       17.5485992 
      -0.0046352       17.5440145 
    -0.004449792       17.5397127 
    -0.004264384       17.5355218 
    -0.004078976       17.5314415 
    -0.003893568       17.5274721 
     -0.00370816       17.5236133 
    -0.003522752       17.5198654 
    -0.003337344       17.5161153 
    -0.003151936       17.5126759 
    -0.002966528       17.5094007 
     -0.00278112       17.5062896 
    -0.002595712       17.5033426 
    -0.002410304       17.5005597 
    -0.002224896         17.49681 
    -0.002039488       17.4943758 
     -0.00185408       17.4921533 
    -0.001668672       17.4901424 
    -0.001483264       17.4883432 
    -0.001297856       17.4867557 
    -0.001112448       17.4853487 
     -0.00092704       17.4840769 
    -0.000741632       17.4830364 
    -0.000556224        17.482227 
    -0.000370816       17.4816489 
    -0.000185408       17.4813021 
               0       17.4811865 
     0.000185408       17.4813021 
     0.000370816       17.4816489 
     0.000556224        17.482227 
     0.000741632       17.4830364 
      0.00092704       17.4840769 
     0.001112448       17.4853487 
     0.001297856       17.4867557 
     0.001483264       17.4883432 
     0.001668672       17.4901424 
      0.00185408       17.4921533 
     0.002039488       17.4943758 
     0.002224896         17.49681 
     0.002410304       17.5005597 
     0.002595712       17.5033426 
      0.00278112       17.5062896 
     0.002966528       17.5094007 
     0.003151936       17.5126759 
     0.003337344       17.5161153 
     0.003522752       17.5198654 
      0.00370816       17.5236133 
     0.003893568       17.5274721 
     0.004078976       17.5314415 
     0.004264384       17.5355218 
     0.004449792       17.5397127 
       0.0046352       17.5440145 
     0.004820608       17.5485992 
     0.005006016       17.5530417 
     0.005191424       17.5575196 
     0.005376832       17.5620328 
      0.00556224       17.5665814 
     0.005747648       17.5711654 
     0.005933056       17.5760234 
     0.006118464       17.5806027 
     0.006303872       17.5851169 
      0.00648928       17.5895661 
     0.006674688       17.5939503 
     0.006860096       17.5982694 
     0.007045504       17.6028314 
     0.007230912       17.6069653 
      0.00741632       17.6109046 
     0.007601728       17.6146495 
     0.007787136       17.6181998 
     0.007972544       17.6215557 
     0.008157952        17.624717 
      0.00834336       17.6280397 
     0.008528768       17.6306328 
     0.008714176       17.6328683 
     0.008899584       17.6347461 
     0.009084992       17.6362662 
       0.0092704       17.6374286 
     0.009455808       17.6386973 
     0.009641216       17.6389896 
     0.009826624       17.6387228 
     0.010012032       17.6378969 
      0.01019744       17.6365118 
     0.010382848       17.6345676 
     0.010568256       17.6326263 
     0.010753664       17.6294573 
     0.010939072       17.6254852 
      0.01112448       17.6207103 
     0.011309888       17.6151324 
     0.011495296       17.6087516 
     0.011680704       17.6015679 
     0.011866112       17.5941792 
      0.01205152        17.585071 
     0.012236928       17.5748716 
     0.012422336       17.5635809 
     0.012607744        17.551199 
     0.012793152       17.5377259 
      0.01297856       17.5238678 
     0.013163968       17.5079561 
     0.013349376       17.4906216 
     0.013534784       17.4718644 
     0.013720192       17.4516844 
       0.0139056       17.4300817 
     0.014091008       17.4077881 
     0.014276416       17.3831783 
     0.014461824       17.3567779 
     0.014647232       17.3285868 
      0.01483264       17.2986051 
     0.015018048       17.2668327 
     0.015203456       17.2332697 
     0.015388864        17.198491 
     0.015574272       17.1609167 
      0.01575968       17.1211628 
     0.015945088       17.0792292 
     0.016130496       17.0351161 
     0.016315904       16.9888233 
     0.016501312       16.9407158 
      0.01668672       16.8897672 
     0.016872128        16.836254 
     0.017057536       16.7801763 
     0.017242944       16.7215339 
     0.017428352       16.6603269 
      0.01761376       16.5949384 
     0.017799168       16.5284565 
     0.017984576       16.4590285 
     0.018169984       16.3866545 
     0.018355392       16.3113344 
       0.0185408       16.2330683 
     0.018726208       16.1518562 
     0.018911616       16.0701626 
     0.019097024       15.9824429 
     0.019282432       15.8915418 
      0.01946784       15.7974592 
     0.019653248       15.7001953 
     0.019838656       15.5997499 
     0.020024064        15.465514 
     0.020209472       15.3586179 
      0.02039488       15.2498198 
     0.020580288       15.1391198 
     0.020765696       15.0265177 
     0.020951104       14.9120137 
     0.021136512       14.8592647 
      0.02132192       14.7427362 
     0.021507328       14.6214056 
     0.021692736        14.495273 
     0.021878144       14.3643383 
     0.022063552       14.2286017 
      0.02224896        14.088063 
     0.022434368       13.9307781 
     0.022619776       13.7797861 
     0.022805184       13.6231116 
     0.022990592        13.448989 
        0.023176       13.2878416 
     0.023361408       13.1264289 
     0.023546816       12.9719251 
     0.023732224       12.8091464 
     0.023917632       12.6433342 
      0.02410304       12.4792696 
     0.024288448       12.3046802 
     0.024473856       12.1221926 
     0.024659264       11.9420801 
     0.024844672       11.7609451 
      0.02503008       11.5785096 
     0.025215488       11.3951615 
     0.025400896       11.2106949 
     0.025586304       11.0253146 
     0.025771712       10.8385412 
      0.02595712       10.6512794 
     0.026142528       10.4627641 
     0.026327936       10.2740998 
     0.026513344       10.0849409 
     0.026698752       9.89489953 
      0.02688416       9.70518261 
     0.027069568       9.51540674 
     0.027254976       9.32524261 
     0.027440384       9.13581181 
     0.027625792       8.94635148 
       0.0278112       8.75787636 
     0.027996608       8.57001521 
     0.028182016       8.38274801 
     0.028367424        8.1965497 
     0.028552832       8.01054457 
      0.02873824       7.82667245 
     0.028923648       7.63951536 
     0.029109056       7.46352164 
     0.029294464        7.2859282 
     0.029479872       7.10458463 
      0.02966528       6.92818589 
     0.029850688       6.75425946 
     0.030036096       6.57471804 
     0.030221504       6.40586775 
     0.030406912       6.24050604 
      0.03059232       6.07863291 
     0.030777728       5.93171857 
     0.030963136       5.77592517 
     0.031148544       5.62253246 
     0.031333952       5.46691683 
      0.03151936       5.31776564 
     0.031704768       5.17126417 
     0.031890176       5.02741241 
     0.032075584       4.88621038 
     0.032260992       4.74765807 
       0.0324464       4.61954534 
     0.032631808       4.48657661 
     0.032817216       4.35631486 
     0.033002624       4.22876011 
     0.033188032       4.10391234 
      0.03337344       3.98177157 
     0.033558848       3.86233779 
     0.033744256       3.75068062 
     0.033929664       3.63682791 
     0.034115072       3.52570207 
      0.03430048        3.4173031 
     0.034485888         3.311631 
     0.034671296       3.20868576 
     0.034856704       3.11077056 
     0.035042112       3.01311056 
      0.03522752       2.91798154 
     0.035412928       2.82538352 
     0.035598336       2.73531649 
     0.035783744       2.64778044 
     0.035969152       2.56416823 
      0.03615456        2.4815263 
     0.036339968       2.40114371 
     0.036525376       2.32302047 
     0.036710784       2.24715656 
     0.036896192         2.173552 
       0.0370816       2.10220678 
     0.037267008         2.034211 
     0.037452416        1.9670031 
     0.037637824       1.90175613 
     0.037823232       1.83847008 
      0.03800864       1.77714496 
     0.038194048       1.71778076 
     0.038379456       1.66135992 
     0.038564864       1.60564525 
     0.038750272       1.55159605 
      0.03893568       1.49921231 
     0.039121088       1.44849404 
     0.039306496       1.39944123 
     0.039491904       1.35290621 
     0.039677312       1.30703162 
      0.03986272       1.26254845 
     0.040048128       1.21945672 
     0.040233536       1.17775642 
     0.040418944       1.13744755 
     0.040604352       1.09853011 
      0.04078976       1.06165749 
     0.040975168        1.0252338 
     0.041160576      0.989958259 
     0.041345984      0.955830855 
     0.041531392       0.92285159 
       0.0417168      0.891020466 
     0.041902208      0.860912421 
     0.042087616       0.83120649 
     0.042273024      0.802439157 
     0.042458432      0.774610423 
      0.04264384      0.747720288 
     0.042829248      0.721768751 
     0.043014656      0.696755813 
     0.043200064      0.673080349 
     0.043385472      0.649689784 
      0.04357088      0.627061193 
     0.043756288      0.605194576 
     0.043941696      0.584089935 
     0.044127104      0.563747267 
     0.044312512       0.54452941 
      0.04449792      0.525554185 
     0.044683328      0.507194349 
     0.044868736      0.489449904 
     0.045054144      0.472320849 
     0.045239552      0.455807184 
      0.04542496      0.440217933 
     0.045610368      0.424851845 
     0.045795776      0.409980855 
     0.045981184      0.395604963 
     0.046166592       0.38172417 
        0.046352      0.368338474 
     0.046537408      0.355447877 
     0.046722816      0.343269583 
     0.046908224      0.331240435 
     0.047093632      0.319608476 
      0.04727904      0.308373706 
     0.047464448      0.297536125 
     0.047649856      0.287095732 
     0.047835264      0.277244774 
     0.048020672      0.267524478 
      0.04820608      0.258122155 
     0.048391488      0.249037805 
     0.048576896      0.240271429 
     0.048762304      0.231823026 
     0.048947712      0.223852096 
      0.04913312      0.216003902 
     0.049318528      0.208409871 
     0.049503936      0.201070001 
     0.049689344      0.193984294 
     0.049874752      0.187152749 
      0.05006016      0.180575367 
     0.050245568      0.174367554 
     0.050430976      0.168237929 
     0.050616384       0.16231123 
     0.050801792      0.156587455 
       0.0509872      0.151066606 
     0.051172608      0.145748682 
     0.051358016      0.140733265 
     0.051543424      0.135788196 
     0.051728832      0.131005009 
      0.05191424      0.126383702 
     0.052099648      0.121924276 
     0.052285056       0.11762673 
     0.052470464      0.113491065 
     0.052655872       0.10958405 
      0.05284128      0.105725359 
     0.053026688      0.101995726 
     0.053212096     0.0983951506 
     0.053397504     0.0949236332 
     0.053582912     0.0915811738 
      0.05376832     0.0884282035 
     0.053953728     0.0853164163 
     0.054139136     0.0823074724 
     0.054324544     0.0794013717 
     0.054509952     0.0765981144 
      0.05469536     0.0738977004 
     0.054880768      0.071351056 
     0.055066176     0.0688423522 
     0.055251584     0.0664155743 
     0.055436992     0.0640707223 
       0.0556224     0.0618077961 
     0.055807808     0.0596267958 
     0.055993216     0.0575277213 
     0.056178624     0.0555461423 
     0.056364032     0.0535894145 
      0.05654944     0.0516979333 
     0.056734848     0.0498716988 
     0.056920256     0.0481107109 
     0.057105664     0.0464149697 
     0.057291072     0.0448157971 
      0.05747648     0.0432384473 
     0.057661888     0.0417130511 
     0.057847296     0.0402396084 
     0.058032704     0.0388181194 
     0.058218112      0.037448584 
      0.05840352     0.0361310022 
     0.058588928     0.0348855585 
     0.058774336     0.0336556663 
     0.058959744     0.0324671373 
     0.059145152     0.0313199715 
      0.05933056      0.030214169 
     0.059515968     0.0291497297 
     0.059701376     0.0281454053 
     0.059886784     0.0271539736 
     0.060072192     0.0261954702 
       0.0602576     0.0252698952 
     0.060443008     0.0243772484 
     0.060628416       0.02351753 
     0.060813824     0.0227068414 
     0.060999232     0.0219077877 
      0.06118464     0.0211349455 
     0.061370048     0.0203883149 
     0.061555456     0.0196678957 
     0.061740864     0.0189736881 
     0.061926272      0.018305692 
      0.06211168     0.0176747871 
     0.062297088     0.0170517612 
     0.062482496     0.0164495989 
     0.062667904     0.0158683003 
     0.062853312     0.0153078654 
      0.06303872     0.0147682942 
     0.063224128     0.0142593841 
     0.063409536     0.0137572225 
     0.063594944     0.0132716671 
     0.063780352      0.012802718 
      0.06396576     0.0123503752 
     0.064151168     0.0119146386 
     0.064336576     0.0115037257 
     0.064521984     0.0110990509 
     0.064707392     0.0107075933 
       0.0648928      0.010329353 
     0.065078208    0.00996432994 
     0.065263616    0.00961252412 
     0.065449024    0.00927393556 
     0.065634432    0.00895436268 
      0.06581984    0.00863882313 
     0.066005248    0.00833380322 
     0.066190656    0.00803930294 
     0.066376064     0.0077553223 
     0.066561472     0.0074818613 
      0.06674688    0.00722399858 
     0.066932288    0.00696969766 
     0.067117696    0.00672376924 
     0.067303104     0.0064862133 
     0.067488512    0.00625702986 
      0.06767392    0.00603621891 
     0.067859328    0.00582378045 
     0.068044736    0.00562303343 
     0.068230144    0.00542478465 
     0.068415552    0.00523319944 
      0.06860096    0.00504827778 
     0.068786368    0.00487001969 
     0.068971776    0.00469842515 
     0.069157184    0.00453655494 
     0.069342592     0.0043767708 
        0.069528    0.00422229013 
     0.069713408    0.00407311292 
     0.069898816    0.00392923917 
     0.070084224     0.0037906689 
     0.070269632    0.00366001592 
      0.07045504    0.00353125712 
     0.070640448    0.00340671937 
     0.070825856    0.00328640267 
     0.071011264    0.00317030701 
     0.071196672    0.00305843239 
      0.07138208    0.00295077882 
     0.071567488    0.00284913865 
     0.071752896    0.00274876051 
     0.071938304    0.00265174202 
     0.072123712    0.00255808319 
      0.07230912    0.00246778402 
     0.072494528     0.0023808445 
     0.072679936    0.00229886693 
     0.072865344    0.00221797933 
     0.073050752    0.00213976593 
      0.07323616    0.00206422673 
     0.073421568    0.00199136175 
     0.073606976    0.00192117096 
     0.073792384    0.00185499072 
     0.073977792    0.00178982513 
       0.0741632    0.00172678836 
     0.074348608     0.0016658804 
     0.074534016    0.00160710127 
     0.074719424    0.00155045095 
     0.074904832    0.00149592945 
      0.07509024    0.00144449443 
     0.075275648      0.001393705 
     0.075461056    0.00134461051 
     0.075646464    0.00129721096 
     0.075831872    0.00125150635 
      0.07601728    0.00120749668 
     0.076202688    0.00116601447 
     0.076388096    0.00112510839 
     0.076573504    0.00108555215 
     0.076758912    0.00104734576 
      0.07694432    0.00101048922 
     0.077129728   0.000974982527 
     0.077315136   0.000940825683 
     0.077500544   0.000908574518 
     0.077685952   0.000876720228 
      0.07787136   0.000845941416 
     0.078056768   0.000816238081 
     0.078242176   0.000787610223 
     0.078427584   0.000760057842 
     0.078612992   0.000734087756 
       0.0787984   0.000708454185 
     0.078983808   0.000683678071 
     0.079169216   0.000659759414 
     0.079354624   0.000636698213 
     0.079540032    0.00061449447 
      0.07972544   0.000593577314 
     0.079910848   0.000572970534 
     0.080096256   0.000553048122 
     0.080281664    0.00053381008 
     0.080467072   0.000515256407 
      0.08065248   0.000497387103 
     0.080837888   0.000480202168 
     0.081023296   0.000464002491 
     0.081208704   0.000448008277 
     0.081394112   0.000432561211 
      0.08157952   0.000417661294 
     0.081764928   0.000403308524 
     0.081950336   0.000389502904 
     0.082135744   0.000376509913 
     0.082321152   0.000363699584 
      0.08250656   0.000351327862 
     0.082691968   0.000339394745 
     0.082877376   0.000327900234 
     0.083062784   0.000316844329 
     0.083248192   0.000306446106 
       0.0834336    0.00029622245 
     0.083619008   0.000286351848 
     0.083804416     0.0002768343 
     0.083989824   0.000267669807 
     0.084175232   0.000258858369 
      0.08436064   0.000250399985 
     0.084546048   0.000242456212 
     0.084731456     0.0002346277 
     0.084916864   0.000227085196 
     0.085102272   0.000219828699 
      0.08528768    0.00021285821 
     0.085473088   0.000206173729 
     0.085658496   0.000199915065 
     0.085843904   0.000193763787 
     0.086029312    0.00018784645 
      0.08621472   0.000182163053 
     0.086400128   0.000176713596 
     0.086585536   0.000171498079 
     0.086770944   0.000166516503 
     0.086956352    0.00016187295 
      0.08714176   0.000157305561 
     0.087327168    0.00015293226 
     0.087512576   0.000148753046 
     0.087697984   0.000144767919 
     0.087883392    0.00014097688 
       0.0880688   0.000137486866 
     0.088254208    0.00013405626 
     0.088439616   0.000130789768 
     0.088625024   0.000127687391 
     0.088810432   0.000124749128 
      0.08899584    0.00012197498 
     0.089181248   0.000119892451 
     0.089366656   0.000117469503 
     0.089552064   0.000115177526 
     0.089737472   0.000113016519 
      0.08992288   0.000110986482 
     0.090108288   0.000109087415 
     0.090293696   0.000107319318 
     0.090479104   0.000105282813 
     0.090664512   0.000103775053 
      0.09084992   0.000102398403 
     0.091035328   0.000101152862 
     0.091220736   0.000100038431 
     0.091406144   9.90551088e-05 
     0.091591552    9.7977383e-05 
      0.09177696   9.72145049e-05 
     0.091962368   9.65903319e-05 
     0.092147776    9.6104864e-05 
     0.092333184   9.57581012e-05 
     0.092518592   9.55500436e-05 
        0.092704    9.5480691e-05 
