      -0.0830985   0.000339265898 
    -0.082932303   0.000339463877 
    -0.082766106   0.000340057816 
    -0.082599909   0.000341047715 
    -0.082433712   0.000342433572 
    -0.082267515   0.000344215389 
    -0.082101318   0.000346393165 
    -0.081935121   0.000348966901 
    -0.081768924    0.00035252788 
    -0.081602727   0.000355709369 
     -0.08143653   0.000359265151 
    -0.081270333   0.000363195225 
    -0.081104136   0.000367499593 
    -0.080937939   0.000372178253 
    -0.080771742   0.000377231205 
    -0.080605545   0.000384065726 
    -0.080439348   0.000389861076 
    -0.080273151   0.000396030321 
    -0.080106954   0.000402573458 
    -0.079940757    0.00040949049 
     -0.07977456   0.000416781415 
    -0.079608363   0.000424446233 
    -0.079442166    0.00043074745 
    -0.079275969   0.000439409975 
    -0.079109772   0.000448540926 
    -0.078943575   0.000458140302 
    -0.078777378   0.000468208103 
    -0.078611181   0.000478744329 
    -0.078444984   0.000489748981 
    -0.078278787   0.000500851233 
     -0.07811259   0.000512890892 
    -0.077946393   0.000525484457 
    -0.077780196    0.00053863193 
    -0.077613999   0.000552333309 
    -0.077447802   0.000566588595 
    -0.077281605   0.000581397787 
    -0.077115408   0.000596354771 
    -0.076949211    0.00061238401 
    -0.076783014   0.000629080808 
    -0.076616817   0.000646445164 
     -0.07645062   0.000664477079 
    -0.076284423   0.000683176552 
    -0.076118226   0.000702543584 
    -0.075952029   0.000722086396 
    -0.075785832     0.0007429152 
    -0.075619635   0.000764560036 
    -0.075453438   0.000787020903 
    -0.075287241   0.000810297801 
    -0.075121044    0.00083439073 
    -0.074954847    0.00085929969 
     -0.07478865   0.000884408853 
    -0.074622453    0.00091108863 
    -0.074456256    0.00093877561 
    -0.074290059   0.000967469794 
    -0.074123862    0.00099717118 
    -0.073957665    0.00102787977 
    -0.073791468    0.00105959556 
    -0.073625271    0.00109154347 
    -0.073459074    0.00112542052 
    -0.073292877    0.00116054869 
     -0.07312668    0.00119692797 
    -0.072960483    0.00123455837 
    -0.072794286    0.00127343988 
    -0.072628089    0.00131357251 
    -0.072461892    0.00135495625 
    -0.072295695    0.00139676654 
    -0.072129498    0.00144111063 
    -0.071963301    0.00148701526 
    -0.071797104    0.00153448044 
    -0.071630907    0.00158350617 
     -0.07146471    0.00163409243 
    -0.071298513    0.00168623925 
    -0.071132316    0.00173887082 
    -0.070966119    0.00179467088 
    -0.070799922    0.00185242262 
    -0.070633725    0.00191212606 
    -0.070467528    0.00197378118 
    -0.070301331    0.00203738799 
    -0.070135134    0.00210294649 
    -0.069968937    0.00216906188 
     -0.06980274     0.0022391363 
    -0.069636543    0.00231165573 
    -0.069470346    0.00238662018 
    -0.069304149    0.00246402965 
    -0.069137952    0.00254388414 
    -0.068971755    0.00262618364 
    -0.068805558    0.00270913023 
    -0.068639361    0.00279701794 
    -0.068473164    0.00288797198 
    -0.068306967    0.00298199237 
     -0.06814077    0.00307907909 
    -0.067974573    0.00317923216 
    -0.067808376    0.00328245156 
    -0.067642179    0.00338643207 
    -0.067475982    0.00349657102 
    -0.067309785    0.00361055812 
    -0.067143588    0.00372839338 
    -0.066977391    0.00385007679 
    -0.066811194    0.00397560836 
    -0.066644997    0.00410498808 
      -0.0664788    0.00423527478 
    -0.066312603     0.0043732257 
    -0.066146406    0.00451600797 
    -0.065980209    0.00466362159 
    -0.065814012    0.00481606658 
    -0.065647815    0.00497334291 
    -0.065481618    0.00513545061 
    -0.065315421    0.00529865427 
    -0.065149224    0.00547138097 
    -0.064983027    0.00565017502 
     -0.06481683    0.00583503642 
    -0.064650633    0.00602596517 
    -0.064484436    0.00622296127 
    -0.064318239    0.00642602472 
    -0.064152042    0.00663043211 
    -0.063985845    0.00684665241 
    -0.063819648    0.00707049346 
    -0.063653451    0.00730195527 
    -0.063487254    0.00754103783 
    -0.063321057    0.00778774114 
     -0.06315486    0.00804206521 
    -0.062988663    0.00829806243 
    -0.062822466    0.00856868728 
    -0.062656269    0.00884888489 
    -0.062490072    0.00913865524 
    -0.062323875    0.00943799833 
    -0.062157678    0.00974691418 
    -0.061991481     0.0100654028 
    -0.061825284     0.0103934641 
    -0.061659087     0.0107246889 
     -0.06149289     0.0110753971 
    -0.061326693     0.0114381306 
    -0.061160496     0.0118128894 
    -0.060994299     0.0121996734 
    -0.060828102     0.0125984828 
    -0.060661905     0.0130093174 
    -0.060495708      0.013423828 
    -0.060329511     0.0138627584 
    -0.060163314     0.0143167953 
    -0.059997117     0.0147859386 
     -0.05983092     0.0152701884 
    -0.059664723     0.0157695446 
    -0.059498526     0.0162840072 
    -0.059332329     0.0168027623 
    -0.059166132     0.0173520762 
    -0.058999935     0.0179203669 
    -0.058833738     0.0185076345 
    -0.058667541      0.019113879 
    -0.058501344     0.0197391003 
    -0.058335147     0.0203832986 
     -0.05816895     0.0210325423 
    -0.058002753     0.0217199648 
    -0.057836556     0.0224312256 
    -0.057670359     0.0231663248 
    -0.057504162     0.0239252623 
    -0.057337965     0.0247080383 
    -0.057171768     0.0255146526 
    -0.057005571     0.0263272459 
    -0.056839374     0.0271874594 
    -0.056673177     0.0280776168 
     -0.05650698      0.028997718 
    -0.056340783     0.0299477631 
    -0.056174586     0.0309277521 
    -0.056008389     0.0319376849 
    -0.055842192     0.0329547732 
    -0.055675995     0.0340311572 
    -0.055509798     0.0351451516 
    -0.055343601     0.0362967566 
    -0.055177404      0.037485972 
    -0.055011207     0.0387127979 
     -0.05484501     0.0399772342 
    -0.054678813     0.0412503325 
    -0.054512616      0.042597135 
    -0.054346419     0.0439911728 
    -0.054180222      0.045432446 
    -0.054014025     0.0469209546 
    -0.053847828     0.0484566985 
    -0.053681631     0.0500396778 
    -0.053515434     0.0516332774 
    -0.053349237     0.0533183232 
     -0.05318304     0.0550626844 
    -0.053016843     0.0568663609 
    -0.052850646     0.0587293529 
    -0.052684449     0.0606516602 
    -0.052518252     0.0626332829 
    -0.052352055     0.0646281059 
    -0.052185858     0.0667361702 
    -0.052019661     0.0689187057 
    -0.051853464     0.0711757123 
    -0.051687267     0.0735071901 
     -0.05152107     0.0759131391 
    -0.051354873     0.0783935592 
    -0.051188676     0.0809484504 
    -0.051022479     0.0835276219 
    -0.050856282     0.0862581027 
    -0.050690085     0.0890820597 
    -0.050523888     0.0919994929 
    -0.050357691     0.0950104023 
    -0.050191494      0.098114788 
    -0.050025297       0.10131265 
      -0.0498591      0.104538655 
    -0.049692903      0.107954168 
    -0.049526706      0.111486973 
    -0.049360509       0.11513707 
    -0.049194312      0.118904459 
    -0.049028115       0.12278914 
    -0.048861918      0.126791113 
    -0.048695721      0.130825851 
    -0.048529524      0.135097475 
    -0.048363327      0.139516207 
     -0.04819713      0.144082047 
    -0.048030933      0.148794995 
    -0.047864736      0.153655051 
    -0.047698539      0.158662215 
    -0.047532342      0.163707759 
    -0.047366145      0.169048786 
    -0.047199948      0.174574202 
    -0.047033751      0.180284008 
    -0.046867554      0.186178203 
    -0.046701357      0.192256787 
     -0.04653516      0.198519761 
    -0.046368963      0.204828045 
    -0.046202766      0.211504052 
    -0.046036569      0.218410985 
    -0.045870372      0.225548842 
    -0.045704175      0.232917625 
    -0.045537978      0.240517332 
    -0.045371781      0.248347965 
    -0.045205584      0.256232609 
    -0.045039387      0.264573702 
     -0.04487319      0.273203671 
    -0.044706993      0.282122515 
    -0.044540796      0.291330235 
    -0.044374599      0.300826831 
    -0.044208402      0.310612303 
    -0.044042205      0.320462898 
    -0.043876008       0.33087842 
    -0.043709811      0.341654754 
    -0.043543614      0.352791898 
    -0.043377417      0.364289854 
     -0.04321122       0.37614862 
    -0.043045023      0.388368198 
    -0.042878826       0.40066731 
    -0.042712629       0.41366325 
    -0.042546432      0.427108907 
    -0.042380235      0.441004281 
    -0.042214038      0.455349371 
    -0.042047841      0.470144178 
    -0.041881644      0.485388702 
    -0.041715447      0.500731697 
     -0.04154925      0.516930813 
    -0.041383053      0.533688872 
    -0.041216856      0.551005873 
    -0.041050659      0.568881817 
    -0.040884462      0.587316703 
    -0.040718265      0.606310533 
    -0.040552068      0.625863305 
    -0.040385871      0.645592255 
    -0.040219674      0.666448595 
    -0.040053477      0.687996976 
     -0.03988728      0.710237398 
    -0.039721083      0.733169862 
    -0.039554886      0.756794368 
    -0.039388689      0.781110915 
    -0.039222492      0.805630461 
    -0.039056295      0.831537376 
    -0.038890098      0.858296714 
    -0.038723901      0.885908475 
    -0.038557704      0.914372659 
    -0.038391507      0.943689265 
     -0.03822531      0.973858294 
    -0.038059113       1.00426308 
    -0.037892916       1.03636128 
    -0.037726719        1.0695022 
    -0.037560522       1.10368583 
    -0.037394325       1.13891218 
    -0.037228128       1.17518125 
    -0.037061931       1.21249303 
    -0.036895734       1.25008165 
    -0.036729537       1.28971612 
     -0.03656334       1.33061431 
    -0.036397143        1.3727762 
    -0.036230946        1.4162018 
    -0.036064749       1.46089111 
    -0.035898552       1.50684414 
    -0.035732355       1.55312625 
    -0.035566158       1.60184862 
    -0.035399961       1.65208373 
    -0.035233764       1.70383157 
    -0.035067567       1.75709215 
     -0.03490137       1.81186546 
    -0.034735173       1.86815151 
    -0.034568976        1.9248305 
    -0.034402779         1.984377 
    -0.034236582       2.04570494 
    -0.034070385       2.10881431 
    -0.033904188       2.17370512 
    -0.033737991       2.24037736 
    -0.033571794       2.30883104 
    -0.033405597       2.37774402 
      -0.0332394        2.4499743 
    -0.033073203        2.5242578 
    -0.032907006        2.6005945 
    -0.032740809       2.67898442 
    -0.032574612       2.75942754 
    -0.032408415       2.84192387 
    -0.032242218       2.92490227 
    -0.032076021       3.01168271 
    -0.031909824       3.10076446 
    -0.031743627       3.19214752 
     -0.03157743       3.28583189 
    -0.031411233       3.38181757 
    -0.031245036       3.48010456 
    -0.031078839       3.57807767 
    -0.030912642       3.68110297 
    -0.030746445       3.78660983 
    -0.030580248       3.89459826 
    -0.030414051       4.00506825 
    -0.030247854       4.11801981 
    -0.030081657       4.23345293 
     -0.02991546       4.35136761 
    -0.029749263       4.46628271 
    -0.029583066       4.58928026 
    -0.029416869       4.71474453 
    -0.029250672       4.84267552 
    -0.029084475       4.97307323 
    -0.028918278       5.10593766 
    -0.028752081       5.24126882 
    -0.028585884       5.37057088 
    -0.028419687       5.51101154 
     -0.02825349        5.6538691 
    -0.028087293       5.79914355 
    -0.027921096       5.94683491 
    -0.027754899       6.09694316 
    -0.027588702       6.24946832 
    -0.027422505       6.40833698 
    -0.027256308       6.56458233 
    -0.027090111       6.72302615 
    -0.026923914       6.87094431 
    -0.026757717       7.03504284 
     -0.02659152       7.20233347 
    -0.026425323       7.37281619 
    -0.026259126       7.55519309 
    -0.026092929       7.73060752 
    -0.025926732       7.90829246 
    -0.025760535       8.08824793 
    -0.025594338       8.27263086 
    -0.025428141       8.44885531 
    -0.025261944       8.63162809 
    -0.025095747       8.82224994 
     -0.02492955       9.00881108 
    -0.024763353       9.19768067 
    -0.024597156       9.38661483 
    -0.024430959       9.57649666 
    -0.024264762       9.76735133 
    -0.024098565       9.95867962 
    -0.023932368       10.1505707 
    -0.023766171       10.3434548 
    -0.023599974       10.5362707 
    -0.023433777       10.7299038 
     -0.02326758       10.9231703 
    -0.023101383       11.1170551 
    -0.022935186       11.3102821 
    -0.022768989       11.5033125 
    -0.022602792       11.6966152 
    -0.022436595       11.8889126 
    -0.022270398       12.0812074 
    -0.022104201       12.2723331 
    -0.021938004       12.4631722 
    -0.021771807       12.6527734 
     -0.02160561       12.8416895 
    -0.021439413       13.0296755 
    -0.021273216       13.2170023 
    -0.021107019       13.4029883 
    -0.020940822       13.5882528 
    -0.020774625       13.7726476 
    -0.020608428       13.9599843 
    -0.020442231       14.1390395 
    -0.020276034       14.3073263 
    -0.020109837        14.478302 
     -0.01994364       14.6466043 
    -0.019777443       14.8048261 
    -0.019611246       14.9711914 
    -0.019445049       15.1374295 
    -0.019278852       15.3035404 
    -0.019112655       15.4841323 
    -0.018946458       15.6454861 
    -0.018780261       15.8017668 
    -0.018614064       15.9671163 
    -0.018447867       16.1140307 
     -0.01828167       16.2566377 
    -0.018115473       16.3949373 
    -0.017949276       16.5289295 
    -0.017783079       16.6586143 
    -0.017616882       16.7839917 
    -0.017450685       16.8332478 
    -0.017284488       16.9551295 
    -0.017118291        17.075388 
    -0.016952094       17.1940233 
    -0.016785897       17.3110355 
      -0.0166197       17.4264245 
    -0.016453503       17.5401904 
    -0.016287306       17.6864575 
    -0.016121109       17.7950104 
    -0.015954912       17.9007531 
    -0.015788715       18.0036854 
    -0.015622518       18.1038073 
    -0.015456321       18.2011189 
    -0.015290124       18.2956202 
    -0.015123927       18.3841285 
     -0.01495773       18.4727865 
    -0.014791533       18.5588376 
    -0.014625336       18.6422817 
    -0.014459139       18.7231189 
    -0.014292942       18.8013491 
    -0.014126745       18.8769724 
    -0.013960548       18.9519104 
    -0.013794351       19.0225761 
    -0.013628154       19.0909686 
    -0.013461957       19.1570881 
     -0.01329576       19.2209344 
    -0.013129563       19.2825077 
    -0.012963366       19.3418079 
    -0.012797169       19.3985097 
    -0.012630972       19.4534965 
    -0.012464775       19.5065454 
    -0.012298578       19.5576563 
    -0.012132381       19.6068293 
    -0.011966184       19.6540644 
    -0.011799987       19.6993616 
     -0.01163379       19.7420966 
    -0.011467593       19.7837492 
    -0.011301396       19.8238024 
    -0.011135199       19.8622562 
    -0.010969002       19.8991106 
    -0.010802805       19.9343657 
    -0.010636608       19.9680214 
    -0.010470411       19.9993508 
    -0.010304214       20.0300227 
    -0.010138017       20.0594148 
     -0.00997182        20.087527 
    -0.009805623       20.1143594 
    -0.009639426       20.1399119 
    -0.009473229       20.1641846 
    -0.009307032       20.1864594 
    -0.009140835       20.2083624 
    -0.008974638       20.2292721 
    -0.008808441       20.2491885 
    -0.008642244       20.2681117 
    -0.008476047       20.2860415 
     -0.00830985        20.302978 
    -0.008143653       20.3182736 
    -0.007977456       20.3333854 
    -0.007811259       20.3477507 
    -0.007645062       20.3613697 
    -0.007478865       20.3742423 
    -0.007312668       20.3863685 
    -0.007146471       20.3977483 
    -0.006980274       20.4078303 
    -0.006814077       20.4178508 
     -0.00664788       20.4273305 
    -0.006481683       20.4362692 
    -0.006315486        20.444667 
    -0.006149289       20.4525239 
    -0.005983092       20.4598399 
    -0.005816895       20.4661672 
    -0.005650698       20.4725082 
    -0.005484501       20.4784734 
    -0.005318304       20.4840628 
    -0.005152107       20.4892763 
     -0.00498591        20.494114 
    -0.004819713       20.4985759 
    -0.004653516       20.5023169 
    -0.004487319         20.50611 
    -0.004321122       20.5096545 
    -0.004154925       20.5129504 
    -0.003988728       20.5159975 
    -0.003822531        20.518796 
    -0.003656334       20.5213458 
    -0.003490137       20.5234057 
     -0.00332394       20.5255204 
    -0.003157743       20.5274785 
    -0.002991546         20.52928 
    -0.002825349       20.5309249 
    -0.002659152       20.5324132 
    -0.002492955       20.5337449 
    -0.002326758       20.5339882 
    -0.002160561       20.5350089 
    -0.001994364        20.535954 
    -0.001828167       20.5368235 
     -0.00166197       20.5376174 
    -0.001495773       20.5383357 
    -0.001329576       20.5389783 
    -0.001163379       20.5401622 
    -0.000997182       20.5405924 
    -0.000830985       20.5409565 
    -0.000664788       20.5412544 
    -0.000498591       20.5414861 
    -0.000332394       20.5416516 
    -0.000166197       20.5417509 
               0        20.541784 
     0.000166197       20.5417509 
     0.000332394       20.5416516 
     0.000498591       20.5414861 
     0.000664788       20.5412544 
     0.000830985       20.5409565 
     0.000997182       20.5405924 
     0.001163379       20.5401622 
     0.001329576       20.5389783 
     0.001495773       20.5383357 
      0.00166197       20.5376174 
     0.001828167       20.5368235 
     0.001994364        20.535954 
     0.002160561       20.5350089 
     0.002326758       20.5339882 
     0.002492955       20.5337449 
     0.002659152       20.5324132 
     0.002825349       20.5309249 
     0.002991546         20.52928 
     0.003157743       20.5274785 
      0.00332394       20.5255204 
     0.003490137       20.5234057 
     0.003656334       20.5213458 
     0.003822531        20.518796 
     0.003988728       20.5159975 
     0.004154925       20.5129504 
     0.004321122       20.5096545 
     0.004487319         20.50611 
     0.004653516       20.5023169 
     0.004819713       20.4985759 
      0.00498591        20.494114 
     0.005152107       20.4892763 
     0.005318304       20.4840628 
     0.005484501       20.4784734 
     0.005650698       20.4725082 
     0.005816895       20.4661672 
     0.005983092       20.4598399 
     0.006149289       20.4525239 
     0.006315486        20.444667 
     0.006481683       20.4362692 
      0.00664788       20.4273305 
     0.006814077       20.4178508 
     0.006980274       20.4078303 
     0.007146471       20.3977483 
     0.007312668       20.3863685 
     0.007478865       20.3742423 
     0.007645062       20.3613697 
     0.007811259       20.3477507 
     0.007977456       20.3333854 
     0.008143653       20.3182736 
      0.00830985        20.302978 
     0.008476047       20.2860415 
     0.008642244       20.2681117 
     0.008808441       20.2491885 
     0.008974638       20.2292721 
     0.009140835       20.2083624 
     0.009307032       20.1864594 
     0.009473229       20.1641846 
     0.009639426       20.1399119 
     0.009805623       20.1143594 
      0.00997182        20.087527 
     0.010138017       20.0594148 
     0.010304214       20.0300227 
     0.010470411       19.9993508 
     0.010636608       19.9680214 
     0.010802805       19.9343657 
     0.010969002       19.8991106 
     0.011135199       19.8622562 
     0.011301396       19.8238024 
     0.011467593       19.7837492 
      0.01163379       19.7420966 
     0.011799987       19.6993616 
     0.011966184       19.6540644 
     0.012132381       19.6068293 
     0.012298578       19.5576563 
     0.012464775       19.5065454 
     0.012630972       19.4534965 
     0.012797169       19.3985097 
     0.012963366       19.3418079 
     0.013129563       19.2825077 
      0.01329576       19.2209344 
     0.013461957       19.1570881 
     0.013628154       19.0909686 
     0.013794351       19.0225761 
     0.013960548       18.9519104 
     0.014126745       18.8769724 
     0.014292942       18.8013491 
     0.014459139       18.7231189 
     0.014625336       18.6422817 
     0.014791533       18.5588376 
      0.01495773       18.4727865 
     0.015123927       18.3841285 
     0.015290124       18.2956202 
     0.015456321       18.2011189 
     0.015622518       18.1038073 
     0.015788715       18.0036854 
     0.015954912       17.9007531 
     0.016121109       17.7950104 
     0.016287306       17.6864575 
     0.016453503       17.5401904 
       0.0166197       17.4264245 
     0.016785897       17.3110355 
     0.016952094       17.1940233 
     0.017118291        17.075388 
     0.017284488       16.9551295 
     0.017450685       16.8332478 
     0.017616882       16.7839917 
     0.017783079       16.6586143 
     0.017949276       16.5289295 
     0.018115473       16.3949373 
      0.01828167       16.2566377 
     0.018447867       16.1140307 
     0.018614064       15.9671163 
     0.018780261       15.8017668 
     0.018946458       15.6454861 
     0.019112655       15.4841323 
     0.019278852       15.3035404 
     0.019445049       15.1374295 
     0.019611246       14.9711914 
     0.019777443       14.8048261 
      0.01994364       14.6466043 
     0.020109837        14.478302 
     0.020276034       14.3073263 
     0.020442231       14.1390395 
     0.020608428       13.9599843 
     0.020774625       13.7726476 
     0.020940822       13.5882528 
     0.021107019       13.4029883 
     0.021273216       13.2170023 
     0.021439413       13.0296755 
      0.02160561       12.8416895 
     0.021771807       12.6527734 
     0.021938004       12.4631722 
     0.022104201       12.2723331 
     0.022270398       12.0812074 
     0.022436595       11.8889126 
     0.022602792       11.6966152 
     0.022768989       11.5033125 
     0.022935186       11.3102821 
     0.023101383       11.1170551 
      0.02326758       10.9231703 
     0.023433777       10.7299038 
     0.023599974       10.5362707 
     0.023766171       10.3434548 
     0.023932368       10.1505707 
     0.024098565       9.95867962 
     0.024264762       9.76735133 
     0.024430959       9.57649666 
     0.024597156       9.38661483 
     0.024763353       9.19768067 
      0.02492955       9.00881108 
     0.025095747       8.82224994 
     0.025261944       8.63162809 
     0.025428141       8.44885531 
     0.025594338       8.27263086 
     0.025760535       8.08824793 
     0.025926732       7.90829246 
     0.026092929       7.73060752 
     0.026259126       7.55519309 
     0.026425323       7.37281619 
      0.02659152       7.20233347 
     0.026757717       7.03504284 
     0.026923914       6.87094431 
     0.027090111       6.72302615 
     0.027256308       6.56458233 
     0.027422505       6.40833698 
     0.027588702       6.24946832 
     0.027754899       6.09694316 
     0.027921096       5.94683491 
     0.028087293       5.79914355 
      0.02825349        5.6538691 
     0.028419687       5.51101154 
     0.028585884       5.37057088 
     0.028752081       5.24126882 
     0.028918278       5.10593766 
     0.029084475       4.97307323 
     0.029250672       4.84267552 
     0.029416869       4.71474453 
     0.029583066       4.58928026 
     0.029749263       4.46628271 
      0.02991546       4.35136761 
     0.030081657       4.23345293 
     0.030247854       4.11801981 
     0.030414051       4.00506825 
     0.030580248       3.89459826 
     0.030746445       3.78660983 
     0.030912642       3.68110297 
     0.031078839       3.57807767 
     0.031245036       3.48010456 
     0.031411233       3.38181757 
      0.03157743       3.28583189 
     0.031743627       3.19214752 
     0.031909824       3.10076446 
     0.032076021       3.01168271 
     0.032242218       2.92490227 
     0.032408415       2.84192387 
     0.032574612       2.75942754 
     0.032740809       2.67898442 
     0.032907006        2.6005945 
     0.033073203        2.5242578 
       0.0332394        2.4499743 
     0.033405597       2.37774402 
     0.033571794       2.30883104 
     0.033737991       2.24037736 
     0.033904188       2.17370512 
     0.034070385       2.10881431 
     0.034236582       2.04570494 
     0.034402779         1.984377 
     0.034568976        1.9248305 
     0.034735173       1.86815151 
      0.03490137       1.81186546 
     0.035067567       1.75709215 
     0.035233764       1.70383157 
     0.035399961       1.65208373 
     0.035566158       1.60184862 
     0.035732355       1.55312625 
     0.035898552       1.50684414 
     0.036064749       1.46089111 
     0.036230946        1.4162018 
     0.036397143        1.3727762 
      0.03656334       1.33061431 
     0.036729537       1.28971612 
     0.036895734       1.25008165 
     0.037061931       1.21249303 
     0.037228128       1.17518125 
     0.037394325       1.13891218 
     0.037560522       1.10368583 
     0.037726719        1.0695022 
     0.037892916       1.03636128 
     0.038059113       1.00426308 
      0.03822531      0.973858294 
     0.038391507      0.943689265 
     0.038557704      0.914372659 
     0.038723901      0.885908475 
     0.038890098      0.858296714 
     0.039056295      0.831537376 
     0.039222492      0.805630461 
     0.039388689      0.781110915 
     0.039554886      0.756794368 
     0.039721083      0.733169862 
      0.03988728      0.710237398 
     0.040053477      0.687996976 
     0.040219674      0.666448595 
     0.040385871      0.645592255 
     0.040552068      0.625863305 
     0.040718265      0.606310533 
     0.040884462      0.587316703 
     0.041050659      0.568881817 
     0.041216856      0.551005873 
     0.041383053      0.533688872 
      0.04154925      0.516930813 
     0.041715447      0.500731697 
     0.041881644      0.485388702 
     0.042047841      0.470144178 
     0.042214038      0.455349371 
     0.042380235      0.441004281 
     0.042546432      0.427108907 
     0.042712629       0.41366325 
     0.042878826       0.40066731 
     0.043045023      0.388368198 
      0.04321122       0.37614862 
     0.043377417      0.364289854 
     0.043543614      0.352791898 
     0.043709811      0.341654754 
     0.043876008       0.33087842 
     0.044042205      0.320462898 
     0.044208402      0.310612303 
     0.044374599      0.300826831 
     0.044540796      0.291330235 
     0.044706993      0.282122515 
      0.04487319      0.273203671 
     0.045039387      0.264573702 
     0.045205584      0.256232609 
     0.045371781      0.248347965 
     0.045537978      0.240517332 
     0.045704175      0.232917625 
     0.045870372      0.225548842 
     0.046036569      0.218410985 
     0.046202766      0.211504052 
     0.046368963      0.204828045 
      0.04653516      0.198519761 
     0.046701357      0.192256787 
     0.046867554      0.186178203 
     0.047033751      0.180284008 
     0.047199948      0.174574202 
     0.047366145      0.169048786 
     0.047532342      0.163707759 
     0.047698539      0.158662215 
     0.047864736      0.153655051 
     0.048030933      0.148794995 
      0.04819713      0.144082047 
     0.048363327      0.139516207 
     0.048529524      0.135097475 
     0.048695721      0.130825851 
     0.048861918      0.126791113 
     0.049028115       0.12278914 
     0.049194312      0.118904459 
     0.049360509       0.11513707 
     0.049526706      0.111486973 
     0.049692903      0.107954168 
       0.0498591      0.104538655 
     0.050025297       0.10131265 
     0.050191494      0.098114788 
     0.050357691     0.0950104023 
     0.050523888     0.0919994929 
     0.050690085     0.0890820597 
     0.050856282     0.0862581027 
     0.051022479     0.0835276219 
     0.051188676     0.0809484504 
     0.051354873     0.0783935592 
      0.05152107     0.0759131391 
     0.051687267     0.0735071901 
     0.051853464     0.0711757123 
     0.052019661     0.0689187057 
     0.052185858     0.0667361702 
     0.052352055     0.0646281059 
     0.052518252     0.0626332829 
     0.052684449     0.0606516602 
     0.052850646     0.0587293529 
     0.053016843     0.0568663609 
      0.05318304     0.0550626844 
     0.053349237     0.0533183232 
     0.053515434     0.0516332774 
     0.053681631     0.0500396778 
     0.053847828     0.0484566985 
     0.054014025     0.0469209546 
     0.054180222      0.045432446 
     0.054346419     0.0439911728 
     0.054512616      0.042597135 
     0.054678813     0.0412503325 
      0.05484501     0.0399772342 
     0.055011207     0.0387127979 
     0.055177404      0.037485972 
     0.055343601     0.0362967566 
     0.055509798     0.0351451516 
     0.055675995     0.0340311572 
     0.055842192     0.0329547732 
     0.056008389     0.0319376849 
     0.056174586     0.0309277521 
     0.056340783     0.0299477631 
      0.05650698      0.028997718 
     0.056673177     0.0280776168 
     0.056839374     0.0271874594 
     0.057005571     0.0263272459 
     0.057171768     0.0255146526 
     0.057337965     0.0247080383 
     0.057504162     0.0239252623 
     0.057670359     0.0231663248 
     0.057836556     0.0224312256 
     0.058002753     0.0217199648 
      0.05816895     0.0210325423 
     0.058335147     0.0203832986 
     0.058501344     0.0197391003 
     0.058667541      0.019113879 
     0.058833738     0.0185076345 
     0.058999935     0.0179203669 
     0.059166132     0.0173520762 
     0.059332329     0.0168027623 
     0.059498526     0.0162840072 
     0.059664723     0.0157695446 
      0.05983092     0.0152701884 
     0.059997117     0.0147859386 
     0.060163314     0.0143167953 
     0.060329511     0.0138627584 
     0.060495708      0.013423828 
     0.060661905     0.0130093174 
     0.060828102     0.0125984828 
     0.060994299     0.0121996734 
     0.061160496     0.0118128894 
     0.061326693     0.0114381306 
      0.06149289     0.0110753971 
     0.061659087     0.0107246889 
     0.061825284     0.0103934641 
     0.061991481     0.0100654028 
     0.062157678    0.00974691418 
     0.062323875    0.00943799833 
     0.062490072    0.00913865524 
     0.062656269    0.00884888489 
     0.062822466    0.00856868728 
     0.062988663    0.00829806243 
      0.06315486    0.00804206521 
     0.063321057    0.00778774114 
     0.063487254    0.00754103783 
     0.063653451    0.00730195527 
     0.063819648    0.00707049346 
     0.063985845    0.00684665241 
     0.064152042    0.00663043211 
     0.064318239    0.00642602472 
     0.064484436    0.00622296127 
     0.064650633    0.00602596517 
      0.06481683    0.00583503642 
     0.064983027    0.00565017502 
     0.065149224    0.00547138097 
     0.065315421    0.00529865427 
     0.065481618    0.00513545061 
     0.065647815    0.00497334291 
     0.065814012    0.00481606658 
     0.065980209    0.00466362159 
     0.066146406    0.00451600797 
     0.066312603     0.0043732257 
       0.0664788    0.00423527478 
     0.066644997    0.00410498808 
     0.066811194    0.00397560836 
     0.066977391    0.00385007679 
     0.067143588    0.00372839338 
     0.067309785    0.00361055812 
     0.067475982    0.00349657102 
     0.067642179    0.00338643207 
     0.067808376    0.00328245156 
     0.067974573    0.00317923216 
      0.06814077    0.00307907909 
     0.068306967    0.00298199237 
     0.068473164    0.00288797198 
     0.068639361    0.00279701794 
     0.068805558    0.00270913023 
     0.068971755    0.00262618364 
     0.069137952    0.00254388414 
     0.069304149    0.00246402965 
     0.069470346    0.00238662018 
     0.069636543    0.00231165573 
      0.06980274     0.0022391363 
     0.069968937    0.00216906188 
     0.070135134    0.00210294649 
     0.070301331    0.00203738799 
     0.070467528    0.00197378118 
     0.070633725    0.00191212606 
     0.070799922    0.00185242262 
     0.070966119    0.00179467088 
     0.071132316    0.00173887082 
     0.071298513    0.00168623925 
      0.07146471    0.00163409243 
     0.071630907    0.00158350617 
     0.071797104    0.00153448044 
     0.071963301    0.00148701526 
     0.072129498    0.00144111063 
     0.072295695    0.00139676654 
     0.072461892    0.00135495625 
     0.072628089    0.00131357251 
     0.072794286    0.00127343988 
     0.072960483    0.00123455837 
      0.07312668    0.00119692797 
     0.073292877    0.00116054869 
     0.073459074    0.00112542052 
     0.073625271    0.00109154347 
     0.073791468    0.00105959556 
     0.073957665    0.00102787977 
     0.074123862    0.00099717118 
     0.074290059   0.000967469794 
     0.074456256    0.00093877561 
     0.074622453    0.00091108863 
      0.07478865   0.000884408853 
     0.074954847    0.00085929969 
     0.075121044    0.00083439073 
     0.075287241   0.000810297801 
     0.075453438   0.000787020903 
     0.075619635   0.000764560036 
     0.075785832     0.0007429152 
     0.075952029   0.000722086396 
     0.076118226   0.000702543584 
     0.076284423   0.000683176552 
      0.07645062   0.000664477079 
     0.076616817   0.000646445164 
     0.076783014   0.000629080808 
     0.076949211    0.00061238401 
     0.077115408   0.000596354771 
     0.077281605   0.000581397787 
     0.077447802   0.000566588595 
     0.077613999   0.000552333309 
     0.077780196    0.00053863193 
     0.077946393   0.000525484457 
      0.07811259   0.000512890892 
     0.078278787   0.000500851233 
     0.078444984   0.000489748981 
     0.078611181   0.000478744329 
     0.078777378   0.000468208103 
     0.078943575   0.000458140302 
     0.079109772   0.000448540926 
     0.079275969   0.000439409975 
     0.079442166    0.00043074745 
     0.079608363   0.000424446233 
      0.07977456   0.000416781415 
     0.079940757    0.00040949049 
     0.080106954   0.000402573458 
     0.080273151   0.000396030321 
     0.080439348   0.000389861076 
     0.080605545   0.000384065726 
     0.080771742   0.000377231205 
     0.080937939   0.000372178253 
     0.081104136   0.000367499593 
     0.081270333   0.000363195225 
      0.08143653   0.000359265151 
     0.081602727   0.000355709369 
     0.081768924    0.00035252788 
     0.081935121   0.000348966901 
     0.082101318   0.000346393165 
     0.082267515   0.000344215389 
     0.082433712   0.000342433572 
     0.082599909   0.000341047715 
     0.082766106   0.000340057816 
     0.082932303   0.000339463877 
       0.0830985   0.000339265898 
