      -0.0861435   0.000225584799 
    -0.085971213   0.000225725971 
    -0.085798926   0.000226149489 
    -0.085626639   0.000226855352 
    -0.085454352    0.00022784356 
    -0.085282065   0.000229114113 
    -0.085109778   0.000230667012 
    -0.084937491   0.000232955111 
    -0.084765204    0.00023495819 
    -0.084592917   0.000237228347 
     -0.08442063   0.000239765581 
    -0.084248343   0.000242569892 
    -0.084076056    0.00024564128 
    -0.083903769   0.000248979746 
    -0.083731482   0.000253492897 
    -0.083559195   0.000257361043 
    -0.083386908   0.000261495958 
    -0.083214621   0.000265897642 
    -0.083042334   0.000270566094 
    -0.082870047   0.000275501315 
     -0.08269776   0.000280703305 
    -0.082525473   0.000285044211 
    -0.082353186   0.000290945279 
    -0.082180899   0.000297179474 
    -0.082008612   0.000303746797 
    -0.081836325   0.000310647247 
    -0.081664038   0.000317880825 
    -0.081491751    0.00032544753 
    -0.081319464   0.000333121446 
    -0.081147177   0.000341436135 
     -0.08097489   0.000350143915 
    -0.080802603   0.000359244787 
    -0.080630316    0.00036873875 
    -0.080458029   0.000378625805 
    -0.080285742   0.000388905951 
    -0.080113455   0.000399353686 
    -0.079941168   0.000410540192 
    -0.079768881   0.000422199419 
    -0.079596594   0.000434331368 
    -0.079424307   0.000446936038 
     -0.07925202   0.000460013429 
    -0.079079733   0.000473248769 
    -0.078907446   0.000487342311 
    -0.078735159   0.000502012469 
    -0.078562872   0.000517259242 
    -0.078390585    0.00053308263 
    -0.078218298   0.000549482634 
    -0.078046011   0.000566459254 
    -0.077873724   0.000583630018 
    -0.077701437   0.000601874599 
     -0.07752915   0.000620829382 
    -0.077356863   0.000640494367 
    -0.077184576   0.000660869555 
    -0.077012289   0.000681954944 
    -0.076840002   0.000703750536 
    -0.076667715   0.000725793046 
    -0.076495428   0.000749186113 
    -0.076323141   0.000773459567 
    -0.076150854   0.000798613409 
    -0.075978567   0.000824647639 
     -0.07580628   0.000851562257 
    -0.075633993   0.000879357263 
    -0.075461706   0.000907478368 
    -0.075289419   0.000937298022 
    -0.075117132   0.000968213623 
    -0.074944845    0.00100022517 
    -0.074772558    0.00103333267 
    -0.074600271    0.00106753611 
    -0.074427984     0.0011028355 
    -0.074255697    0.00113857873 
     -0.07408341    0.00117645339 
    -0.073911123    0.00121569603 
    -0.073738836    0.00125630667 
    -0.073566549    0.00129828528 
    -0.073394262    0.00134163188 
    -0.073221975    0.00138539114 
    -0.073049688    0.00143167769 
    -0.072877401    0.00147967476 
    -0.072705114    0.00152938234 
    -0.072532827    0.00158080044 
     -0.07236054    0.00163392905 
    -0.072188253    0.00168876818 
    -0.072015966    0.00174413757 
    -0.071843679    0.00180273477 
    -0.071671392    0.00186347313 
    -0.071499105    0.00192635267 
    -0.071326818    0.00199137338 
    -0.071154531    0.00205853527 
    -0.070982244    0.00212783833 
    -0.070809957    0.00219784402 
     -0.07063767    0.00227195437 
    -0.070465383    0.00234874685 
    -0.070293096    0.00242822147 
    -0.070120809    0.00251037823 
    -0.069948522    0.00259521711 
    -0.069776235    0.00268273813 
    -0.069603948    0.00277121356 
    -0.069431661    0.00286488577 
    -0.069259374    0.00296191924 
    -0.069087087    0.00306231395 
      -0.0689148    0.00316606991 
    -0.068742513    0.00327318711 
    -0.068570226    0.00338366557 
    -0.068397939    0.00349546461 
    -0.068225652      0.003613814 
    -0.068053365    0.00373637687 
    -0.067881078    0.00386315321 
    -0.067708791    0.00399414301 
    -0.067536504    0.00412934629 
    -0.067364217    0.00426582609 
     -0.06719193    0.00441003028 
    -0.067019643    0.00455951713 
    -0.066847356    0.00471428665 
    -0.066675069    0.00487433883 
    -0.066502782    0.00503967367 
    -0.066330495    0.00521029117 
    -0.066158208    0.00538254765 
    -0.065985921    0.00556470473 
    -0.065813634    0.00575348564 
    -0.065641347     0.0059488904 
     -0.06546906      0.006150919 
    -0.065296773    0.00635957144 
    -0.065124486    0.00657484773 
    -0.064952199    0.00679228757 
    -0.064779912    0.00702235287 
    -0.064607625    0.00726072418 
    -0.064435338    0.00750740149 
    -0.064263051    0.00776238479 
    -0.064090764     0.0080256741 
    -0.063918477    0.00829726941 
     -0.06374619    0.00857178933 
    -0.063573903    0.00886233079 
    -0.063401616    0.00916328789 
    -0.063229329    0.00947466064 
    -0.063057042    0.00979644903 
    -0.062884755     0.0101286531 
    -0.062712468     0.0104712727 
    -0.062540181       0.01081792 
    -0.062367894     0.0111848017 
    -0.062195607     0.0115647446 
     -0.06202332     0.0119577487 
    -0.061851033      0.012363814 
    -0.061678746     0.0127829405 
    -0.061506459     0.0132060717 
    -0.061334172     0.0136529374 
    -0.061161885     0.0141161816 
    -0.060989598     0.0145958045 
    -0.060817311     0.0150918059 
    -0.060645024     0.0156041859 
    -0.060472737     0.0161329445 
     -0.06030045     0.0166667972 
    -0.060128163     0.0172311335 
    -0.059955876     0.0178160079 
    -0.059783589     0.0184214203 
    -0.059611302     0.0190473709 
    -0.059439015     0.0196938595 
    -0.059266728     0.0203608862 
    -0.059094441     0.0210345786 
    -0.058922154     0.0217472131 
    -0.058749867     0.0224856005 
     -0.05857758     0.0232497409 
    -0.058405293     0.0240396342 
    -0.058233006     0.0248552803 
    -0.058060719     0.0256966794 
    -0.057888432     0.0265470208 
    -0.057716145     0.0274468554 
    -0.057543858     0.0283789802 
    -0.057371571      0.029343395 
    -0.057199284     0.0303400999 
    -0.057026997     0.0313690949 
     -0.05685471       0.03243038 
    -0.056682423     0.0335039049 
    -0.056510136     0.0346400223 
    -0.056337849     0.0358166231 
    -0.056165562     0.0370337076 
    -0.055993275     0.0382912756 
    -0.055820988     0.0395893273 
    -0.055648701     0.0409278624 
    -0.055476414     0.0422834022 
    -0.055304127     0.0437177159 
     -0.05513184     0.0452027804 
    -0.054959553     0.0467385957 
    -0.054787266     0.0483251619 
    -0.054614979      0.049962479 
    -0.054442692     0.0516155015 
    -0.054270405     0.0533624754 
    -0.054098118     0.0551730625 
    -0.053925831     0.0570472626 
    -0.053753544     0.0589850759 
    -0.053581257     0.0609865024 
     -0.05340897     0.0630515419 
    -0.053236683     0.0651369575 
    -0.053064396     0.0673425215 
    -0.052892109     0.0696278057 
    -0.052719822     0.0719928099 
    -0.052547535     0.0744375342 
    -0.052375248     0.0769619785 
    -0.052202961      0.079566143 
    -0.052030674      0.082197439 
    -0.051858387     0.0849815528 
      -0.0516861     0.0878655462 
    -0.051513813     0.0908494192 
    -0.051341526     0.0939331718 
    -0.051169239      0.097116804 
    -0.050996952      0.100400316 
    -0.050824665      0.103720733 
    -0.050652378      0.107234493 
    -0.050480091      0.110873347 
    -0.050307804      0.114637295 
    -0.050135517      0.118526336 
     -0.04996323       0.12254047 
    -0.049790943      0.126679698 
    -0.049618656      0.130869932 
    -0.049446369      0.135303495 
    -0.049274082      0.139893656 
    -0.049101795      0.144640417 
    -0.048929508      0.149543776 
    -0.048757221      0.154603735 
    -0.048584934      0.159711604 
    -0.048412647      0.165108094 
     -0.04824036      0.170700498 
    -0.048068073      0.176488817 
    -0.047895786       0.18247305 
    -0.047723499      0.188653198 
    -0.047551212      0.195029261 
    -0.047378925      0.201466926 
    -0.047206638      0.208273309 
    -0.047034351      0.215324582 
    -0.046862064      0.222620745 
    -0.046689777      0.230161797 
     -0.04651749      0.237947739 
    -0.046345203      0.245978571 
    -0.046172916      0.254090729 
    -0.046000629      0.262670904 
    -0.045828342      0.271556831 
    -0.045656055      0.280748509 
    -0.045483768      0.290245939 
    -0.045311481      0.300049121 
    -0.045139194      0.310158055 
    -0.044966907      0.320376676 
     -0.04479462      0.331185447 
    -0.044622333      0.342375357 
    -0.044450046      0.353946406 
    -0.044277759      0.365898593 
    -0.044105472       0.37823192 
    -0.043933185      0.390946385 
    -0.043760898      0.403811068 
    -0.043588611      0.417414731 
    -0.043416324      0.431492499 
    -0.043244037       0.44604437 
     -0.04307175      0.461070345 
    -0.042899463      0.476570424 
    -0.042727176      0.492214303 
    -0.042554889      0.508726325 
    -0.042382602        0.5258264 
    -0.042210315      0.543514527 
    -0.042038028      0.561790707 
    -0.041865741      0.580654939 
    -0.041693454      0.600107223 
    -0.041521167       0.61974248 
     -0.04134888      0.640475338 
    -0.041176593      0.661934766 
    -0.041004306      0.684120764 
    -0.040832019      0.707033333 
    -0.040659732      0.730672472 
    -0.040487445      0.755038181 
    -0.040315158      0.779642434 
    -0.040142871      0.805619458 
    -0.039970584       0.83248954 
    -0.039798297      0.860252681 
     -0.03962601      0.888908879 
    -0.039453723      0.918458136 
    -0.039281436       0.94890045 
    -0.039109149      0.979659116 
    -0.038936862       1.01211359 
    -0.038764575       1.04565814 
    -0.038592288       1.08029275 
    -0.038420001       1.11601744 
    -0.038247714        1.1528322 
    -0.038075427       1.19073702 
     -0.03790314       1.22906448 
    -0.037730853        1.2694567 
    -0.037558566       1.31116714 
    -0.037386279       1.35419581 
    -0.037213992       1.39854269 
    -0.037041705        1.4442078 
    -0.036869418       1.49029422 
    -0.036697131       1.53873652 
    -0.036524844       1.58875336 
    -0.036352557       1.64034476 
     -0.03618027       1.69351071 
    -0.036007983        1.7482512 
    -0.035835696       1.80456625 
    -0.035663409       1.86140458 
    -0.035491122       1.92107725 
    -0.035318835       1.98260017 
    -0.035146548       2.04597334 
    -0.034974261       2.11119675 
    -0.034801974       2.17827041 
    -0.034629687       2.24719432 
      -0.0344574       2.31675823 
    -0.034285113       2.38965281 
    -0.034112826       2.46467551 
    -0.033940539       2.54182633 
    -0.033768252       2.62110527 
    -0.033595965       2.70251234 
    -0.033423678       2.78604753 
    -0.033251391         2.870303 
    -0.033079104       2.95839897 
    -0.032906817       3.04887569 
     -0.03273453       3.14173316 
    -0.032562243       3.23697139 
    -0.032389956       3.33459036 
    -0.032217669       3.43459009 
    -0.032045382       3.53461448 
    -0.031873095       3.63965735 
    -0.031700808        3.7472637 
    -0.031528521       3.85743352 
    -0.031356234       3.97016682 
    -0.031183947       4.08546359 
     -0.03101166        4.1980501 
    -0.030839373       4.31860408 
    -0.030667086       4.44170588 
    -0.030494799        4.5673555 
    -0.030322512       4.69555295 
    -0.030150225       4.82629821 
    -0.029977938       4.95959131 
    -0.029805651       5.08699198 
    -0.029633364       5.22558664 
    -0.029461077        5.3666769 
     -0.02928879       5.51026275 
    -0.029116503       5.65634419 
    -0.028944216       5.80492122 
    -0.028771929       5.95599385 
    -0.028599642       6.11396626 
    -0.028427355       6.26890461 
    -0.028255068        6.4260847 
    -0.028082781       6.58550651 
    -0.027910494       6.73572027 
    -0.027738207       6.90180026 
     -0.02756592       7.07116574 
    -0.027393633       7.25208038 
    -0.027221346       7.42657493 
    -0.027049059       7.60340541 
    -0.026876772       7.78257183 
    -0.026704485       7.96570981 
    -0.026532198       8.14135647 
    -0.026359911       8.32360247 
    -0.026187624       8.51331567 
    -0.026015337       8.69922247 
     -0.02584305        8.8872742 
    -0.025670763       9.07540081 
    -0.025498476       9.26458363 
    -0.025326189       9.45434269 
    -0.025153902       9.64515218 
    -0.024981615       9.83617635 
    -0.024809328       10.0281196 
    -0.024637041       10.2199251 
    -0.024464754       10.4119223 
    -0.024292467       10.6045504 
     -0.02412018        10.796578 
    -0.023947893       10.9889876 
    -0.023775606       11.1805134 
    -0.023603319        11.371616 
    -0.023431032       11.5626888 
    -0.023258745       11.7525847 
    -0.023086458       11.9421406 
    -0.022914171       12.1304339 
    -0.022741884       12.3179807 
    -0.022569597       12.5045398 
     -0.02239731       12.6903682 
    -0.022225023       12.8748236 
    -0.022052736       13.0585176 
    -0.021880449       13.2412885 
    -0.021708162       13.4264381 
    -0.021535875       13.5976043 
    -0.021363588       13.7690648 
    -0.021191301       13.9378049 
    -0.021019014       14.1038245 
    -0.020846727       14.2617521 
     -0.02067444       14.4267389 
    -0.020502153       14.5916581 
    -0.020329866       14.7732905 
    -0.020157579       14.9360276 
    -0.019985292       15.0932795 
    -0.019813005       15.2450462 
    -0.019640718           15.402 
    -0.019468431       15.5438088 
    -0.019296144       15.6812525 
    -0.019123857        15.814331 
     -0.01895157       15.9430444 
    -0.018779283       16.0673925 
    -0.018606996       16.1873754 
    -0.018434709       16.2309027 
    -0.018262422       16.3484282 
    -0.018090135       16.4642677 
    -0.017917848       16.5784214 
    -0.017745561       16.6908891 
    -0.017573274        16.801671 
    -0.017400987        16.910767 
      -0.0172287       17.0538613 
    -0.017056413       17.1572394 
    -0.016884126       17.2577285 
    -0.016711839       17.3553287 
    -0.016539552       17.4500399 
    -0.016367265       17.5418621 
    -0.016194978       17.6307954 
    -0.016022691       17.7128094 
    -0.015850404       17.7957982 
    -0.015678117       17.8761384 
     -0.01550583       17.9538301 
    -0.015333543       18.0288733 
    -0.015161256        18.101268 
    -0.014988969       18.1710141 
    -0.014816682       18.2397885 
    -0.014644395       18.3045129 
    -0.014472108       18.3669655 
    -0.014299821       18.4271461 
    -0.014127534       18.4850549 
    -0.013955247       18.5406917 
     -0.01378296       18.5940567 
    -0.013610673       18.6451498 
    -0.013438386       18.6934622 
    -0.013266099       18.7405691 
    -0.013093812       18.7857771 
    -0.012921525       18.8290861 
    -0.012749238       18.8704962 
    -0.012576951       18.9100073 
    -0.012404664       18.9476195 
    -0.012232377       18.9824964 
     -0.01206009       19.0167974 
    -0.011887803       19.0495685 
    -0.011715516       19.0808096 
    -0.011543229       19.1105209 
    -0.011370942       19.1387022 
    -0.011198655       19.1653536 
    -0.011026368        19.189537 
    -0.010854081       19.2135193 
    -0.010681794        19.236313 
    -0.010509507       19.2579181 
     -0.01033722       19.2783346 
    -0.010164933       19.2975624 
    -0.009992646       19.3156016 
    -0.009820359       19.3315417 
    -0.009648072       19.3474954 
    -0.009475785       19.3625606 
    -0.009303498       19.3767374 
    -0.009131211       19.3900256 
    -0.008958924       19.4024253 
    -0.008786637       19.4139366 
     -0.00861435       19.4237494 
    -0.008442063        19.433687 
    -0.008269776       19.4429899 
    -0.008097489       19.4516582 
    -0.007925202       19.4596919 
    -0.007752915        19.467091 
    -0.007580628       19.4738554 
    -0.007408341       19.4793054 
    -0.007236054       19.4849317 
    -0.007063767        19.490131 
     -0.00689148       19.4949034 
    -0.006719193       19.4992487 
    -0.006546906        19.503167 
    -0.006374619       19.5066582 
    -0.006202332       19.5097225 
    -0.006030045       19.5118929 
    -0.005857758       19.5143439 
    -0.005685471       19.5165321 
    -0.005513184       19.5184576 
    -0.005340897       19.5201203 
     -0.00516861       19.5215203 
    -0.004996323       19.5226575 
    -0.004824036       19.5231581 
    -0.004651749        19.523933 
    -0.004479462       19.5245699 
    -0.004307175        19.525069 
    -0.004134888       19.5254302 
    -0.003962601       19.5256534 
    -0.003790314       19.5257387 
    -0.003618027       19.5254073 
     -0.00344574       19.5253213 
    -0.003273453       19.5251867 
    -0.003101166       19.5250035 
    -0.002928879       19.5247718 
    -0.002756592       19.5244915 
    -0.002584305       19.5241626 
    -0.002412018       19.5224461 
    -0.002239731       19.5220398 
    -0.002067444       19.5216636 
    -0.001895157       19.5213175 
     -0.00172287       19.5210015 
    -0.001550583       19.5207156 
    -0.001378296       19.5204598 
    -0.001206009       19.5206784 
    -0.001033722       19.5203847 
    -0.000861435       19.5201363 
    -0.000689148        19.519933 
    -0.000516861       19.5197749 
    -0.000344574       19.5196619 
    -0.000172287       19.5195942 
               0       19.5195716 
     0.000172287       19.5195942 
     0.000344574       19.5196619 
     0.000516861       19.5197749 
     0.000689148        19.519933 
     0.000861435       19.5201363 
     0.001033722       19.5203847 
     0.001206009       19.5206784 
     0.001378296       19.5204598 
     0.001550583       19.5207156 
      0.00172287       19.5210015 
     0.001895157       19.5213175 
     0.002067444       19.5216636 
     0.002239731       19.5220398 
     0.002412018       19.5224461 
     0.002584305       19.5241626 
     0.002756592       19.5244915 
     0.002928879       19.5247718 
     0.003101166       19.5250035 
     0.003273453       19.5251867 
      0.00344574       19.5253213 
     0.003618027       19.5254073 
     0.003790314       19.5257387 
     0.003962601       19.5256534 
     0.004134888       19.5254302 
     0.004307175        19.525069 
     0.004479462       19.5245699 
     0.004651749        19.523933 
     0.004824036       19.5231581 
     0.004996323       19.5226575 
      0.00516861       19.5215203 
     0.005340897       19.5201203 
     0.005513184       19.5184576 
     0.005685471       19.5165321 
     0.005857758       19.5143439 
     0.006030045       19.5118929 
     0.006202332       19.5097225 
     0.006374619       19.5066582 
     0.006546906        19.503167 
     0.006719193       19.4992487 
      0.00689148       19.4949034 
     0.007063767        19.490131 
     0.007236054       19.4849317 
     0.007408341       19.4793054 
     0.007580628       19.4738554 
     0.007752915        19.467091 
     0.007925202       19.4596919 
     0.008097489       19.4516582 
     0.008269776       19.4429899 
     0.008442063        19.433687 
      0.00861435       19.4237494 
     0.008786637       19.4139366 
     0.008958924       19.4024253 
     0.009131211       19.3900256 
     0.009303498       19.3767374 
     0.009475785       19.3625606 
     0.009648072       19.3474954 
     0.009820359       19.3315417 
     0.009992646       19.3156016 
     0.010164933       19.2975624 
      0.01033722       19.2783346 
     0.010509507       19.2579181 
     0.010681794        19.236313 
     0.010854081       19.2135193 
     0.011026368        19.189537 
     0.011198655       19.1653536 
     0.011370942       19.1387022 
     0.011543229       19.1105209 
     0.011715516       19.0808096 
     0.011887803       19.0495685 
      0.01206009       19.0167974 
     0.012232377       18.9824964 
     0.012404664       18.9476195 
     0.012576951       18.9100073 
     0.012749238       18.8704962 
     0.012921525       18.8290861 
     0.013093812       18.7857771 
     0.013266099       18.7405691 
     0.013438386       18.6934622 
     0.013610673       18.6451498 
      0.01378296       18.5940567 
     0.013955247       18.5406917 
     0.014127534       18.4850549 
     0.014299821       18.4271461 
     0.014472108       18.3669655 
     0.014644395       18.3045129 
     0.014816682       18.2397885 
     0.014988969       18.1710141 
     0.015161256        18.101268 
     0.015333543       18.0288733 
      0.01550583       17.9538301 
     0.015678117       17.8761384 
     0.015850404       17.7957982 
     0.016022691       17.7128094 
     0.016194978       17.6307954 
     0.016367265       17.5418621 
     0.016539552       17.4500399 
     0.016711839       17.3553287 
     0.016884126       17.2577285 
     0.017056413       17.1572394 
       0.0172287       17.0538613 
     0.017400987        16.910767 
     0.017573274        16.801671 
     0.017745561       16.6908891 
     0.017917848       16.5784214 
     0.018090135       16.4642677 
     0.018262422       16.3484282 
     0.018434709       16.2309027 
     0.018606996       16.1873754 
     0.018779283       16.0673925 
      0.01895157       15.9430444 
     0.019123857        15.814331 
     0.019296144       15.6812525 
     0.019468431       15.5438088 
     0.019640718           15.402 
     0.019813005       15.2450462 
     0.019985292       15.0932795 
     0.020157579       14.9360276 
     0.020329866       14.7732905 
     0.020502153       14.5916581 
      0.02067444       14.4267389 
     0.020846727       14.2617521 
     0.021019014       14.1038245 
     0.021191301       13.9378049 
     0.021363588       13.7690648 
     0.021535875       13.5976043 
     0.021708162       13.4264381 
     0.021880449       13.2412885 
     0.022052736       13.0585176 
     0.022225023       12.8748236 
      0.02239731       12.6903682 
     0.022569597       12.5045398 
     0.022741884       12.3179807 
     0.022914171       12.1304339 
     0.023086458       11.9421406 
     0.023258745       11.7525847 
     0.023431032       11.5626888 
     0.023603319        11.371616 
     0.023775606       11.1805134 
     0.023947893       10.9889876 
      0.02412018        10.796578 
     0.024292467       10.6045504 
     0.024464754       10.4119223 
     0.024637041       10.2199251 
     0.024809328       10.0281196 
     0.024981615       9.83617635 
     0.025153902       9.64515218 
     0.025326189       9.45434269 
     0.025498476       9.26458363 
     0.025670763       9.07540081 
      0.02584305        8.8872742 
     0.026015337       8.69922247 
     0.026187624       8.51331567 
     0.026359911       8.32360247 
     0.026532198       8.14135647 
     0.026704485       7.96570981 
     0.026876772       7.78257183 
     0.027049059       7.60340541 
     0.027221346       7.42657493 
     0.027393633       7.25208038 
      0.02756592       7.07116574 
     0.027738207       6.90180026 
     0.027910494       6.73572027 
     0.028082781       6.58550651 
     0.028255068        6.4260847 
     0.028427355       6.26890461 
     0.028599642       6.11396626 
     0.028771929       5.95599385 
     0.028944216       5.80492122 
     0.029116503       5.65634419 
      0.02928879       5.51026275 
     0.029461077        5.3666769 
     0.029633364       5.22558664 
     0.029805651       5.08699198 
     0.029977938       4.95959131 
     0.030150225       4.82629821 
     0.030322512       4.69555295 
     0.030494799        4.5673555 
     0.030667086       4.44170588 
     0.030839373       4.31860408 
      0.03101166        4.1980501 
     0.031183947       4.08546359 
     0.031356234       3.97016682 
     0.031528521       3.85743352 
     0.031700808        3.7472637 
     0.031873095       3.63965735 
     0.032045382       3.53461448 
     0.032217669       3.43459009 
     0.032389956       3.33459036 
     0.032562243       3.23697139 
      0.03273453       3.14173316 
     0.032906817       3.04887569 
     0.033079104       2.95839897 
     0.033251391         2.870303 
     0.033423678       2.78604753 
     0.033595965       2.70251234 
     0.033768252       2.62110527 
     0.033940539       2.54182633 
     0.034112826       2.46467551 
     0.034285113       2.38965281 
       0.0344574       2.31675823 
     0.034629687       2.24719432 
     0.034801974       2.17827041 
     0.034974261       2.11119675 
     0.035146548       2.04597334 
     0.035318835       1.98260017 
     0.035491122       1.92107725 
     0.035663409       1.86140458 
     0.035835696       1.80456625 
     0.036007983        1.7482512 
      0.03618027       1.69351071 
     0.036352557       1.64034476 
     0.036524844       1.58875336 
     0.036697131       1.53873652 
     0.036869418       1.49029422 
     0.037041705        1.4442078 
     0.037213992       1.39854269 
     0.037386279       1.35419581 
     0.037558566       1.31116714 
     0.037730853        1.2694567 
      0.03790314       1.22906448 
     0.038075427       1.19073702 
     0.038247714        1.1528322 
     0.038420001       1.11601744 
     0.038592288       1.08029275 
     0.038764575       1.04565814 
     0.038936862       1.01211359 
     0.039109149      0.979659116 
     0.039281436       0.94890045 
     0.039453723      0.918458136 
      0.03962601      0.888908879 
     0.039798297      0.860252681 
     0.039970584       0.83248954 
     0.040142871      0.805619458 
     0.040315158      0.779642434 
     0.040487445      0.755038181 
     0.040659732      0.730672472 
     0.040832019      0.707033333 
     0.041004306      0.684120764 
     0.041176593      0.661934766 
      0.04134888      0.640475338 
     0.041521167       0.61974248 
     0.041693454      0.600107223 
     0.041865741      0.580654939 
     0.042038028      0.561790707 
     0.042210315      0.543514527 
     0.042382602        0.5258264 
     0.042554889      0.508726325 
     0.042727176      0.492214303 
     0.042899463      0.476570424 
      0.04307175      0.461070345 
     0.043244037       0.44604437 
     0.043416324      0.431492499 
     0.043588611      0.417414731 
     0.043760898      0.403811068 
     0.043933185      0.390946385 
     0.044105472       0.37823192 
     0.044277759      0.365898593 
     0.044450046      0.353946406 
     0.044622333      0.342375357 
      0.04479462      0.331185447 
     0.044966907      0.320376676 
     0.045139194      0.310158055 
     0.045311481      0.300049121 
     0.045483768      0.290245939 
     0.045656055      0.280748509 
     0.045828342      0.271556831 
     0.046000629      0.262670904 
     0.046172916      0.254090729 
     0.046345203      0.245978571 
      0.04651749      0.237947739 
     0.046689777      0.230161797 
     0.046862064      0.222620745 
     0.047034351      0.215324582 
     0.047206638      0.208273309 
     0.047378925      0.201466926 
     0.047551212      0.195029261 
     0.047723499      0.188653198 
     0.047895786       0.18247305 
     0.048068073      0.176488817 
      0.04824036      0.170700498 
     0.048412647      0.165108094 
     0.048584934      0.159711604 
     0.048757221      0.154603735 
     0.048929508      0.149543776 
     0.049101795      0.144640417 
     0.049274082      0.139893656 
     0.049446369      0.135303495 
     0.049618656      0.130869932 
     0.049790943      0.126679698 
      0.04996323       0.12254047 
     0.050135517      0.118526336 
     0.050307804      0.114637295 
     0.050480091      0.110873347 
     0.050652378      0.107234493 
     0.050824665      0.103720733 
     0.050996952      0.100400316 
     0.051169239      0.097116804 
     0.051341526     0.0939331718 
     0.051513813     0.0908494192 
       0.0516861     0.0878655462 
     0.051858387     0.0849815528 
     0.052030674      0.082197439 
     0.052202961      0.079566143 
     0.052375248     0.0769619785 
     0.052547535     0.0744375342 
     0.052719822     0.0719928099 
     0.052892109     0.0696278057 
     0.053064396     0.0673425215 
     0.053236683     0.0651369575 
      0.05340897     0.0630515419 
     0.053581257     0.0609865024 
     0.053753544     0.0589850759 
     0.053925831     0.0570472626 
     0.054098118     0.0551730625 
     0.054270405     0.0533624754 
     0.054442692     0.0516155015 
     0.054614979      0.049962479 
     0.054787266     0.0483251619 
     0.054959553     0.0467385957 
      0.05513184     0.0452027804 
     0.055304127     0.0437177159 
     0.055476414     0.0422834022 
     0.055648701     0.0409278624 
     0.055820988     0.0395893273 
     0.055993275     0.0382912756 
     0.056165562     0.0370337076 
     0.056337849     0.0358166231 
     0.056510136     0.0346400223 
     0.056682423     0.0335039049 
      0.05685471       0.03243038 
     0.057026997     0.0313690949 
     0.057199284     0.0303400999 
     0.057371571      0.029343395 
     0.057543858     0.0283789802 
     0.057716145     0.0274468554 
     0.057888432     0.0265470208 
     0.058060719     0.0256966794 
     0.058233006     0.0248552803 
     0.058405293     0.0240396342 
      0.05857758     0.0232497409 
     0.058749867     0.0224856005 
     0.058922154     0.0217472131 
     0.059094441     0.0210345786 
     0.059266728     0.0203608862 
     0.059439015     0.0196938595 
     0.059611302     0.0190473709 
     0.059783589     0.0184214203 
     0.059955876     0.0178160079 
     0.060128163     0.0172311335 
      0.06030045     0.0166667972 
     0.060472737     0.0161329445 
     0.060645024     0.0156041859 
     0.060817311     0.0150918059 
     0.060989598     0.0145958045 
     0.061161885     0.0141161816 
     0.061334172     0.0136529374 
     0.061506459     0.0132060717 
     0.061678746     0.0127829405 
     0.061851033      0.012363814 
      0.06202332     0.0119577487 
     0.062195607     0.0115647446 
     0.062367894     0.0111848017 
     0.062540181       0.01081792 
     0.062712468     0.0104712727 
     0.062884755     0.0101286531 
     0.063057042    0.00979644903 
     0.063229329    0.00947466064 
     0.063401616    0.00916328789 
     0.063573903    0.00886233079 
      0.06374619    0.00857178933 
     0.063918477    0.00829726941 
     0.064090764     0.0080256741 
     0.064263051    0.00776238479 
     0.064435338    0.00750740149 
     0.064607625    0.00726072418 
     0.064779912    0.00702235287 
     0.064952199    0.00679228757 
     0.065124486    0.00657484773 
     0.065296773    0.00635957144 
      0.06546906      0.006150919 
     0.065641347     0.0059488904 
     0.065813634    0.00575348564 
     0.065985921    0.00556470473 
     0.066158208    0.00538254765 
     0.066330495    0.00521029117 
     0.066502782    0.00503967367 
     0.066675069    0.00487433883 
     0.066847356    0.00471428665 
     0.067019643    0.00455951713 
      0.06719193    0.00441003028 
     0.067364217    0.00426582609 
     0.067536504    0.00412934629 
     0.067708791    0.00399414301 
     0.067881078    0.00386315321 
     0.068053365    0.00373637687 
     0.068225652      0.003613814 
     0.068397939    0.00349546461 
     0.068570226    0.00338366557 
     0.068742513    0.00327318711 
       0.0689148    0.00316606991 
     0.069087087    0.00306231395 
     0.069259374    0.00296191924 
     0.069431661    0.00286488577 
     0.069603948    0.00277121356 
     0.069776235    0.00268273813 
     0.069948522    0.00259521711 
     0.070120809    0.00251037823 
     0.070293096    0.00242822147 
     0.070465383    0.00234874685 
      0.07063767    0.00227195437 
     0.070809957    0.00219784402 
     0.070982244    0.00212783833 
     0.071154531    0.00205853527 
     0.071326818    0.00199137338 
     0.071499105    0.00192635267 
     0.071671392    0.00186347313 
     0.071843679    0.00180273477 
     0.072015966    0.00174413757 
     0.072188253    0.00168876818 
      0.07236054    0.00163392905 
     0.072532827    0.00158080044 
     0.072705114    0.00152938234 
     0.072877401    0.00147967476 
     0.073049688    0.00143167769 
     0.073221975    0.00138539114 
     0.073394262    0.00134163188 
     0.073566549    0.00129828528 
     0.073738836    0.00125630667 
     0.073911123    0.00121569603 
      0.07408341    0.00117645339 
     0.074255697    0.00113857873 
     0.074427984     0.0011028355 
     0.074600271    0.00106753611 
     0.074772558    0.00103333267 
     0.074944845    0.00100022517 
     0.075117132   0.000968213623 
     0.075289419   0.000937298022 
     0.075461706   0.000907478368 
     0.075633993   0.000879357263 
      0.07580628   0.000851562257 
     0.075978567   0.000824647639 
     0.076150854   0.000798613409 
     0.076323141   0.000773459567 
     0.076495428   0.000749186113 
     0.076667715   0.000725793046 
     0.076840002   0.000703750536 
     0.077012289   0.000681954944 
     0.077184576   0.000660869555 
     0.077356863   0.000640494367 
      0.07752915   0.000620829382 
     0.077701437   0.000601874599 
     0.077873724   0.000583630018 
     0.078046011   0.000566459254 
     0.078218298   0.000549482634 
     0.078390585    0.00053308263 
     0.078562872   0.000517259242 
     0.078735159   0.000502012469 
     0.078907446   0.000487342311 
     0.079079733   0.000473248769 
      0.07925202   0.000460013429 
     0.079424307   0.000446936038 
     0.079596594   0.000434331368 
     0.079768881   0.000422199419 
     0.079941168   0.000410540192 
     0.080113455   0.000399353686 
     0.080285742   0.000388905951 
     0.080458029   0.000378625805 
     0.080630316    0.00036873875 
     0.080802603   0.000359244787 
      0.08097489   0.000350143915 
     0.081147177   0.000341436135 
     0.081319464   0.000333121446 
     0.081491751    0.00032544753 
     0.081664038   0.000317880825 
     0.081836325   0.000310647247 
     0.082008612   0.000303746797 
     0.082180899   0.000297179474 
     0.082353186   0.000290945279 
     0.082525473   0.000285044211 
      0.08269776   0.000280703305 
     0.082870047   0.000275501315 
     0.083042334   0.000270566094 
     0.083214621   0.000265897642 
     0.083386908   0.000261495958 
     0.083559195   0.000257361043 
     0.083731482   0.000253492897 
     0.083903769   0.000248979746 
     0.084076056    0.00024564128 
     0.084248343   0.000242569892 
      0.08442063   0.000239765581 
     0.084592917   0.000237228347 
     0.084765204    0.00023495819 
     0.084937491   0.000232955111 
     0.085109778   0.000230667012 
     0.085282065   0.000229114113 
     0.085454352    0.00022784356 
     0.085626639   0.000226855352 
     0.085798926   0.000226149489 
     0.085971213   0.000225725971 
       0.0861435   0.000225584799 
