       -0.082584   0.000364233868 
    -0.082418832   0.000364443466 
    -0.082253664    0.00036507226 
    -0.082088496    0.00036612025 
    -0.081923328   0.000367587436 
     -0.08175816   0.000369473818 
    -0.081592992   0.000371779395 
    -0.081427824   0.000374504169 
    -0.081262656   0.000378266527 
    -0.081097488   0.000381636452 
     -0.08093232    0.00038540284 
    -0.080767152   0.000389565689 
    -0.080601984      0.000394125 
    -0.080436816   0.000399080773 
    -0.080271648   0.000404433008 
     -0.08010648   0.000411656344 
    -0.079941312   0.000417794541 
    -0.079776144    0.00042432875 
    -0.079610976   0.000431258972 
    -0.079445808   0.000438585206 
     -0.07928064   0.000446307454 
    -0.079115472   0.000454425713 
    -0.078950304   0.000461115931 
    -0.078785136   0.000470287049 
    -0.078619968   0.000479953085 
      -0.0784548   0.000490114038 
    -0.078289632   0.000500769909 
    -0.078124464   0.000511920698 
    -0.077959296   0.000523566404 
    -0.077794128   0.000535320373 
     -0.07762896   0.000548057702 
    -0.077463792   0.000561379338 
    -0.077298624   0.000575285281 
    -0.077133456    0.00058977553 
    -0.076968288   0.000604850086 
     -0.07680312   0.000620508948 
    -0.076637952   0.000636330841 
    -0.076472784   0.000653274169 
    -0.076307616   0.000670920542 
    -0.076142448   0.000689269961 
     -0.07597728   0.000708322427 
    -0.075812112   0.000728077939 
    -0.075646944   0.000748536497 
    -0.075481776   0.000769189423 
    -0.075316608   0.000791184087 
     -0.07515144   0.000814036767 
    -0.074986272   0.000837747463 
    -0.074821104   0.000862316174 
    -0.074655936   0.000887742902 
    -0.074490768   0.000914027645 
      -0.0743256   0.000940534768 
    -0.074160432   0.000968676953 
    -0.073995264   0.000997876481 
    -0.073830096    0.00102813335 
    -0.073664928    0.00105944757 
     -0.07349976    0.00109181913 
    -0.073334592    0.00112524803 
    -0.073169424    0.00115893587 
    -0.073004256    0.00119462766 
    -0.072839088    0.00123163083 
     -0.07267392    0.00126994537 
    -0.072508752    0.00130957128 
    -0.072343584    0.00135050857 
    -0.072178416    0.00139275723 
    -0.072013248    0.00143631727 
     -0.07184808    0.00148033622 
    -0.071682912    0.00152698881 
    -0.071517744    0.00157527465 
    -0.071352576    0.00162519374 
    -0.071187408    0.00167674609 
     -0.07102224     0.0017299317 
    -0.070857072    0.00178475057 
    -0.070691904    0.00184009197 
    -0.070526736    0.00189872077 
    -0.070361568     0.0019593892 
      -0.0701964    0.00202209727 
    -0.070031232    0.00208684497 
    -0.069866064    0.00215363232 
    -0.069700896     0.0022224593 
    -0.069535728    0.00229188802 
     -0.06937056    0.00236541675 
    -0.069205392    0.00244149701 
    -0.069040224    0.00252012881 
    -0.068875056    0.00260131213 
    -0.068709888    0.00268504699 
     -0.06854472    0.00277133337 
    -0.068379552    0.00285832102 
    -0.068214384    0.00295041598 
    -0.068049216    0.00304570633 
    -0.067884048    0.00314419208 
     -0.06771888    0.00324587323 
    -0.067553712    0.00335074977 
    -0.067388544     0.0034588217 
    -0.067223376    0.00356772128 
    -0.067058208    0.00368297386 
     -0.06689304    0.00380223095 
    -0.066727872    0.00392549254 
    -0.066562704    0.00405275864 
    -0.066397536    0.00418402925 
    -0.066232368    0.00431930436 
      -0.0660672     0.0044555695 
    -0.065902032    0.00459972474 
    -0.065736864    0.00474890065 
    -0.065571696    0.00490309725 
    -0.065406528    0.00506231453 
     -0.06524136    0.00522655249 
    -0.065076192    0.00539581112 
    -0.064911024    0.00556627089 
    -0.064745856    0.00574651337 
    -0.064580688    0.00593305227 
     -0.06441552    0.00612588757 
    -0.064250352    0.00632501929 
    -0.064085184    0.00653044741 
    -0.063920016    0.00674217194 
    -0.063754848     0.0069553753 
     -0.06358968    0.00718068658 
    -0.063424512    0.00741389545 
    -0.063259344     0.0076550019 
    -0.063094176    0.00790400594 
    -0.062929008    0.00816090756 
     -0.06276384    0.00842570676 
    -0.062598672    0.00869235408 
    -0.062433504     0.0089739593 
    -0.062268336     0.0092654714 
    -0.062103168    0.00956689038 
       -0.061938    0.00987821623 
    -0.061772832      0.010199449 
    -0.061607664     0.0105305886 
    -0.061442496     0.0108716351 
    -0.061277328     0.0112159977 
     -0.06111216     0.0115803515 
    -0.060946992     0.0119571333 
    -0.060781824     0.0123463431 
    -0.060616656     0.0127479809 
    -0.060451488     0.0131620467 
     -0.06028632     0.0135885404 
    -0.060121152     0.0140188977 
    -0.059955984     0.0144742601 
    -0.059790816     0.0149452134 
    -0.059625648     0.0154317577 
     -0.05946048     0.0159338929 
    -0.059295312      0.016451619 
    -0.059130144     0.0169849361 
    -0.058964976     0.0175227806 
    -0.058799808     0.0180918497 
     -0.05863464     0.0186804776 
    -0.058469472     0.0192886642 
    -0.058304304     0.0199164095 
    -0.058139136     0.0205637135 
    -0.057973968     0.0212305763 
      -0.0578088     0.0219027837 
    -0.057643632      0.022613916 
    -0.057478464      0.023349584 
    -0.057313296     0.0241097875 
    -0.057148128     0.0248945267 
     -0.05698296     0.0257038015 
    -0.056817792      0.026537612 
    -0.056652624     0.0273777887 
    -0.056487456     0.0282664053 
    -0.056322288     0.0291857992 
     -0.05615712     0.0301359707 
    -0.055991952     0.0311169196 
    -0.055826784      0.032128646 
    -0.055661616     0.0331711498 
    -0.055496448     0.0342213173 
     -0.05533128     0.0353316574 
    -0.055166112      0.036480602 
    -0.055000944     0.0376681509 
    -0.054835776     0.0388943043 
    -0.054670608     0.0401590622 
     -0.05450544     0.0414624245 
    -0.054340272     0.0427751228 
    -0.054175104     0.0441624299 
    -0.054009936     0.0455981539 
    -0.053844768     0.0470822949 
      -0.0536796     0.0486148529 
    -0.053514432     0.0501958279 
    -0.053349264       0.05182522 
    -0.053184096     0.0534661341 
    -0.053018928     0.0551993768 
     -0.05285376     0.0569933349 
    -0.052688592     0.0588480084 
    -0.052523424     0.0607633972 
    -0.052358256     0.0627395014 
    -0.052193088     0.0647763209 
     -0.05202792     0.0668738558 
    -0.051862752     0.0689928116 
    -0.051697584     0.0712341926 
    -0.051532416     0.0735516968 
    -0.051367248     0.0759453244 
     -0.05120208     0.0784150754 
    -0.051036912     0.0809609496 
    -0.050871744     0.0835829471 
    -0.050706576     0.0862297654 
    -0.050541408     0.0890298479 
     -0.05037624     0.0919253475 
    -0.050211072     0.0949162642 
    -0.050045904     0.0980025981 
    -0.049880736      0.101184349 
    -0.049715568      0.104461517 
      -0.0495504      0.107767564 
    -0.049385232      0.111265111 
    -0.049220064      0.114882219 
    -0.049054896      0.118618887 
    -0.048889728      0.122475114 
     -0.04872456      0.126450901 
    -0.048559392      0.130546249 
    -0.048394224      0.134675383 
    -0.048229056      0.139043307 
    -0.048063888      0.143560973 
     -0.04789872      0.148228381 
    -0.047733552       0.15304553 
    -0.047568384       0.15801242 
    -0.047403216      0.163129052 
    -0.047238048      0.168285501 
     -0.04707288      0.173739054 
    -0.046907712       0.17938003 
    -0.046742544       0.18520843 
    -0.046577376      0.191224253 
    -0.046412208        0.1974275 
     -0.04624704      0.203818171 
    -0.046081872      0.210256188 
    -0.045916704      0.217062976 
    -0.045751536      0.224104152 
    -0.045586368      0.231379716 
      -0.0454212      0.238889668 
    -0.045256032      0.246634008 
    -0.045090864      0.254612736 
    -0.044925696      0.262648361 
    -0.044760528      0.271140494 
     -0.04459536      0.279925408 
    -0.044430192      0.289003104 
    -0.044265024      0.298373582 
    -0.044099856      0.308036842 
    -0.043934688      0.317992883 
     -0.04376952      0.328018123 
    -0.043604352      0.338606779 
    -0.043439184      0.349560587 
    -0.043274016      0.360879546 
    -0.043108848      0.372563656 
     -0.04294368      0.384612917 
    -0.042778512       0.39702733 
    -0.042613344      0.409526988 
    -0.042448176       0.42271961 
    -0.042283008      0.436366678 
     -0.04211784      0.450468191 
    -0.041952672      0.465024151 
    -0.041787504      0.480034555 
    -0.041622336      0.495499405 
    -0.041457168      0.511418701 
       -0.041292      0.527490767 
    -0.041126832      0.544474846 
    -0.040961664      0.562022885 
    -0.040796496      0.580134886 
    -0.040631328      0.598810847 
     -0.04046616      0.618050769 
    -0.040300992      0.637854652 
    -0.040135824      0.657834439 
    -0.039970656      0.678940917 
    -0.039805488       0.70074457 
     -0.03964032      0.723245397 
    -0.039475152      0.746443399 
    -0.039309984      0.770338575 
    -0.039144816      0.794930925 
    -0.038979648      0.819727041 
     -0.03881448      0.845906018 
    -0.038649312       0.87294239 
    -0.038484144      0.900836159 
    -0.038318976      0.929587323 
    -0.038153808      0.959195884 
     -0.03798864      0.989661841 
    -0.037823472       1.02036596 
    -0.037658304       1.05275359 
    -0.037493136       1.08618836 
    -0.037327968       1.12067027 
      -0.0371628       1.15619931 
    -0.036997632       1.19277548 
    -0.036832464       1.23039878 
    -0.036667296       1.26830365 
    -0.036502128       1.30823736 
     -0.03633696        1.3494381 
    -0.036171792       1.39190589 
    -0.036006624       1.43564071 
    -0.035841456       1.48064258 
    -0.035676288       1.52691149 
     -0.03551112        1.5735172 
    -0.035345952       1.62253741 
    -0.035180784       1.67307196 
    -0.035015616       1.72512084 
    -0.034850448       1.77868404 
     -0.03468528       1.83376158 
    -0.034520112       1.89035344 
    -0.034354944       1.94734929 
    -0.034189776       2.00717728 
    -0.034024608       2.06878585 
     -0.03385944       2.13217502 
    -0.033694272       2.19734478 
    -0.033529104       2.26429512 
    -0.033363936       2.33302605 
    -0.033198768       2.40223011 
      -0.0330336       2.47470735 
    -0.032868432       2.54923389 
    -0.032703264       2.62580976 
    -0.032538096       2.70443493 
    -0.032372928       2.78510942 
     -0.03220776       2.86783322 
    -0.032042592       2.95105346 
    -0.031877424       3.03802679 
    -0.031712256       3.12729422 
    -0.031547088       3.21885573 
     -0.03138192       3.31271135 
    -0.031216752       3.40886106 
    -0.031051584       3.50730486 
    -0.030886416       3.60804275 
    -0.030721248       3.70859956 
     -0.03055608       3.81421888 
    -0.030390912       3.92230995 
    -0.030225744       4.03287275 
    -0.030060576        4.1459073 
    -0.029895408       4.26141358 
     -0.02973024       4.37939161 
    -0.029565072       4.49437873 
    -0.029399904       4.61742151 
    -0.029234736       4.74292197 
    -0.029069568        4.8708801 
      -0.0289044        5.0012959 
    -0.028739232       5.13416937 
    -0.028574064        5.2695005 
    -0.028408896       5.39859893 
    -0.028243728       5.53902992 
     -0.02807856       5.68186909 
    -0.027913392       5.82711645 
    -0.027748224       5.97477199 
    -0.027583056       6.12483572 
    -0.027417888       6.27730763 
     -0.02725272       6.43652948 
    -0.027087552       6.59267894 
    -0.026922384       6.75100134 
    -0.026757216       6.91149665 
    -0.026592048       7.06221107 
     -0.02642688       7.22920041 
    -0.026261712        7.3993657 
    -0.026096544       7.58153557 
    -0.025931376        7.7567498 
    -0.025766208       7.93422474 
     -0.02560104        8.1139604 
    -0.025435872       8.29870668 
    -0.025270704       8.47922652 
    -0.025105536       8.65728904 
    -0.024940368       8.84777639 
      -0.0247752       9.03420994 
    -0.024610032       9.22304433 
    -0.024444864       9.41193387 
    -0.024279696       9.60179875 
    -0.024114528       9.79264673 
     -0.02394936       9.98400421 
    -0.023784192       10.1763825 
    -0.023619024       10.3689046 
    -0.023453856       10.5618217 
    -0.023288688       10.7555992 
     -0.02312352       10.9490399 
    -0.022958352       11.1431325 
    -0.022793184       11.3366142 
    -0.022628016       11.5305262 
    -0.022462848       11.7235657 
     -0.02229768       11.9162258 
    -0.022132512       12.1089402 
    -0.021967344       12.3005198 
    -0.021802176       12.4918527 
    -0.021637008       12.6819943 
     -0.02147184       12.8715649 
    -0.021306672        13.060062 
    -0.021141504       13.2476363 
    -0.020976336       13.4345779 
    -0.020811168       13.6204066 
       -0.020646       13.8053647 
    -0.020480832       13.9935287 
    -0.020315664       14.1749017 
    -0.020150496       14.3452901 
    -0.019985328       14.5176002 
     -0.01982016       14.6873168 
    -0.019654992         14.85444 
    -0.019489824       15.0140338 
    -0.019324656         15.18094 
    -0.019159488        15.347821 
     -0.01899432       15.5322132 
    -0.018829152       15.6966025 
    -0.018663984       15.8557422 
    -0.018498816       16.0096324 
    -0.018333648       16.1698297 
     -0.01816848       16.3141642 
    -0.018003312       16.4543072 
    -0.017838144       16.5902585 
    -0.017672976       16.7220183 
    -0.017507808       16.8495866 
     -0.01734264       16.9729632 
    -0.017177472       17.0149426 
    -0.017012304       17.1353293 
    -0.016847136       17.2541278 
    -0.016681968        17.371338 
      -0.0165168       17.4869599 
    -0.016351632       17.6009937 
    -0.016186464       17.7134392 
    -0.016021296       17.8242965 
    -0.015856128       17.9701489 
     -0.01569096       18.0750288 
    -0.015525792       18.1771503 
    -0.015360624       18.2765133 
    -0.015195456        18.373118 
    -0.015030288       18.4669642 
     -0.01486512        18.558052 
    -0.014699952       18.6421457 
    -0.014534784       18.7275629 
    -0.014369616       18.8104481 
    -0.014204448        18.890801 
     -0.01403928       18.9686218 
    -0.013874112       19.0439104 
    -0.013708944       19.1166668 
    -0.013543776        19.186891 
    -0.013378608       19.2565938 
     -0.01321344       19.3223209 
    -0.013048272       19.3858724 
    -0.012883104       19.4472482 
    -0.012717936       19.5064483 
    -0.012552768       19.5634727 
      -0.0123876       19.6183214 
    -0.012222432       19.6703861 
    -0.012057264       19.7212629 
    -0.011892096       19.7703161 
    -0.011726928       19.8175459 
     -0.01156176       19.8629522 
    -0.011396592       19.9065351 
    -0.011231424       19.9482944 
    -0.011066256       19.9872873 
    -0.010901088        20.025618 
     -0.01073592       20.0624736 
    -0.010570752        20.097854 
    -0.010405584       20.1317594 
    -0.010240416       20.1641897 
    -0.010075248       20.1951448 
     -0.00991008       20.2246248 
    -0.009744912       20.2517037 
    -0.009579744       20.2786125 
    -0.009414576       20.3043678 
    -0.009249408       20.3289697 
     -0.00908424        20.352418 
    -0.008919072       20.3747128 
    -0.008753904       20.3958542 
    -0.008588736       20.4149148 
    -0.008423568       20.4339553 
      -0.0082584       20.4521239 
    -0.008093232       20.4694208 
    -0.007928064        20.485846 
    -0.007762896       20.5013993 
    -0.007597728       20.5160809 
     -0.00743256       20.5298907 
    -0.007267392       20.5420941 
    -0.007102224       20.5544648 
    -0.006937056       20.5662002 
    -0.006771888       20.5773003 
     -0.00660672       20.5877652 
    -0.006441552       20.5975947 
    -0.006276384       20.6067891 
    -0.006111216       20.6146997 
    -0.005946048       20.6227849 
     -0.00578088       20.6304256 
    -0.005615712       20.6376218 
    -0.005450544       20.6443735 
    -0.005285376       20.6506807 
    -0.005120208       20.6565433 
     -0.00495504       20.6619615 
    -0.004789872        20.666487 
    -0.004624704        20.671224 
    -0.004459536       20.6756635 
    -0.004294368       20.6798057 
      -0.0041292       20.6836504 
    -0.003964032       20.6871976 
    -0.003798864       20.6904475 
    -0.003633696       20.6930569 
    -0.003468528       20.6958182 
     -0.00330336       20.6983887 
    -0.003138192       20.7007682 
    -0.002973024       20.7029567 
    -0.002807856       20.7049543 
    -0.002642688       20.7067609 
     -0.00247752       20.7083766 
    -0.002312352       20.7086148 
    -0.002147184       20.7099319 
    -0.001982016       20.7111515 
    -0.001816848       20.7122734 
     -0.00165168       20.7132979 
    -0.001486512       20.7142247 
    -0.001321344        20.715054 
    -0.001156176       20.7165695 
    -0.000991008       20.7171402 
     -0.00082584       20.7176232 
    -0.000660672       20.7180183 
    -0.000495504       20.7183257 
    -0.000330336       20.7185452 
    -0.000165168       20.7186769 
               0       20.7187208 
     0.000165168       20.7186769 
     0.000330336       20.7185452 
     0.000495504       20.7183257 
     0.000660672       20.7180183 
      0.00082584       20.7176232 
     0.000991008       20.7171402 
     0.001156176       20.7165695 
     0.001321344        20.715054 
     0.001486512       20.7142247 
      0.00165168       20.7132979 
     0.001816848       20.7122734 
     0.001982016       20.7111515 
     0.002147184       20.7099319 
     0.002312352       20.7086148 
      0.00247752       20.7083766 
     0.002642688       20.7067609 
     0.002807856       20.7049543 
     0.002973024       20.7029567 
     0.003138192       20.7007682 
      0.00330336       20.6983887 
     0.003468528       20.6958182 
     0.003633696       20.6930569 
     0.003798864       20.6904475 
     0.003964032       20.6871976 
       0.0041292       20.6836504 
     0.004294368       20.6798057 
     0.004459536       20.6756635 
     0.004624704        20.671224 
     0.004789872        20.666487 
      0.00495504       20.6619615 
     0.005120208       20.6565433 
     0.005285376       20.6506807 
     0.005450544       20.6443735 
     0.005615712       20.6376218 
      0.00578088       20.6304256 
     0.005946048       20.6227849 
     0.006111216       20.6146997 
     0.006276384       20.6067891 
     0.006441552       20.5975947 
      0.00660672       20.5877652 
     0.006771888       20.5773003 
     0.006937056       20.5662002 
     0.007102224       20.5544648 
     0.007267392       20.5420941 
      0.00743256       20.5298907 
     0.007597728       20.5160809 
     0.007762896       20.5013993 
     0.007928064        20.485846 
     0.008093232       20.4694208 
       0.0082584       20.4521239 
     0.008423568       20.4339553 
     0.008588736       20.4149148 
     0.008753904       20.3958542 
     0.008919072       20.3747128 
      0.00908424        20.352418 
     0.009249408       20.3289697 
     0.009414576       20.3043678 
     0.009579744       20.2786125 
     0.009744912       20.2517037 
      0.00991008       20.2246248 
     0.010075248       20.1951448 
     0.010240416       20.1641897 
     0.010405584       20.1317594 
     0.010570752        20.097854 
      0.01073592       20.0624736 
     0.010901088        20.025618 
     0.011066256       19.9872873 
     0.011231424       19.9482944 
     0.011396592       19.9065351 
      0.01156176       19.8629522 
     0.011726928       19.8175459 
     0.011892096       19.7703161 
     0.012057264       19.7212629 
     0.012222432       19.6703861 
       0.0123876       19.6183214 
     0.012552768       19.5634727 
     0.012717936       19.5064483 
     0.012883104       19.4472482 
     0.013048272       19.3858724 
      0.01321344       19.3223209 
     0.013378608       19.2565938 
     0.013543776        19.186891 
     0.013708944       19.1166668 
     0.013874112       19.0439104 
      0.01403928       18.9686218 
     0.014204448        18.890801 
     0.014369616       18.8104481 
     0.014534784       18.7275629 
     0.014699952       18.6421457 
      0.01486512        18.558052 
     0.015030288       18.4669642 
     0.015195456        18.373118 
     0.015360624       18.2765133 
     0.015525792       18.1771503 
      0.01569096       18.0750288 
     0.015856128       17.9701489 
     0.016021296       17.8242965 
     0.016186464       17.7134392 
     0.016351632       17.6009937 
       0.0165168       17.4869599 
     0.016681968        17.371338 
     0.016847136       17.2541278 
     0.017012304       17.1353293 
     0.017177472       17.0149426 
      0.01734264       16.9729632 
     0.017507808       16.8495866 
     0.017672976       16.7220183 
     0.017838144       16.5902585 
     0.018003312       16.4543072 
      0.01816848       16.3141642 
     0.018333648       16.1698297 
     0.018498816       16.0096324 
     0.018663984       15.8557422 
     0.018829152       15.6966025 
      0.01899432       15.5322132 
     0.019159488        15.347821 
     0.019324656         15.18094 
     0.019489824       15.0140338 
     0.019654992         14.85444 
      0.01982016       14.6873168 
     0.019985328       14.5176002 
     0.020150496       14.3452901 
     0.020315664       14.1749017 
     0.020480832       13.9935287 
        0.020646       13.8053647 
     0.020811168       13.6204066 
     0.020976336       13.4345779 
     0.021141504       13.2476363 
     0.021306672        13.060062 
      0.02147184       12.8715649 
     0.021637008       12.6819943 
     0.021802176       12.4918527 
     0.021967344       12.3005198 
     0.022132512       12.1089402 
      0.02229768       11.9162258 
     0.022462848       11.7235657 
     0.022628016       11.5305262 
     0.022793184       11.3366142 
     0.022958352       11.1431325 
      0.02312352       10.9490399 
     0.023288688       10.7555992 
     0.023453856       10.5618217 
     0.023619024       10.3689046 
     0.023784192       10.1763825 
      0.02394936       9.98400421 
     0.024114528       9.79264673 
     0.024279696       9.60179875 
     0.024444864       9.41193387 
     0.024610032       9.22304433 
       0.0247752       9.03420994 
     0.024940368       8.84777639 
     0.025105536       8.65728904 
     0.025270704       8.47922652 
     0.025435872       8.29870668 
      0.02560104        8.1139604 
     0.025766208       7.93422474 
     0.025931376        7.7567498 
     0.026096544       7.58153557 
     0.026261712        7.3993657 
      0.02642688       7.22920041 
     0.026592048       7.06221107 
     0.026757216       6.91149665 
     0.026922384       6.75100134 
     0.027087552       6.59267894 
      0.02725272       6.43652948 
     0.027417888       6.27730763 
     0.027583056       6.12483572 
     0.027748224       5.97477199 
     0.027913392       5.82711645 
      0.02807856       5.68186909 
     0.028243728       5.53902992 
     0.028408896       5.39859893 
     0.028574064        5.2695005 
     0.028739232       5.13416937 
       0.0289044        5.0012959 
     0.029069568        4.8708801 
     0.029234736       4.74292197 
     0.029399904       4.61742151 
     0.029565072       4.49437873 
      0.02973024       4.37939161 
     0.029895408       4.26141358 
     0.030060576        4.1459073 
     0.030225744       4.03287275 
     0.030390912       3.92230995 
      0.03055608       3.81421888 
     0.030721248       3.70859956 
     0.030886416       3.60804275 
     0.031051584       3.50730486 
     0.031216752       3.40886106 
      0.03138192       3.31271135 
     0.031547088       3.21885573 
     0.031712256       3.12729422 
     0.031877424       3.03802679 
     0.032042592       2.95105346 
      0.03220776       2.86783322 
     0.032372928       2.78510942 
     0.032538096       2.70443493 
     0.032703264       2.62580976 
     0.032868432       2.54923389 
       0.0330336       2.47470735 
     0.033198768       2.40223011 
     0.033363936       2.33302605 
     0.033529104       2.26429512 
     0.033694272       2.19734478 
      0.03385944       2.13217502 
     0.034024608       2.06878585 
     0.034189776       2.00717728 
     0.034354944       1.94734929 
     0.034520112       1.89035344 
      0.03468528       1.83376158 
     0.034850448       1.77868404 
     0.035015616       1.72512084 
     0.035180784       1.67307196 
     0.035345952       1.62253741 
      0.03551112        1.5735172 
     0.035676288       1.52691149 
     0.035841456       1.48064258 
     0.036006624       1.43564071 
     0.036171792       1.39190589 
      0.03633696        1.3494381 
     0.036502128       1.30823736 
     0.036667296       1.26830365 
     0.036832464       1.23039878 
     0.036997632       1.19277548 
       0.0371628       1.15619931 
     0.037327968       1.12067027 
     0.037493136       1.08618836 
     0.037658304       1.05275359 
     0.037823472       1.02036596 
      0.03798864      0.989661841 
     0.038153808      0.959195884 
     0.038318976      0.929587323 
     0.038484144      0.900836159 
     0.038649312       0.87294239 
      0.03881448      0.845906018 
     0.038979648      0.819727041 
     0.039144816      0.794930925 
     0.039309984      0.770338575 
     0.039475152      0.746443399 
      0.03964032      0.723245397 
     0.039805488       0.70074457 
     0.039970656      0.678940917 
     0.040135824      0.657834439 
     0.040300992      0.637854652 
      0.04046616      0.618050769 
     0.040631328      0.598810847 
     0.040796496      0.580134886 
     0.040961664      0.562022885 
     0.041126832      0.544474846 
        0.041292      0.527490767 
     0.041457168      0.511418701 
     0.041622336      0.495499405 
     0.041787504      0.480034555 
     0.041952672      0.465024151 
      0.04211784      0.450468191 
     0.042283008      0.436366678 
     0.042448176       0.42271961 
     0.042613344      0.409526988 
     0.042778512       0.39702733 
      0.04294368      0.384612917 
     0.043108848      0.372563656 
     0.043274016      0.360879546 
     0.043439184      0.349560587 
     0.043604352      0.338606779 
      0.04376952      0.328018123 
     0.043934688      0.317992883 
     0.044099856      0.308036842 
     0.044265024      0.298373582 
     0.044430192      0.289003104 
      0.04459536      0.279925408 
     0.044760528      0.271140494 
     0.044925696      0.262648361 
     0.045090864      0.254612736 
     0.045256032      0.246634008 
       0.0454212      0.238889668 
     0.045586368      0.231379716 
     0.045751536      0.224104152 
     0.045916704      0.217062976 
     0.046081872      0.210256188 
      0.04624704      0.203818171 
     0.046412208        0.1974275 
     0.046577376      0.191224253 
     0.046742544       0.18520843 
     0.046907712       0.17938003 
      0.04707288      0.173739054 
     0.047238048      0.168285501 
     0.047403216      0.163129052 
     0.047568384       0.15801242 
     0.047733552       0.15304553 
      0.04789872      0.148228381 
     0.048063888      0.143560973 
     0.048229056      0.139043307 
     0.048394224      0.134675383 
     0.048559392      0.130546249 
      0.04872456      0.126450901 
     0.048889728      0.122475114 
     0.049054896      0.118618887 
     0.049220064      0.114882219 
     0.049385232      0.111265111 
       0.0495504      0.107767564 
     0.049715568      0.104461517 
     0.049880736      0.101184349 
     0.050045904     0.0980025981 
     0.050211072     0.0949162642 
      0.05037624     0.0919253475 
     0.050541408     0.0890298479 
     0.050706576     0.0862297654 
     0.050871744     0.0835829471 
     0.051036912     0.0809609496 
      0.05120208     0.0784150754 
     0.051367248     0.0759453244 
     0.051532416     0.0735516968 
     0.051697584     0.0712341926 
     0.051862752     0.0689928116 
      0.05202792     0.0668738558 
     0.052193088     0.0647763209 
     0.052358256     0.0627395014 
     0.052523424     0.0607633972 
     0.052688592     0.0588480084 
      0.05285376     0.0569933349 
     0.053018928     0.0551993768 
     0.053184096     0.0534661341 
     0.053349264       0.05182522 
     0.053514432     0.0501958279 
       0.0536796     0.0486148529 
     0.053844768     0.0470822949 
     0.054009936     0.0455981539 
     0.054175104     0.0441624299 
     0.054340272     0.0427751228 
      0.05450544     0.0414624245 
     0.054670608     0.0401590622 
     0.054835776     0.0388943043 
     0.055000944     0.0376681509 
     0.055166112      0.036480602 
      0.05533128     0.0353316574 
     0.055496448     0.0342213173 
     0.055661616     0.0331711498 
     0.055826784      0.032128646 
     0.055991952     0.0311169196 
      0.05615712     0.0301359707 
     0.056322288     0.0291857992 
     0.056487456     0.0282664053 
     0.056652624     0.0273777887 
     0.056817792      0.026537612 
      0.05698296     0.0257038015 
     0.057148128     0.0248945267 
     0.057313296     0.0241097875 
     0.057478464      0.023349584 
     0.057643632      0.022613916 
       0.0578088     0.0219027837 
     0.057973968     0.0212305763 
     0.058139136     0.0205637135 
     0.058304304     0.0199164095 
     0.058469472     0.0192886642 
      0.05863464     0.0186804776 
     0.058799808     0.0180918497 
     0.058964976     0.0175227806 
     0.059130144     0.0169849361 
     0.059295312      0.016451619 
      0.05946048     0.0159338929 
     0.059625648     0.0154317577 
     0.059790816     0.0149452134 
     0.059955984     0.0144742601 
     0.060121152     0.0140188977 
      0.06028632     0.0135885404 
     0.060451488     0.0131620467 
     0.060616656     0.0127479809 
     0.060781824     0.0123463431 
     0.060946992     0.0119571333 
      0.06111216     0.0115803515 
     0.061277328     0.0112159977 
     0.061442496     0.0108716351 
     0.061607664     0.0105305886 
     0.061772832      0.010199449 
        0.061938    0.00987821623 
     0.062103168    0.00956689038 
     0.062268336     0.0092654714 
     0.062433504     0.0089739593 
     0.062598672    0.00869235408 
      0.06276384    0.00842570676 
     0.062929008    0.00816090756 
     0.063094176    0.00790400594 
     0.063259344     0.0076550019 
     0.063424512    0.00741389545 
      0.06358968    0.00718068658 
     0.063754848     0.0069553753 
     0.063920016    0.00674217194 
     0.064085184    0.00653044741 
     0.064250352    0.00632501929 
      0.06441552    0.00612588757 
     0.064580688    0.00593305227 
     0.064745856    0.00574651337 
     0.064911024    0.00556627089 
     0.065076192    0.00539581112 
      0.06524136    0.00522655249 
     0.065406528    0.00506231453 
     0.065571696    0.00490309725 
     0.065736864    0.00474890065 
     0.065902032    0.00459972474 
       0.0660672     0.0044555695 
     0.066232368    0.00431930436 
     0.066397536    0.00418402925 
     0.066562704    0.00405275864 
     0.066727872    0.00392549254 
      0.06689304    0.00380223095 
     0.067058208    0.00368297386 
     0.067223376    0.00356772128 
     0.067388544     0.0034588217 
     0.067553712    0.00335074977 
      0.06771888    0.00324587323 
     0.067884048    0.00314419208 
     0.068049216    0.00304570633 
     0.068214384    0.00295041598 
     0.068379552    0.00285832102 
      0.06854472    0.00277133337 
     0.068709888    0.00268504699 
     0.068875056    0.00260131213 
     0.069040224    0.00252012881 
     0.069205392    0.00244149701 
      0.06937056    0.00236541675 
     0.069535728    0.00229188802 
     0.069700896     0.0022224593 
     0.069866064    0.00215363232 
     0.070031232    0.00208684497 
       0.0701964    0.00202209727 
     0.070361568     0.0019593892 
     0.070526736    0.00189872077 
     0.070691904    0.00184009197 
     0.070857072    0.00178475057 
      0.07102224     0.0017299317 
     0.071187408    0.00167674609 
     0.071352576    0.00162519374 
     0.071517744    0.00157527465 
     0.071682912    0.00152698881 
      0.07184808    0.00148033622 
     0.072013248    0.00143631727 
     0.072178416    0.00139275723 
     0.072343584    0.00135050857 
     0.072508752    0.00130957128 
      0.07267392    0.00126994537 
     0.072839088    0.00123163083 
     0.073004256    0.00119462766 
     0.073169424    0.00115893587 
     0.073334592    0.00112524803 
      0.07349976    0.00109181913 
     0.073664928    0.00105944757 
     0.073830096    0.00102813335 
     0.073995264   0.000997876481 
     0.074160432   0.000968676953 
       0.0743256   0.000940534768 
     0.074490768   0.000914027645 
     0.074655936   0.000887742902 
     0.074821104   0.000862316174 
     0.074986272   0.000837747463 
      0.07515144   0.000814036767 
     0.075316608   0.000791184087 
     0.075481776   0.000769189423 
     0.075646944   0.000748536497 
     0.075812112   0.000728077939 
      0.07597728   0.000708322427 
     0.076142448   0.000689269961 
     0.076307616   0.000670920542 
     0.076472784   0.000653274169 
     0.076637952   0.000636330841 
      0.07680312   0.000620508948 
     0.076968288   0.000604850086 
     0.077133456    0.00058977553 
     0.077298624   0.000575285281 
     0.077463792   0.000561379338 
      0.07762896   0.000548057702 
     0.077794128   0.000535320373 
     0.077959296   0.000523566404 
     0.078124464   0.000511920698 
     0.078289632   0.000500769909 
       0.0784548   0.000490114038 
     0.078619968   0.000479953085 
     0.078785136   0.000470287049 
     0.078950304   0.000461115931 
     0.079115472   0.000454425713 
      0.07928064   0.000446307454 
     0.079445808   0.000438585206 
     0.079610976   0.000431258972 
     0.079776144    0.00042432875 
     0.079941312   0.000417794541 
      0.08010648   0.000411656344 
     0.080271648   0.000404433008 
     0.080436816   0.000399080773 
     0.080601984      0.000394125 
     0.080767152   0.000389565689 
      0.08093232    0.00038540284 
     0.081097488   0.000381636452 
     0.081262656   0.000378266527 
     0.081427824   0.000374504169 
     0.081592992   0.000371779395 
      0.08175816   0.000369473818 
     0.081923328   0.000367587436 
     0.082088496    0.00036612025 
     0.082253664    0.00036507226 
     0.082418832   0.000364443466 
        0.082584   0.000364233868 
