       -0.083934   0.000303645224 
    -0.083766132   0.000303825445 
    -0.083598264   0.000304366108 
    -0.083430396   0.000305267214 
    -0.083262528   0.000306528762 
     -0.08309466   0.000308150753 
    -0.082926792   0.000310133185 
    -0.082758924   0.000313096932 
    -0.082591056   0.000315654912 
    -0.082423188   0.000318553956 
     -0.08225532   0.000321794063 
    -0.082087452   0.000325375235 
    -0.081919584    0.00032929747 
    -0.081751716    0.00033356077 
    -0.081583848   0.000339369754 
     -0.08141598   0.000344309265 
    -0.081248112   0.000349589432 
    -0.081080244   0.000355210255 
    -0.080912376   0.000361171734 
    -0.080744508   0.000367473869 
     -0.08057664   0.000374116659 
    -0.080408772   0.000379533015 
    -0.080240904   0.000387030983 
    -0.080073036   0.000394953679 
    -0.079905168   0.000403301103 
      -0.0797373   0.000412073255 
    -0.079569432   0.000421270135 
    -0.079401564   0.000430891743 
    -0.079233696   0.000440612865 
    -0.079065828   0.000451141174 
     -0.07889796   0.000462170157 
    -0.078730092   0.000473699813 
    -0.078562224   0.000485730143 
    -0.078394356   0.000498261147 
    -0.078226488   0.000511292825 
     -0.07805862   0.000524478275 
    -0.077890752   0.000538586514 
    -0.077722884   0.000553296221 
    -0.077555016   0.000568607397 
    -0.077387148   0.000584520041 
     -0.07721928   0.000601034154 
    -0.077051412   0.000618149736 
    -0.076883544   0.000635455879 
    -0.076715676   0.000653874859 
    -0.076547808   0.000673026735 
     -0.07637994   0.000692911506 
    -0.076212072   0.000713529174 
    -0.076044204   0.000734879737 
    -0.075876336   0.000756963197 
    -0.075708468     0.0007792738 
      -0.0755406   0.000802956392 
    -0.075372732   0.000827540756 
    -0.075204864   0.000853026891 
    -0.075036996   0.000879414798 
    -0.074869128   0.000906704476 
     -0.07470126   0.000934895926 
    -0.074533392   0.000963360534 
    -0.074365524   0.000993531427 
    -0.074197656    0.00102481908 
    -0.074029788    0.00105722349 
     -0.07386192    0.00109074466 
    -0.073694052    0.00112538259 
    -0.073526184    0.00116113727 
    -0.073358316     0.0011972258 
    -0.073190448    0.00123544499 
     -0.07302258    0.00127505304 
    -0.072854712    0.00131604994 
    -0.072686844    0.00135843571 
    -0.072518976    0.00140221033 
    -0.072351108     0.0014473738 
     -0.07218324    0.00149295119 
    -0.072015372    0.00154119471 
    -0.071847504     0.0015911702 
    -0.071679636    0.00164287768 
    -0.071511768    0.00169631713 
      -0.0713439    0.00175148855 
    -0.071176032    0.00180839195 
    -0.071008164    0.00186581409 
    -0.070840296    0.00192657619 
    -0.070672428    0.00198950194 
     -0.07050456    0.00205459134 
    -0.070336692     0.0021218444 
    -0.070168824    0.00219126111 
    -0.070000956    0.00226284147 
    -0.069833088    0.00233507678 
     -0.06966522    0.00241149889 
    -0.069497352    0.00249062694 
    -0.069329484    0.00257246093 
    -0.069161616    0.00265700086 
    -0.068993748    0.00274424674 
     -0.06882588    0.00283419855 
    -0.068658012    0.00292498138 
    -0.068490144     0.0030210145 
    -0.068322276    0.00312043416 
    -0.068154408    0.00322324036 
     -0.06798654    0.00332943312 
    -0.067818672    0.00343901242 
    -0.067650804    0.00355197827 
    -0.067482936    0.00366600189 
    -0.067315068    0.00378661078 
      -0.0671472    0.00391145991 
    -0.066979332    0.00404054926 
    -0.066811464    0.00417387885 
    -0.066643596    0.00431144868 
    -0.066475728    0.00445325874 
     -0.06630786    0.00459641798 
    -0.066139992    0.00474783777 
    -0.065972124    0.00490456816 
    -0.065804256    0.00506660914 
    -0.065636388    0.00523396073 
     -0.06546852    0.00540662291 
    -0.065300652     0.0055845957 
    -0.065132784    0.00576429166 
    -0.064964916    0.00595434999 
    -0.064797048    0.00615106061 
     -0.06462918    0.00635442353 
    -0.064461312    0.00656443875 
    -0.064293444    0.00678110627 
    -0.064125576    0.00700442608 
    -0.063957708    0.00722994862 
     -0.06378984    0.00746847003 
    -0.063621972    0.00771532525 
    -0.063454104    0.00797051428 
    -0.063286236    0.00823403713 
    -0.063118368    0.00850589378 
      -0.0629505    0.00878608425 
    -0.062782632     0.0090690922 
    -0.062614764    0.00936840552 
    -0.062446896    0.00967815979 
    -0.062279028      0.009998355 
     -0.06211116     0.0103289912 
    -0.061943292     0.0106700683 
    -0.061775424     0.0110215863 
    -0.061607556     0.0113767097 
    -0.061439688     0.0117522845 
     -0.06127182     0.0121409405 
    -0.061103952     0.0125426777 
    -0.060936084     0.0129574961 
    -0.060768216     0.0133853956 
    -0.060600348     0.0138263763 
     -0.06043248     0.0142719721 
    -0.060264612     0.0147432171 
    -0.060096744     0.0152308512 
    -0.059928876     0.0157348743 
    -0.059761008     0.0162552865 
     -0.05959314     0.0167920878 
    -0.059425272     0.0173452781 
    -0.059257404     0.0179043774 
    -0.059089536     0.0184956411 
    -0.058921668     0.0191074379 
      -0.0587538     0.0197397677 
    -0.058585932     0.0203926307 
    -0.058418064     0.0210660267 
    -0.058250196     0.0217599558 
    -0.058082328     0.0224614523 
     -0.05791446     0.0232032775 
    -0.057746592     0.0239708268 
    -0.057578724        0.0247641 
    -0.057410856     0.0255830973 
    -0.057242988     0.0264278186 
     -0.05707512      0.027298264 
    -0.056907252     0.0281784022 
    -0.056739384     0.0291090978 
    -0.056571516     0.0300720189 
    -0.056403648     0.0310671656 
     -0.05623578     0.0320945378 
    -0.056067912     0.0331541356 
    -0.055900044      0.034245959 
    -0.055732176     0.0353501993 
    -0.055564308      0.036517808 
     -0.05539644      0.037725784 
    -0.055228572     0.0389741272 
    -0.055060704     0.0402628376 
    -0.054892836     0.0415919152 
    -0.054724968     0.0429613601 
      -0.0545571     0.0443467129 
    -0.054389232     0.0458114743 
    -0.054221364     0.0473267962 
    -0.054053496     0.0488926787 
    -0.053885628     0.0505091216 
     -0.05371776     0.0521761252 
    -0.053549892     0.0538575247 
    -0.053382024     0.0556316344 
    -0.053214156     0.0574690629 
    -0.053046288     0.0593698102 
     -0.05287842     0.0613338762 
    -0.052710552      0.063361261 
    -0.052542684     0.0654519646 
    -0.052374816     0.0675606731 
    -0.052206948     0.0697861203 
     -0.05203908     0.0720908486 
    -0.051871212     0.0744748579 
    -0.051703344     0.0769381482 
    -0.051535476     0.0794807196 
    -0.051367608     0.0821025721 
     -0.05119974     0.0847469604 
    -0.051031872      0.087538287 
    -0.050864004     0.0904288551 
    -0.050696136     0.0934186645 
    -0.050528268     0.0965077154 
      -0.0503604     0.0996960076 
    -0.050192532      0.102983541 
    -0.050024664      0.106299302 
    -0.049856796      0.109799928 
    -0.049688928      0.113424736 
     -0.04952106      0.117173728 
    -0.049353192      0.121046903 
    -0.049185324      0.125044261 
    -0.049017456      0.129165803 
    -0.048849588      0.133322727 
     -0.04868172      0.137712092 
    -0.048513852      0.142256778 
    -0.048345984      0.146956783 
    -0.048178116      0.151812108 
    -0.048010248      0.156822753 
     -0.04784238      0.161988717 
    -0.047674512      0.167199061 
    -0.047506644      0.172701451 
    -0.047338776      0.178397981 
    -0.047170908      0.184288648 
     -0.04700304      0.190373453 
    -0.046835172      0.196652397 
    -0.046667304      0.203125478 
    -0.046499436      0.209654256 
    -0.046331568       0.21654962 
      -0.0461637      0.223687431 
    -0.045995832      0.231067689 
    -0.045827964      0.238690394 
    -0.045660096      0.246555547 
    -0.045492228      0.254663147 
     -0.04532436      0.262840683 
    -0.045156492      0.271477789 
    -0.044988624      0.280417317 
    -0.044820756      0.289659267 
    -0.044652888      0.299203639 
     -0.04448502      0.309050433 
    -0.044317152      0.319199649 
    -0.044149284      0.329436715 
    -0.043981416      0.340248966 
    -0.043813548      0.351437853 
     -0.04364568      0.363003374 
    -0.043477812       0.37494553 
    -0.043309944      0.387264321 
    -0.043142076      0.399959746 
    -0.042974208      0.412765553 
     -0.04280634      0.426289656 
    -0.042638472      0.440281816 
    -0.042470604      0.454742031 
    -0.042302736      0.469670301 
    -0.042134868      0.485066628 
       -0.041967       0.50093101 
    -0.041799132      0.516934098 
    -0.041631264      0.533831546 
    -0.041463396      0.551308985 
    -0.041295528      0.569366415 
     -0.04112766      0.588003837 
    -0.040959792      0.607221249 
    -0.040791924      0.627018652 
    -0.040624056      0.646990333 
    -0.040456188      0.668071169 
     -0.04028832      0.689867914 
    -0.040120452      0.712380568 
    -0.039952584      0.735609132 
    -0.039784716      0.759553605 
    -0.039616848      0.784213987 
     -0.03944898      0.809093257 
    -0.039281112      0.835340708 
    -0.039113244      0.862467244 
    -0.038945376      0.890472865 
    -0.038777508      0.919357571 
     -0.03860964      0.949121362 
    -0.038441772      0.979764237 
    -0.038273904       1.01068177 
    -0.038106036       1.04327491 
    -0.037938168       1.07694001 
      -0.0377703       1.11167705 
    -0.037602432       1.14748605 
    -0.037434564       1.18436699 
    -0.037266696       1.22231988 
    -0.037098828       1.26061665 
     -0.03693096       1.30094605 
    -0.036763092       1.34257049 
    -0.036595224       1.38548995 
    -0.036427356       1.42970444 
    -0.036259488       1.47521396 
     -0.03609162       1.52201851 
    -0.035923752       1.56925142 
    -0.035755884       1.61891952 
    -0.035588016       1.67013298 
    -0.035420148        1.7228918 
     -0.03525228       1.77719597 
    -0.035084412        1.8330455 
    -0.034916544       1.89044039 
    -0.034748676       1.94836127 
    -0.034580808       2.00915544 
     -0.03441294       2.07176389 
    -0.034245072       2.13618663 
    -0.034077204       2.20242366 
    -0.033909336       2.27047497 
    -0.033741468       2.34034057 
      -0.0335736       2.41082946 
    -0.033405732       2.48465155 
    -0.033237864        2.5605587 
    -0.033069996       2.63855091 
    -0.032902128       2.71862817 
     -0.03273426        2.8007905 
    -0.032566392       2.88503787 
    -0.032398524       2.96995332 
    -0.032230656        3.0586887 
    -0.032062788       3.14975513 
     -0.03189492       3.24315259 
    -0.031727052       3.33888109 
    -0.031559184       3.43694062 
    -0.031391316        3.5373312 
    -0.031223448       3.63763753 
     -0.03105558        3.7429534 
    -0.030887712       3.85077839 
    -0.030719844        3.9611125 
    -0.030551976       4.07395573 
    -0.030384108       4.18930809 
     -0.03021624       4.30716956 
    -0.030048372       4.42225068 
    -0.029880504       4.54525025 
    -0.029712636       4.67074477 
    -0.029544768       4.79873426 
      -0.0293769       4.92921872 
    -0.029209032       5.06219814 
    -0.029041164       5.19767253 
    -0.028873296       5.32702928 
    -0.028705428       5.46767154 
     -0.02853756       5.61075818 
    -0.028369692       5.75628921 
    -0.028201824       5.90426462 
    -0.028033956       6.05468441 
    -0.027866088       6.20754857 
     -0.02769822       6.36705247 
    -0.027530352       6.52353652 
    -0.027362484       6.68220709 
    -0.027194616       6.83031152 
    -0.027026748       6.99488724 
     -0.02685888       7.16268036 
    -0.026691012       7.33369086 
    -0.026523144       7.51607609 
    -0.026355276       7.69183103 
    -0.026187408       7.86987635 
     -0.02601954       8.05433675 
    -0.025851672       8.23389133 
    -0.025683804       8.41040086 
    -0.025515936       8.59371779 
    -0.025348068       8.78448358 
      -0.0251802       8.97126521 
    -0.025012332       9.16015906 
    -0.024844464       9.34909322 
    -0.024676596       9.53906887 
    -0.024508728       9.72960677 
     -0.02434086       9.92120065 
    -0.024172992       10.1130058 
    -0.024005124       10.3057477 
    -0.023837256       10.4983672 
    -0.023669388       10.6911938 
     -0.02350152       10.8847077 
    -0.023333652       11.0776418 
    -0.023165784       11.2710174 
    -0.022997916       11.4635565 
    -0.022830048       11.6562881 
     -0.02266218       11.8479468 
    -0.022494312        12.039041 
    -0.022326444       12.2298878 
    -0.022158576       12.4195365 
    -0.021990708       12.6085971 
     -0.02182284       12.7965647 
    -0.021654972       12.9835838 
    -0.021487104       13.1699232 
    -0.021319236       13.3551076 
    -0.021151368       13.5394059 
      -0.0209835       13.7267937 
    -0.020815632       13.9075849 
    -0.020647764       14.0773266 
    -0.020479896       14.2488919 
    -0.020312028       14.4177707 
     -0.02014416       14.5839631 
    -0.019976292       14.7422987 
    -0.019808424       14.9082105 
    -0.019640556       15.0740109 
    -0.019472688       15.2552129 
     -0.01930482       15.4178004 
    -0.019136952       15.5752022 
    -0.018969084       15.7274184 
    -0.018801216       15.8880315 
    -0.018633348       16.0311688 
     -0.01846548       16.1699818 
    -0.018297612       16.3044703 
    -0.018129744       16.4346343 
    -0.017961876       16.5604739 
    -0.017794008       16.6819891 
     -0.01762614       16.7298765 
    -0.017458272       16.8496627 
    -0.017290404       16.9678086 
    -0.017122536        17.084314 
    -0.016954668       17.1991791 
      -0.0167868       17.3124038 
    -0.016618932       17.4239881 
    -0.016451064       17.5675029 
    -0.016283196       17.6730785 
    -0.016115328       17.7758217 
     -0.01594746       17.8757325 
    -0.015779592       17.9728109 
    -0.015611724       18.0670568 
    -0.015443856       18.1584703 
    -0.015275988       18.2434974 
     -0.01510812       18.3291555 
    -0.014940252       18.4121946 
    -0.014772384       18.4926149 
    -0.014604516       18.5704162 
    -0.014436648       18.6455986 
     -0.01426878       18.7181621 
    -0.014100912       18.7900689 
    -0.013933044       18.8578467 
    -0.013765176       18.9233511 
    -0.013597308        18.986582 
     -0.01342944       19.0475396 
    -0.013261572       19.1062238 
    -0.013093704       19.1626346 
    -0.012925836        19.216427 
    -0.012757968       19.2687025 
      -0.0125901       19.3190501 
    -0.012422232       19.3674699 
    -0.012254364       19.4139618 
    -0.012086496       19.4585259 
    -0.011918628       19.5011622 
     -0.01175076        19.541222 
    -0.011582892       19.5803962 
    -0.011415024       19.6179897 
    -0.011247156       19.6540024 
    -0.011079288       19.6884343 
     -0.01091142       19.7212856 
    -0.010743552       19.7525561 
    -0.010575684       19.7814933 
    -0.010407816       19.8099537 
    -0.010239948       19.8371591 
     -0.01007208       19.8631096 
    -0.009904212       19.8878051 
    -0.009736344       19.9112456 
    -0.009568476       19.9334312 
    -0.009400608       19.9536187 
     -0.00923274       19.9735919 
    -0.009064872       19.9926007 
    -0.008897004       20.0106452 
    -0.008729136       20.0277253 
    -0.008561268        20.043841 
      -0.0083934       20.0589924 
    -0.008225532       20.0725086 
    -0.008057664       20.0859732 
    -0.007889796       20.0987225 
    -0.007721928       20.1107566 
     -0.00755406       20.1220754 
    -0.007386192       20.1326791 
    -0.007218324       20.1425675 
    -0.007050456       20.1511688 
    -0.006882588       20.1598166 
     -0.00671472       20.1679555 
    -0.006546852       20.1755856 
    -0.006378984       20.1827067 
    -0.006211116        20.189319 
    -0.006043248       20.1954223 
     -0.00587538       20.2005516 
    -0.005707512       20.2057813 
    -0.005539644       20.2106671 
    -0.005371776       20.2152091 
    -0.005203908       20.2194073 
     -0.00503604       20.2232618 
    -0.004868172       20.2267724 
    -0.004700304       20.2295798 
    -0.004532436       20.2325083 
    -0.004364568       20.2352196 
      -0.0041967       20.2377139 
    -0.004028832        20.239991 
    -0.003860964       20.2420511 
    -0.003693096        20.243894 
    -0.003525228       20.2452654 
     -0.00335736       20.2467483 
    -0.003189492       20.2481056 
    -0.003021624       20.2493372 
    -0.002853756       20.2504432 
    -0.002685888       20.2514235 
     -0.00251802       20.2522781 
    -0.002350152       20.2519658 
    -0.002182284       20.2525766 
    -0.002014416       20.2531422 
    -0.001846548       20.2536625 
     -0.00167868       20.2541376 
    -0.001510812       20.2545675 
    -0.001342944       20.2549521 
    -0.001175076       20.2558644 
    -0.001007208       20.2560877 
     -0.00083934       20.2562766 
    -0.000671472       20.2564312 
    -0.000503604       20.2565514 
    -0.000335736       20.2566373 
    -0.000167868       20.2566888 
               0        20.256706 
     0.000167868       20.2566888 
     0.000335736       20.2566373 
     0.000503604       20.2565514 
     0.000671472       20.2564312 
      0.00083934       20.2562766 
     0.001007208       20.2560877 
     0.001175076       20.2558644 
     0.001342944       20.2549521 
     0.001510812       20.2545675 
      0.00167868       20.2541376 
     0.001846548       20.2536625 
     0.002014416       20.2531422 
     0.002182284       20.2525766 
     0.002350152       20.2519658 
      0.00251802       20.2522781 
     0.002685888       20.2514235 
     0.002853756       20.2504432 
     0.003021624       20.2493372 
     0.003189492       20.2481056 
      0.00335736       20.2467483 
     0.003525228       20.2452654 
     0.003693096        20.243894 
     0.003860964       20.2420511 
     0.004028832        20.239991 
       0.0041967       20.2377139 
     0.004364568       20.2352196 
     0.004532436       20.2325083 
     0.004700304       20.2295798 
     0.004868172       20.2267724 
      0.00503604       20.2232618 
     0.005203908       20.2194073 
     0.005371776       20.2152091 
     0.005539644       20.2106671 
     0.005707512       20.2057813 
      0.00587538       20.2005516 
     0.006043248       20.1954223 
     0.006211116        20.189319 
     0.006378984       20.1827067 
     0.006546852       20.1755856 
      0.00671472       20.1679555 
     0.006882588       20.1598166 
     0.007050456       20.1511688 
     0.007218324       20.1425675 
     0.007386192       20.1326791 
      0.00755406       20.1220754 
     0.007721928       20.1107566 
     0.007889796       20.0987225 
     0.008057664       20.0859732 
     0.008225532       20.0725086 
       0.0083934       20.0589924 
     0.008561268        20.043841 
     0.008729136       20.0277253 
     0.008897004       20.0106452 
     0.009064872       19.9926007 
      0.00923274       19.9735919 
     0.009400608       19.9536187 
     0.009568476       19.9334312 
     0.009736344       19.9112456 
     0.009904212       19.8878051 
      0.01007208       19.8631096 
     0.010239948       19.8371591 
     0.010407816       19.8099537 
     0.010575684       19.7814933 
     0.010743552       19.7525561 
      0.01091142       19.7212856 
     0.011079288       19.6884343 
     0.011247156       19.6540024 
     0.011415024       19.6179897 
     0.011582892       19.5803962 
      0.01175076        19.541222 
     0.011918628       19.5011622 
     0.012086496       19.4585259 
     0.012254364       19.4139618 
     0.012422232       19.3674699 
       0.0125901       19.3190501 
     0.012757968       19.2687025 
     0.012925836        19.216427 
     0.013093704       19.1626346 
     0.013261572       19.1062238 
      0.01342944       19.0475396 
     0.013597308        18.986582 
     0.013765176       18.9233511 
     0.013933044       18.8578467 
     0.014100912       18.7900689 
      0.01426878       18.7181621 
     0.014436648       18.6455986 
     0.014604516       18.5704162 
     0.014772384       18.4926149 
     0.014940252       18.4121946 
      0.01510812       18.3291555 
     0.015275988       18.2434974 
     0.015443856       18.1584703 
     0.015611724       18.0670568 
     0.015779592       17.9728109 
      0.01594746       17.8757325 
     0.016115328       17.7758217 
     0.016283196       17.6730785 
     0.016451064       17.5675029 
     0.016618932       17.4239881 
       0.0167868       17.3124038 
     0.016954668       17.1991791 
     0.017122536        17.084314 
     0.017290404       16.9678086 
     0.017458272       16.8496627 
      0.01762614       16.7298765 
     0.017794008       16.6819891 
     0.017961876       16.5604739 
     0.018129744       16.4346343 
     0.018297612       16.3044703 
      0.01846548       16.1699818 
     0.018633348       16.0311688 
     0.018801216       15.8880315 
     0.018969084       15.7274184 
     0.019136952       15.5752022 
      0.01930482       15.4178004 
     0.019472688       15.2552129 
     0.019640556       15.0740109 
     0.019808424       14.9082105 
     0.019976292       14.7422987 
      0.02014416       14.5839631 
     0.020312028       14.4177707 
     0.020479896       14.2488919 
     0.020647764       14.0773266 
     0.020815632       13.9075849 
       0.0209835       13.7267937 
     0.021151368       13.5394059 
     0.021319236       13.3551076 
     0.021487104       13.1699232 
     0.021654972       12.9835838 
      0.02182284       12.7965647 
     0.021990708       12.6085971 
     0.022158576       12.4195365 
     0.022326444       12.2298878 
     0.022494312        12.039041 
      0.02266218       11.8479468 
     0.022830048       11.6562881 
     0.022997916       11.4635565 
     0.023165784       11.2710174 
     0.023333652       11.0776418 
      0.02350152       10.8847077 
     0.023669388       10.6911938 
     0.023837256       10.4983672 
     0.024005124       10.3057477 
     0.024172992       10.1130058 
      0.02434086       9.92120065 
     0.024508728       9.72960677 
     0.024676596       9.53906887 
     0.024844464       9.34909322 
     0.025012332       9.16015906 
       0.0251802       8.97126521 
     0.025348068       8.78448358 
     0.025515936       8.59371779 
     0.025683804       8.41040086 
     0.025851672       8.23389133 
      0.02601954       8.05433675 
     0.026187408       7.86987635 
     0.026355276       7.69183103 
     0.026523144       7.51607609 
     0.026691012       7.33369086 
      0.02685888       7.16268036 
     0.027026748       6.99488724 
     0.027194616       6.83031152 
     0.027362484       6.68220709 
     0.027530352       6.52353652 
      0.02769822       6.36705247 
     0.027866088       6.20754857 
     0.028033956       6.05468441 
     0.028201824       5.90426462 
     0.028369692       5.75628921 
      0.02853756       5.61075818 
     0.028705428       5.46767154 
     0.028873296       5.32702928 
     0.029041164       5.19767253 
     0.029209032       5.06219814 
       0.0293769       4.92921872 
     0.029544768       4.79873426 
     0.029712636       4.67074477 
     0.029880504       4.54525025 
     0.030048372       4.42225068 
      0.03021624       4.30716956 
     0.030384108       4.18930809 
     0.030551976       4.07395573 
     0.030719844        3.9611125 
     0.030887712       3.85077839 
      0.03105558        3.7429534 
     0.031223448       3.63763753 
     0.031391316        3.5373312 
     0.031559184       3.43694062 
     0.031727052       3.33888109 
      0.03189492       3.24315259 
     0.032062788       3.14975513 
     0.032230656        3.0586887 
     0.032398524       2.96995332 
     0.032566392       2.88503787 
      0.03273426        2.8007905 
     0.032902128       2.71862817 
     0.033069996       2.63855091 
     0.033237864        2.5605587 
     0.033405732       2.48465155 
       0.0335736       2.41082946 
     0.033741468       2.34034057 
     0.033909336       2.27047497 
     0.034077204       2.20242366 
     0.034245072       2.13618663 
      0.03441294       2.07176389 
     0.034580808       2.00915544 
     0.034748676       1.94836127 
     0.034916544       1.89044039 
     0.035084412        1.8330455 
      0.03525228       1.77719597 
     0.035420148        1.7228918 
     0.035588016       1.67013298 
     0.035755884       1.61891952 
     0.035923752       1.56925142 
      0.03609162       1.52201851 
     0.036259488       1.47521396 
     0.036427356       1.42970444 
     0.036595224       1.38548995 
     0.036763092       1.34257049 
      0.03693096       1.30094605 
     0.037098828       1.26061665 
     0.037266696       1.22231988 
     0.037434564       1.18436699 
     0.037602432       1.14748605 
       0.0377703       1.11167705 
     0.037938168       1.07694001 
     0.038106036       1.04327491 
     0.038273904       1.01068177 
     0.038441772      0.979764237 
      0.03860964      0.949121362 
     0.038777508      0.919357571 
     0.038945376      0.890472865 
     0.039113244      0.862467244 
     0.039281112      0.835340708 
      0.03944898      0.809093257 
     0.039616848      0.784213987 
     0.039784716      0.759553605 
     0.039952584      0.735609132 
     0.040120452      0.712380568 
      0.04028832      0.689867914 
     0.040456188      0.668071169 
     0.040624056      0.646990333 
     0.040791924      0.627018652 
     0.040959792      0.607221249 
      0.04112766      0.588003837 
     0.041295528      0.569366415 
     0.041463396      0.551308985 
     0.041631264      0.533831546 
     0.041799132      0.516934098 
        0.041967       0.50093101 
     0.042134868      0.485066628 
     0.042302736      0.469670301 
     0.042470604      0.454742031 
     0.042638472      0.440281816 
      0.04280634      0.426289656 
     0.042974208      0.412765553 
     0.043142076      0.399959746 
     0.043309944      0.387264321 
     0.043477812       0.37494553 
      0.04364568      0.363003374 
     0.043813548      0.351437853 
     0.043981416      0.340248966 
     0.044149284      0.329436715 
     0.044317152      0.319199649 
      0.04448502      0.309050433 
     0.044652888      0.299203639 
     0.044820756      0.289659267 
     0.044988624      0.280417317 
     0.045156492      0.271477789 
      0.04532436      0.262840683 
     0.045492228      0.254663147 
     0.045660096      0.246555547 
     0.045827964      0.238690394 
     0.045995832      0.231067689 
       0.0461637      0.223687431 
     0.046331568       0.21654962 
     0.046499436      0.209654256 
     0.046667304      0.203125478 
     0.046835172      0.196652397 
      0.04700304      0.190373453 
     0.047170908      0.184288648 
     0.047338776      0.178397981 
     0.047506644      0.172701451 
     0.047674512      0.167199061 
      0.04784238      0.161988717 
     0.048010248      0.156822753 
     0.048178116      0.151812108 
     0.048345984      0.146956783 
     0.048513852      0.142256778 
      0.04868172      0.137712092 
     0.048849588      0.133322727 
     0.049017456      0.129165803 
     0.049185324      0.125044261 
     0.049353192      0.121046903 
      0.04952106      0.117173728 
     0.049688928      0.113424736 
     0.049856796      0.109799928 
     0.050024664      0.106299302 
     0.050192532      0.102983541 
       0.0503604     0.0996960076 
     0.050528268     0.0965077154 
     0.050696136     0.0934186645 
     0.050864004     0.0904288551 
     0.051031872      0.087538287 
      0.05119974     0.0847469604 
     0.051367608     0.0821025721 
     0.051535476     0.0794807196 
     0.051703344     0.0769381482 
     0.051871212     0.0744748579 
      0.05203908     0.0720908486 
     0.052206948     0.0697861203 
     0.052374816     0.0675606731 
     0.052542684     0.0654519646 
     0.052710552      0.063361261 
      0.05287842     0.0613338762 
     0.053046288     0.0593698102 
     0.053214156     0.0574690629 
     0.053382024     0.0556316344 
     0.053549892     0.0538575247 
      0.05371776     0.0521761252 
     0.053885628     0.0505091216 
     0.054053496     0.0488926787 
     0.054221364     0.0473267962 
     0.054389232     0.0458114743 
       0.0545571     0.0443467129 
     0.054724968     0.0429613601 
     0.054892836     0.0415919152 
     0.055060704     0.0402628376 
     0.055228572     0.0389741272 
      0.05539644      0.037725784 
     0.055564308      0.036517808 
     0.055732176     0.0353501993 
     0.055900044      0.034245959 
     0.056067912     0.0331541356 
      0.05623578     0.0320945378 
     0.056403648     0.0310671656 
     0.056571516     0.0300720189 
     0.056739384     0.0291090978 
     0.056907252     0.0281784022 
      0.05707512      0.027298264 
     0.057242988     0.0264278186 
     0.057410856     0.0255830973 
     0.057578724        0.0247641 
     0.057746592     0.0239708268 
      0.05791446     0.0232032775 
     0.058082328     0.0224614523 
     0.058250196     0.0217599558 
     0.058418064     0.0210660267 
     0.058585932     0.0203926307 
       0.0587538     0.0197397677 
     0.058921668     0.0191074379 
     0.059089536     0.0184956411 
     0.059257404     0.0179043774 
     0.059425272     0.0173452781 
      0.05959314     0.0167920878 
     0.059761008     0.0162552865 
     0.059928876     0.0157348743 
     0.060096744     0.0152308512 
     0.060264612     0.0147432171 
      0.06043248     0.0142719721 
     0.060600348     0.0138263763 
     0.060768216     0.0133853956 
     0.060936084     0.0129574961 
     0.061103952     0.0125426777 
      0.06127182     0.0121409405 
     0.061439688     0.0117522845 
     0.061607556     0.0113767097 
     0.061775424     0.0110215863 
     0.061943292     0.0106700683 
      0.06211116     0.0103289912 
     0.062279028      0.009998355 
     0.062446896    0.00967815979 
     0.062614764    0.00936840552 
     0.062782632     0.0090690922 
       0.0629505    0.00878608425 
     0.063118368    0.00850589378 
     0.063286236    0.00823403713 
     0.063454104    0.00797051428 
     0.063621972    0.00771532525 
      0.06378984    0.00746847003 
     0.063957708    0.00722994862 
     0.064125576    0.00700442608 
     0.064293444    0.00678110627 
     0.064461312    0.00656443875 
      0.06462918    0.00635442353 
     0.064797048    0.00615106061 
     0.064964916    0.00595434999 
     0.065132784    0.00576429166 
     0.065300652     0.0055845957 
      0.06546852    0.00540662291 
     0.065636388    0.00523396073 
     0.065804256    0.00506660914 
     0.065972124    0.00490456816 
     0.066139992    0.00474783777 
      0.06630786    0.00459641798 
     0.066475728    0.00445325874 
     0.066643596    0.00431144868 
     0.066811464    0.00417387885 
     0.066979332    0.00404054926 
       0.0671472    0.00391145991 
     0.067315068    0.00378661078 
     0.067482936    0.00366600189 
     0.067650804    0.00355197827 
     0.067818672    0.00343901242 
      0.06798654    0.00332943312 
     0.068154408    0.00322324036 
     0.068322276    0.00312043416 
     0.068490144     0.0030210145 
     0.068658012    0.00292498138 
      0.06882588    0.00283419855 
     0.068993748    0.00274424674 
     0.069161616    0.00265700086 
     0.069329484    0.00257246093 
     0.069497352    0.00249062694 
      0.06966522    0.00241149889 
     0.069833088    0.00233507678 
     0.070000956    0.00226284147 
     0.070168824    0.00219126111 
     0.070336692     0.0021218444 
      0.07050456    0.00205459134 
     0.070672428    0.00198950194 
     0.070840296    0.00192657619 
     0.071008164    0.00186581409 
     0.071176032    0.00180839195 
       0.0713439    0.00175148855 
     0.071511768    0.00169631713 
     0.071679636    0.00164287768 
     0.071847504     0.0015911702 
     0.072015372    0.00154119471 
      0.07218324    0.00149295119 
     0.072351108     0.0014473738 
     0.072518976    0.00140221033 
     0.072686844    0.00135843571 
     0.072854712    0.00131604994 
      0.07302258    0.00127505304 
     0.073190448    0.00123544499 
     0.073358316     0.0011972258 
     0.073526184    0.00116113727 
     0.073694052    0.00112538259 
      0.07386192    0.00109074466 
     0.074029788    0.00105722349 
     0.074197656    0.00102481908 
     0.074365524   0.000993531427 
     0.074533392   0.000963360534 
      0.07470126   0.000934895926 
     0.074869128   0.000906704476 
     0.075036996   0.000879414798 
     0.075204864   0.000853026891 
     0.075372732   0.000827540756 
       0.0755406   0.000802956392 
     0.075708468     0.0007792738 
     0.075876336   0.000756963197 
     0.076044204   0.000734879737 
     0.076212072   0.000713529174 
      0.07637994   0.000692911506 
     0.076547808   0.000673026735 
     0.076715676   0.000653874859 
     0.076883544   0.000635455879 
     0.077051412   0.000618149736 
      0.07721928   0.000601034154 
     0.077387148   0.000584520041 
     0.077555016   0.000568607397 
     0.077722884   0.000553296221 
     0.077890752   0.000538586514 
      0.07805862   0.000524478275 
     0.078226488   0.000511292825 
     0.078394356   0.000498261147 
     0.078562224   0.000485730143 
     0.078730092   0.000473699813 
      0.07889796   0.000462170157 
     0.079065828   0.000451141174 
     0.079233696   0.000440612865 
     0.079401564   0.000430891743 
     0.079569432   0.000421270135 
       0.0797373   0.000412073255 
     0.079905168   0.000403301103 
     0.080073036   0.000394953679 
     0.080240904   0.000387030983 
     0.080408772   0.000379533015 
      0.08057664   0.000374116659 
     0.080744508   0.000367473869 
     0.080912376   0.000361171734 
     0.081080244   0.000355210255 
     0.081248112   0.000349589432 
      0.08141598   0.000344309265 
     0.081583848   0.000339369754 
     0.081751716    0.00033356077 
     0.081919584    0.00032929747 
     0.082087452   0.000325375235 
      0.08225532   0.000321794063 
     0.082423188   0.000318553956 
     0.082591056   0.000315654912 
     0.082758924   0.000313096932 
     0.082926792   0.000310133185 
      0.08309466   0.000308150753 
     0.083262528   0.000306528762 
     0.083430396   0.000305267214 
     0.083598264   0.000304366108 
     0.083766132   0.000303825445 
        0.083934   0.000303645224 
