      -0.0984385   4.63393221e-05 
    -0.098241623   4.63772525e-05 
    -0.098044746   4.64910437e-05 
    -0.097847869   4.66806958e-05 
    -0.097650992   4.69462086e-05 
    -0.097454115   4.72875822e-05 
    -0.097257238   4.78045591e-05 
    -0.097060361   4.82707372e-05 
    -0.096863484   4.88086351e-05 
    -0.096666607   4.94182526e-05 
     -0.09646973   5.00995898e-05 
    -0.096272853   5.08526468e-05 
    -0.096075976   5.18689606e-05 
    -0.095879099   5.27644816e-05 
    -0.095682222   5.37316442e-05 
    -0.095485345   5.47704485e-05 
    -0.095288468   5.58808945e-05 
    -0.095091591   5.70629821e-05 
    -0.094894714   5.80659382e-05 
    -0.094697837   5.94231791e-05 
     -0.09450096   6.08701128e-05 
    -0.094304083   6.24067395e-05 
    -0.094107206   6.40330591e-05 
    -0.093910329   6.57490716e-05 
    -0.093713452   6.75022285e-05 
    -0.093516575   6.94075121e-05 
    -0.093319698   7.14188093e-05 
    -0.093122821   7.35361203e-05 
    -0.092925944   7.57594449e-05 
    -0.092729067   7.80887831e-05 
     -0.09253219   8.04674633e-05 
    -0.092335313   8.30212109e-05 
    -0.092138436    8.5702666e-05 
    -0.091941559   8.85118284e-05 
    -0.091744682   9.14486983e-05 
    -0.091547805   9.45132756e-05 
    -0.091350928   9.76379351e-05 
    -0.091154051   0.000100973737 
    -0.090957174   0.000104465579 
    -0.090760297   0.000108113461 
     -0.09056342   0.000111917384 
    -0.090366543   0.000115877346 
    -0.090169666    0.00011990961 
    -0.089972789    0.00012420176 
    -0.089775912    0.00012868642 
    -0.089579035   0.000133363591 
    -0.089382158   0.000138233272 
    -0.089185281   0.000143295464 
    -0.088988404   0.000148445472 
    -0.088791527   0.000153918157 
     -0.08859465   0.000159629869 
    -0.088397773   0.000165580609 
    -0.088200896   0.000171770377 
    -0.088004019   0.000178199173 
    -0.087807142   0.000184735801 
    -0.087610265   0.000191674844 
    -0.087413388   0.000198911907 
    -0.087216511   0.000206446991 
    -0.087019634   0.000214280095 
    -0.086822757    0.00022241122 
     -0.08662588   0.000230675917 
    -0.086429003   0.000239443717 
    -0.086232126   0.000248584084 
    -0.086035249   0.000258097019 
    -0.085838372   0.000267982521 
    -0.085641495    0.00027824059 
    -0.085444618   0.000288665131 
    -0.085247741     0.0002997196 
    -0.085050864   0.000311240627 
    -0.084853987    0.00032322821 
     -0.08465711    0.00033568235 
    -0.084460233   0.000348603047 
    -0.084263356   0.000361732051 
    -0.084066479   0.000375650538 
    -0.083869602   0.000390153914 
    -0.083672725   0.000405242181 
    -0.083475848   0.000420915339 
    -0.083278971   0.000437173387 
    -0.083082094   0.000453692746 
    -0.082885217   0.000471202187 
     -0.08268834   0.000489445368 
    -0.082491463   0.000508422289 
    -0.082294586   0.000528132949 
    -0.082097709   0.000548577348 
    -0.081900832   0.000569350038 
    -0.081703955   0.000591364934 
    -0.081507078   0.000614300696 
    -0.081310201   0.000638157325 
    -0.081113324   0.000662934821 
    -0.080916447   0.000688633183 
     -0.08071957    0.00071474432 
    -0.080522693   0.000742414499 
    -0.080325816   0.000771240707 
    -0.080128939   0.000801222943 
    -0.079932062   0.000832361208 
    -0.079735185   0.000864655501 
    -0.079538308   0.000897469008 
    -0.079341431   0.000932239682 
    -0.079144554   0.000968461844 
    -0.078947677    0.00100613549 
      -0.0787508    0.00104526063 
    -0.078553923    0.00108583725 
    -0.078357046    0.00112706708 
    -0.078160169    0.00117075432 
    -0.077963292    0.00121626422 
    -0.077766415    0.00126359677 
    -0.077569538    0.00131275196 
    -0.077372661     0.0013637298 
    -0.077175784     0.0014155294 
    -0.076978907    0.00147041503 
     -0.07678203    0.00152758951 
    -0.076585153    0.00158705286 
    -0.076388276    0.00164880506 
    -0.076191399    0.00171284613 
    -0.075994522    0.00177792092 
    -0.075797645    0.00184687161 
    -0.075600768    0.00191869672 
    -0.075403891    0.00199339627 
    -0.075207014    0.00207097024 
    -0.075010137    0.00215141865 
     -0.07481326    0.00223316726 
    -0.074616383     0.0023197843 
    -0.074419506    0.00241001121 
    -0.074222629    0.00250384801 
    -0.074025752    0.00260129469 
    -0.073828875    0.00270235125 
    -0.073631998    0.00280504292 
    -0.073435121    0.00291385025 
    -0.073238244    0.00302719114 
    -0.073041367    0.00314506557 
     -0.07284449    0.00326747354 
    -0.072647613    0.00339441505 
    -0.072450736    0.00352341253 
    -0.072253859      0.003660093 
    -0.072056982    0.00380246704 
    -0.071860105    0.00395053463 
    -0.071663228    0.00410429578 
    -0.071466351    0.00426375049 
    -0.071269474    0.00442578987 
    -0.071072597    0.00459748191 
     -0.07087572    0.00477632431 
    -0.070678843    0.00496231707 
    -0.070481966     0.0051554602 
    -0.070285089    0.00535575369 
    -0.070088212    0.00555929603 
    -0.069891335    0.00577496626 
    -0.069694458    0.00599961634 
    -0.069497581    0.00623324627 
    -0.069300704    0.00647585605 
    -0.069103827    0.00672744569 
     -0.06890695    0.00698311835 
    -0.068710073    0.00725402957 
    -0.068513196    0.00753621809 
    -0.068316319     0.0078296839 
    -0.068119442      0.008134427 
    -0.067922565     0.0084504474 
    -0.067725688    0.00877159839 
    -0.067528811     0.0091118972 
    -0.067331934    0.00946635829 
    -0.067135057    0.00983498166 
     -0.06693818     0.0102177673 
    -0.066741303     0.0106147152 
    -0.066544426     0.0110181091 
    -0.066347549     0.0114455636 
    -0.066150672      0.011890803 
    -0.065953795     0.0123538273 
    -0.065756918     0.0128346364 
    -0.065560041     0.0133332305 
    -0.065363164     0.0138399218 
    -0.065166287     0.0143768477 
     -0.06496941     0.0149361071 
    -0.064772533     0.0155176999 
    -0.064575656     0.0161216261 
    -0.064378779     0.0167478859 
    -0.064181902     0.0173843154 
    -0.063985025     0.0180587382 
    -0.063788148     0.0187612052 
    -0.063591271     0.0194917163 
    -0.063394394     0.0202502716 
    -0.063197517      0.021036871 
     -0.06300064     0.0218362414 
    -0.062803763     0.0226833543 
    -0.062606886     0.0235656804 
    -0.062410009     0.0244832195 
    -0.062213132     0.0254359719 
    -0.062016255     0.0264239373 
    -0.061819378     0.0274279371 
    -0.061622501     0.0284919292 
    -0.061425624     0.0296001327 
    -0.061228747     0.0307525477 
     -0.06103187     0.0319491741 
    -0.060834993     0.0331900118 
    -0.060638116     0.0344509773 
    -0.060441239     0.0357873245 
    -0.060244362     0.0371791753 
    -0.060047485     0.0386265295 
    -0.059850608     0.0401293871 
    -0.059653731     0.0416877482 
    -0.059456854     0.0432713696 
    -0.059259977     0.0449497029 
      -0.0590631     0.0466977064 
    -0.058866223     0.0485153799 
    -0.058669346     0.0504027234 
    -0.058472469     0.0523597371 
    -0.058275592     0.0543484447 
    -0.058078715     0.0564561369 
    -0.057881838     0.0586512655 
    -0.057684961     0.0609338305 
    -0.057488084     0.0633038318 
    -0.057291207     0.0657612695 
     -0.05709433     0.0682584617 
    -0.056897453     0.0709051055 
    -0.056700576     0.0736614548 
    -0.056503699     0.0765275098 
    -0.056306822     0.0795032705 
    -0.056109945     0.0825887367 
    -0.055913068     0.0857240511 
    -0.055716191      0.089047037 
    -0.055519314     0.0925076227 
    -0.055322437     0.0961058083 
     -0.05512556     0.0998415938 
    -0.054928683      0.103714979 
    -0.054731806      0.107650843 
    -0.054534929      0.111822287 
    -0.054338052      0.116166238 
    -0.054141175      0.120682696 
    -0.053944298      0.125371661 
    -0.053747421      0.130233133 
    -0.053550544      0.135172876 
    -0.053353667      0.140408184 
     -0.05315679      0.145859627 
    -0.052959913      0.151527205 
    -0.052763036      0.157410916 
    -0.052566159      0.163510762 
    -0.052369282      0.169708604 
    -0.052172405      0.176277005 
    -0.051975528      0.183115972 
    -0.051778651      0.190225504 
    -0.051581774      0.197605601 
    -0.051384897      0.205256264 
     -0.05118802      0.213029528 
    -0.050991143      0.221266908 
    -0.050794266      0.229842603 
    -0.050597389      0.238756613 
    -0.050400512      0.248008938 
    -0.050203635      0.257599577 
    -0.050006758      0.267343458 
    -0.049809881      0.277667831 
    -0.049613004      0.288414574 
    -0.049416127      0.299583687 
     -0.04921925      0.311175169 
    -0.049022373       0.32318902 
    -0.048825496       0.33539419 
    -0.048628619      0.348324031 
    -0.048431742      0.361780065 
    -0.048234865      0.375762293 
    -0.048037988      0.390270716 
    -0.047841111      0.405305332 
    -0.047644234      0.420578468 
    -0.047447357      0.436753893 
     -0.04725048      0.453582986 
    -0.047053603      0.471065749 
    -0.046856726       0.48920218 
    -0.046659849      0.507992279 
    -0.046462972       0.52707922 
    -0.046266095      0.547285575 
    -0.046069218      0.568300824 
    -0.045872341      0.590124969 
    -0.045675464      0.612758008 
    -0.045478587      0.636199942 
     -0.04528171      0.660010493 
    -0.045084833      0.685203025 
    -0.044887956      0.711391345 
    -0.044691079      0.738575453 
    -0.044494202      0.766755348 
    -0.044297325      0.795931032 
    -0.044100448      0.825563174 
    -0.043903571      0.856890117 
    -0.043706694      0.889434385 
    -0.043509817      0.923195978 
     -0.04331294      0.958174896 
    -0.043116063       0.99437114 
    -0.042919186       1.03113047 
    -0.042722309       1.06994967 
    -0.042525432       1.11024317 
    -0.042328555       1.15201097 
    -0.042131678       1.19525308 
    -0.041934801       1.23996949 
    -0.041737924       1.28537649 
    -0.041541047       1.33325762 
     -0.04134417       1.38290219 
    -0.041147293       1.43431019 
    -0.040950416       1.48748164 
    -0.040753539       1.54241652 
    -0.040556662       1.59818893 
    -0.040359785       1.65688933 
    -0.040162908        1.7176645 
    -0.039966031       1.78051445 
    -0.039769154       1.84543918 
    -0.039572277       1.91243868 
      -0.0393754       1.98043047 
    -0.039178523       2.05182853 
    -0.038981646        2.1256153 
    -0.038784769       2.20179077 
    -0.038587892       2.28035494 
    -0.038391015       2.36130781 
    -0.038194138       2.44337036 
    -0.037997261       2.52933875 
    -0.037800384       2.61798087 
    -0.037603507       2.70929673 
     -0.03740663       2.80328632 
    -0.037209753       2.89994966 
    -0.037012876       2.99715719 
    -0.036815999       3.09936646 
    -0.036619122         3.204454 
    -0.036422245        3.3124198 
    -0.036225368       3.42326386 
    -0.036028491        3.5369862 
    -0.035831614       3.64904509 
    -0.035634737       3.76864303 
     -0.03543786        3.8910964 
    -0.035240983       4.01640522 
    -0.035044106       4.14456947 
    -0.034847229       4.27558917 
    -0.034650352       4.40224979 
    -0.034453475       4.53916797 
    -0.034256598       4.67887967 
    -0.034059721       4.82138491 
    -0.033862844       4.96668369 
    -0.033665967       5.11477599 
     -0.03346909       5.26933795 
    -0.033272213       5.42192264 
    -0.033075336       5.57702428 
    -0.032878459       5.72416144 
    -0.032681582       5.88581904 
    -0.032484705       6.05114573 
    -0.032287828       6.22747789 
    -0.032090951       6.39884495 
    -0.031894074       6.57280745 
    -0.031697197       6.75278557 
     -0.03150032       6.92876719 
    -0.031303443       7.10282895 
    -0.031106566       7.28785182 
    -0.030909689         7.470074 
    -0.030712812       7.65453143 
    -0.030515935       7.83926707 
    -0.030319058       8.02511211 
    -0.030122181       8.21158209 
    -0.029925304       8.39867795 
    -0.029728427       8.58671181 
     -0.02953155       8.77470268 
    -0.029334673       8.96286439 
    -0.029137796       9.15154012 
    -0.028940919       9.33957707 
    -0.028744042       9.52728592 
    -0.028547165       9.71499761 
    -0.028350288       9.90155781 
    -0.028153411        10.087333 
    -0.027956534       10.2725411 
    -0.027759657       10.4563036 
     -0.02756278       10.6390342 
    -0.027365903       10.8205322 
    -0.027169026       11.0009669 
    -0.026972149       11.1799953 
    -0.026775272       11.3579007 
    -0.026578395       11.5375813 
    -0.026381518       11.7040547 
    -0.026184641       11.8698895 
    -0.025987764       12.0324598 
    -0.025790887       12.1854917 
     -0.02559401       12.3446817 
    -0.025397133        12.503506 
    -0.025200256       12.6742898 
    -0.025003379       12.8304118 
    -0.024806502       12.9804975 
    -0.024609625       13.1355798 
    -0.024412748       13.2743511 
    -0.024215871       13.4080041 
    -0.024018994       13.5365389 
    -0.023822117       13.6599554 
     -0.02362524       13.7782537 
    -0.023428363       13.8329982 
    -0.023231486       13.9462538 
    -0.023034609       14.0574282 
    -0.022837732       14.1665216 
    -0.022640855       14.2735338 
    -0.022443978       14.3784649 
    -0.022247101       14.5091318 
    -0.022050224       14.6078239 
    -0.021853347       14.7030978 
     -0.02165647       14.7949534 
    -0.021459593       14.8833908 
    -0.021262716       14.9684099 
    -0.021065839        15.047458 
    -0.020868962       15.1254935 
    -0.020672085       15.2003618 
    -0.020475208        15.272063 
    -0.020278331       15.3405971 
    -0.020081454       15.4059641 
    -0.019884577       15.4696816 
      -0.0196877       15.5290791 
    -0.019490823       15.5857159 
    -0.019293946       15.6395921 
    -0.019097069       15.6907076 
    -0.018900192       15.7390624 
    -0.018703315       15.7843181 
    -0.018506438       15.8275173 
    -0.018309561       15.8683674 
    -0.018112684       15.9068686 
    -0.017915807       15.9430207 
     -0.01771893       15.9768238 
    -0.017522053       16.0076941 
    -0.017325176       16.0371856 
    -0.017128299       16.0647444 
    -0.016931422       16.0903706 
    -0.016734545       16.1140641 
    -0.016537668        16.135825 
    -0.016340791       16.1549936 
    -0.016143914       16.1732712 
    -0.015947037       16.1900105 
     -0.01575016       16.2052114 
    -0.015553283       16.2188739 
    -0.015356406       16.2309982 
    -0.015159529        16.240941 
    -0.014962652        16.250348 
    -0.014765775       16.2585726 
    -0.014568898       16.2656147 
    -0.014372021       16.2714744 
    -0.014175144       16.2761517 
    -0.013978267       16.2790684 
     -0.01378139       16.2817072 
    -0.013584513       16.2834737 
    -0.013387636       16.2843679 
    -0.013190759       16.2843899 
    -0.012993882       16.2835396 
    -0.012797005       16.2813212 
    -0.012600128       16.2790145 
    -0.012403251       16.2760986 
    -0.012206374       16.2725737 
    -0.012009497       16.2684396 
     -0.01181262       16.2636964 
    -0.011615743       16.2579321 
    -0.011418866       16.2522193 
    -0.011221989       16.2461159 
    -0.011025112       16.2396219 
    -0.010828235       16.2327373 
    -0.010631358       16.2254622 
    -0.010434481       16.2174619 
    -0.010237604       16.2096162 
    -0.010040727       16.2015582 
     -0.00984385        16.193288 
    -0.009646973       16.1848056 
    -0.009450096       16.1761109 
    -0.009253219       16.1669372 
    -0.009056342       16.1579936 
    -0.008859465       16.1489812 
    -0.008662588       16.1398998 
    -0.008465711       16.1307496 
    -0.008268834       16.1215305 
    -0.008071957       16.1120329 
     -0.00787508       16.1028203 
    -0.007678203       16.0936525 
    -0.007481326       16.0845293 
    -0.007284449       16.0754508 
    -0.007087572        16.066417 
    -0.006890695       16.0572657 
    -0.006693818       16.0484382 
    -0.006496941        16.039744 
    -0.006300064       16.0311832 
    -0.006103187       16.0227557 
     -0.00590631       16.0144617 
    -0.005709433       16.0061763 
    -0.005512556       15.9982417 
    -0.005315679       15.9905084 
    -0.005118802       15.9829763 
    -0.004921925       15.9756454 
    -0.004725048       15.9685158 
    -0.004528171       15.9614932 
    -0.004331294       15.9548379 
    -0.004134417       15.9484343 
     -0.00393754       15.9422826 
    -0.003740663       15.9363826 
    -0.003543786       15.9307343 
    -0.003346909       15.9252522 
    -0.003150032       15.9201607 
    -0.002953155       15.9153565 
    -0.002756278       15.9108394 
    -0.002559401       15.9066096 
    -0.002362524       15.9026669 
    -0.002165647       15.8979204 
     -0.00196877       15.8945667 
    -0.001771893       15.8915323 
    -0.001575016       15.8888174 
    -0.001378139       15.8864219 
    -0.001181262       15.8843457 
    -0.000984385       15.8823018 
    -0.000787508       15.8807616 
    -0.000590631       15.8795637 
    -0.000393754       15.8787081 
    -0.000196877       15.8781947 
               0       15.8780235 
     0.000196877       15.8781947 
     0.000393754       15.8787081 
     0.000590631       15.8795637 
     0.000787508       15.8807616 
     0.000984385       15.8823018 
     0.001181262       15.8843457 
     0.001378139       15.8864219 
     0.001575016       15.8888174 
     0.001771893       15.8915323 
      0.00196877       15.8945667 
     0.002165647       15.8979204 
     0.002362524       15.9026669 
     0.002559401       15.9066096 
     0.002756278       15.9108394 
     0.002953155       15.9153565 
     0.003150032       15.9201607 
     0.003346909       15.9252522 
     0.003543786       15.9307343 
     0.003740663       15.9363826 
      0.00393754       15.9422826 
     0.004134417       15.9484343 
     0.004331294       15.9548379 
     0.004528171       15.9614932 
     0.004725048       15.9685158 
     0.004921925       15.9756454 
     0.005118802       15.9829763 
     0.005315679       15.9905084 
     0.005512556       15.9982417 
     0.005709433       16.0061763 
      0.00590631       16.0144617 
     0.006103187       16.0227557 
     0.006300064       16.0311832 
     0.006496941        16.039744 
     0.006693818       16.0484382 
     0.006890695       16.0572657 
     0.007087572        16.066417 
     0.007284449       16.0754508 
     0.007481326       16.0845293 
     0.007678203       16.0936525 
      0.00787508       16.1028203 
     0.008071957       16.1120329 
     0.008268834       16.1215305 
     0.008465711       16.1307496 
     0.008662588       16.1398998 
     0.008859465       16.1489812 
     0.009056342       16.1579936 
     0.009253219       16.1669372 
     0.009450096       16.1761109 
     0.009646973       16.1848056 
      0.00984385        16.193288 
     0.010040727       16.2015582 
     0.010237604       16.2096162 
     0.010434481       16.2174619 
     0.010631358       16.2254622 
     0.010828235       16.2327373 
     0.011025112       16.2396219 
     0.011221989       16.2461159 
     0.011418866       16.2522193 
     0.011615743       16.2579321 
      0.01181262       16.2636964 
     0.012009497       16.2684396 
     0.012206374       16.2725737 
     0.012403251       16.2760986 
     0.012600128       16.2790145 
     0.012797005       16.2813212 
     0.012993882       16.2835396 
     0.013190759       16.2843899 
     0.013387636       16.2843679 
     0.013584513       16.2834737 
      0.01378139       16.2817072 
     0.013978267       16.2790684 
     0.014175144       16.2761517 
     0.014372021       16.2714744 
     0.014568898       16.2656147 
     0.014765775       16.2585726 
     0.014962652        16.250348 
     0.015159529        16.240941 
     0.015356406       16.2309982 
     0.015553283       16.2188739 
      0.01575016       16.2052114 
     0.015947037       16.1900105 
     0.016143914       16.1732712 
     0.016340791       16.1549936 
     0.016537668        16.135825 
     0.016734545       16.1140641 
     0.016931422       16.0903706 
     0.017128299       16.0647444 
     0.017325176       16.0371856 
     0.017522053       16.0076941 
      0.01771893       15.9768238 
     0.017915807       15.9430207 
     0.018112684       15.9068686 
     0.018309561       15.8683674 
     0.018506438       15.8275173 
     0.018703315       15.7843181 
     0.018900192       15.7390624 
     0.019097069       15.6907076 
     0.019293946       15.6395921 
     0.019490823       15.5857159 
       0.0196877       15.5290791 
     0.019884577       15.4696816 
     0.020081454       15.4059641 
     0.020278331       15.3405971 
     0.020475208        15.272063 
     0.020672085       15.2003618 
     0.020868962       15.1254935 
     0.021065839        15.047458 
     0.021262716       14.9684099 
     0.021459593       14.8833908 
      0.02165647       14.7949534 
     0.021853347       14.7030978 
     0.022050224       14.6078239 
     0.022247101       14.5091318 
     0.022443978       14.3784649 
     0.022640855       14.2735338 
     0.022837732       14.1665216 
     0.023034609       14.0574282 
     0.023231486       13.9462538 
     0.023428363       13.8329982 
      0.02362524       13.7782537 
     0.023822117       13.6599554 
     0.024018994       13.5365389 
     0.024215871       13.4080041 
     0.024412748       13.2743511 
     0.024609625       13.1355798 
     0.024806502       12.9804975 
     0.025003379       12.8304118 
     0.025200256       12.6742898 
     0.025397133        12.503506 
      0.02559401       12.3446817 
     0.025790887       12.1854917 
     0.025987764       12.0324598 
     0.026184641       11.8698895 
     0.026381518       11.7040547 
     0.026578395       11.5375813 
     0.026775272       11.3579007 
     0.026972149       11.1799953 
     0.027169026       11.0009669 
     0.027365903       10.8205322 
      0.02756278       10.6390342 
     0.027759657       10.4563036 
     0.027956534       10.2725411 
     0.028153411        10.087333 
     0.028350288       9.90155781 
     0.028547165       9.71499761 
     0.028744042       9.52728592 
     0.028940919       9.33957707 
     0.029137796       9.15154012 
     0.029334673       8.96286439 
      0.02953155       8.77470268 
     0.029728427       8.58671181 
     0.029925304       8.39867795 
     0.030122181       8.21158209 
     0.030319058       8.02511211 
     0.030515935       7.83926707 
     0.030712812       7.65453143 
     0.030909689         7.470074 
     0.031106566       7.28785182 
     0.031303443       7.10282895 
      0.03150032       6.92876719 
     0.031697197       6.75278557 
     0.031894074       6.57280745 
     0.032090951       6.39884495 
     0.032287828       6.22747789 
     0.032484705       6.05114573 
     0.032681582       5.88581904 
     0.032878459       5.72416144 
     0.033075336       5.57702428 
     0.033272213       5.42192264 
      0.03346909       5.26933795 
     0.033665967       5.11477599 
     0.033862844       4.96668369 
     0.034059721       4.82138491 
     0.034256598       4.67887967 
     0.034453475       4.53916797 
     0.034650352       4.40224979 
     0.034847229       4.27558917 
     0.035044106       4.14456947 
     0.035240983       4.01640522 
      0.03543786        3.8910964 
     0.035634737       3.76864303 
     0.035831614       3.64904509 
     0.036028491        3.5369862 
     0.036225368       3.42326386 
     0.036422245        3.3124198 
     0.036619122         3.204454 
     0.036815999       3.09936646 
     0.037012876       2.99715719 
     0.037209753       2.89994966 
      0.03740663       2.80328632 
     0.037603507       2.70929673 
     0.037800384       2.61798087 
     0.037997261       2.52933875 
     0.038194138       2.44337036 
     0.038391015       2.36130781 
     0.038587892       2.28035494 
     0.038784769       2.20179077 
     0.038981646        2.1256153 
     0.039178523       2.05182853 
       0.0393754       1.98043047 
     0.039572277       1.91243868 
     0.039769154       1.84543918 
     0.039966031       1.78051445 
     0.040162908        1.7176645 
     0.040359785       1.65688933 
     0.040556662       1.59818893 
     0.040753539       1.54241652 
     0.040950416       1.48748164 
     0.041147293       1.43431019 
      0.04134417       1.38290219 
     0.041541047       1.33325762 
     0.041737924       1.28537649 
     0.041934801       1.23996949 
     0.042131678       1.19525308 
     0.042328555       1.15201097 
     0.042525432       1.11024317 
     0.042722309       1.06994967 
     0.042919186       1.03113047 
     0.043116063       0.99437114 
      0.04331294      0.958174896 
     0.043509817      0.923195978 
     0.043706694      0.889434385 
     0.043903571      0.856890117 
     0.044100448      0.825563174 
     0.044297325      0.795931032 
     0.044494202      0.766755348 
     0.044691079      0.738575453 
     0.044887956      0.711391345 
     0.045084833      0.685203025 
      0.04528171      0.660010493 
     0.045478587      0.636199942 
     0.045675464      0.612758008 
     0.045872341      0.590124969 
     0.046069218      0.568300824 
     0.046266095      0.547285575 
     0.046462972       0.52707922 
     0.046659849      0.507992279 
     0.046856726       0.48920218 
     0.047053603      0.471065749 
      0.04725048      0.453582986 
     0.047447357      0.436753893 
     0.047644234      0.420578468 
     0.047841111      0.405305332 
     0.048037988      0.390270716 
     0.048234865      0.375762293 
     0.048431742      0.361780065 
     0.048628619      0.348324031 
     0.048825496       0.33539419 
     0.049022373       0.32318902 
      0.04921925      0.311175169 
     0.049416127      0.299583687 
     0.049613004      0.288414574 
     0.049809881      0.277667831 
     0.050006758      0.267343458 
     0.050203635      0.257599577 
     0.050400512      0.248008938 
     0.050597389      0.238756613 
     0.050794266      0.229842603 
     0.050991143      0.221266908 
      0.05118802      0.213029528 
     0.051384897      0.205256264 
     0.051581774      0.197605601 
     0.051778651      0.190225504 
     0.051975528      0.183115972 
     0.052172405      0.176277005 
     0.052369282      0.169708604 
     0.052566159      0.163510762 
     0.052763036      0.157410916 
     0.052959913      0.151527205 
      0.05315679      0.145859627 
     0.053353667      0.140408184 
     0.053550544      0.135172876 
     0.053747421      0.130233133 
     0.053944298      0.125371661 
     0.054141175      0.120682696 
     0.054338052      0.116166238 
     0.054534929      0.111822287 
     0.054731806      0.107650843 
     0.054928683      0.103714979 
      0.05512556     0.0998415938 
     0.055322437     0.0961058083 
     0.055519314     0.0925076227 
     0.055716191      0.089047037 
     0.055913068     0.0857240511 
     0.056109945     0.0825887367 
     0.056306822     0.0795032705 
     0.056503699     0.0765275098 
     0.056700576     0.0736614548 
     0.056897453     0.0709051055 
      0.05709433     0.0682584617 
     0.057291207     0.0657612695 
     0.057488084     0.0633038318 
     0.057684961     0.0609338305 
     0.057881838     0.0586512655 
     0.058078715     0.0564561369 
     0.058275592     0.0543484447 
     0.058472469     0.0523597371 
     0.058669346     0.0504027234 
     0.058866223     0.0485153799 
       0.0590631     0.0466977064 
     0.059259977     0.0449497029 
     0.059456854     0.0432713696 
     0.059653731     0.0416877482 
     0.059850608     0.0401293871 
     0.060047485     0.0386265295 
     0.060244362     0.0371791753 
     0.060441239     0.0357873245 
     0.060638116     0.0344509773 
     0.060834993     0.0331900118 
      0.06103187     0.0319491741 
     0.061228747     0.0307525477 
     0.061425624     0.0296001327 
     0.061622501     0.0284919292 
     0.061819378     0.0274279371 
     0.062016255     0.0264239373 
     0.062213132     0.0254359719 
     0.062410009     0.0244832195 
     0.062606886     0.0235656804 
     0.062803763     0.0226833543 
      0.06300064     0.0218362414 
     0.063197517      0.021036871 
     0.063394394     0.0202502716 
     0.063591271     0.0194917163 
     0.063788148     0.0187612052 
     0.063985025     0.0180587382 
     0.064181902     0.0173843154 
     0.064378779     0.0167478859 
     0.064575656     0.0161216261 
     0.064772533     0.0155176999 
      0.06496941     0.0149361071 
     0.065166287     0.0143768477 
     0.065363164     0.0138399218 
     0.065560041     0.0133332305 
     0.065756918     0.0128346364 
     0.065953795     0.0123538273 
     0.066150672      0.011890803 
     0.066347549     0.0114455636 
     0.066544426     0.0110181091 
     0.066741303     0.0106147152 
      0.06693818     0.0102177673 
     0.067135057    0.00983498166 
     0.067331934    0.00946635829 
     0.067528811     0.0091118972 
     0.067725688    0.00877159839 
     0.067922565     0.0084504474 
     0.068119442      0.008134427 
     0.068316319     0.0078296839 
     0.068513196    0.00753621809 
     0.068710073    0.00725402957 
      0.06890695    0.00698311835 
     0.069103827    0.00672744569 
     0.069300704    0.00647585605 
     0.069497581    0.00623324627 
     0.069694458    0.00599961634 
     0.069891335    0.00577496626 
     0.070088212    0.00555929603 
     0.070285089    0.00535575369 
     0.070481966     0.0051554602 
     0.070678843    0.00496231707 
      0.07087572    0.00477632431 
     0.071072597    0.00459748191 
     0.071269474    0.00442578987 
     0.071466351    0.00426375049 
     0.071663228    0.00410429578 
     0.071860105    0.00395053463 
     0.072056982    0.00380246704 
     0.072253859      0.003660093 
     0.072450736    0.00352341253 
     0.072647613    0.00339441505 
      0.07284449    0.00326747354 
     0.073041367    0.00314506557 
     0.073238244    0.00302719114 
     0.073435121    0.00291385025 
     0.073631998    0.00280504292 
     0.073828875    0.00270235125 
     0.074025752    0.00260129469 
     0.074222629    0.00250384801 
     0.074419506    0.00241001121 
     0.074616383     0.0023197843 
      0.07481326    0.00223316726 
     0.075010137    0.00215141865 
     0.075207014    0.00207097024 
     0.075403891    0.00199339627 
     0.075600768    0.00191869672 
     0.075797645    0.00184687161 
     0.075994522    0.00177792092 
     0.076191399    0.00171284613 
     0.076388276    0.00164880506 
     0.076585153    0.00158705286 
      0.07678203    0.00152758951 
     0.076978907    0.00147041503 
     0.077175784     0.0014155294 
     0.077372661     0.0013637298 
     0.077569538    0.00131275196 
     0.077766415    0.00126359677 
     0.077963292    0.00121626422 
     0.078160169    0.00117075432 
     0.078357046    0.00112706708 
     0.078553923    0.00108583725 
       0.0787508    0.00104526063 
     0.078947677    0.00100613549 
     0.079144554   0.000968461844 
     0.079341431   0.000932239682 
     0.079538308   0.000897469008 
     0.079735185   0.000864655501 
     0.079932062   0.000832361208 
     0.080128939   0.000801222943 
     0.080325816   0.000771240707 
     0.080522693   0.000742414499 
      0.08071957    0.00071474432 
     0.080916447   0.000688633183 
     0.081113324   0.000662934821 
     0.081310201   0.000638157325 
     0.081507078   0.000614300696 
     0.081703955   0.000591364934 
     0.081900832   0.000569350038 
     0.082097709   0.000548577348 
     0.082294586   0.000528132949 
     0.082491463   0.000508422289 
      0.08268834   0.000489445368 
     0.082885217   0.000471202187 
     0.083082094   0.000453692746 
     0.083278971   0.000437173387 
     0.083475848   0.000420915339 
     0.083672725   0.000405242181 
     0.083869602   0.000390153914 
     0.084066479   0.000375650538 
     0.084263356   0.000361732051 
     0.084460233   0.000348603047 
      0.08465711    0.00033568235 
     0.084853987    0.00032322821 
     0.085050864   0.000311240627 
     0.085247741     0.0002997196 
     0.085444618   0.000288665131 
     0.085641495    0.00027824059 
     0.085838372   0.000267982521 
     0.086035249   0.000258097019 
     0.086232126   0.000248584084 
     0.086429003   0.000239443717 
      0.08662588   0.000230675917 
     0.086822757    0.00022241122 
     0.087019634   0.000214280095 
     0.087216511   0.000206446991 
     0.087413388   0.000198911907 
     0.087610265   0.000191674844 
     0.087807142   0.000184735801 
     0.088004019   0.000178199173 
     0.088200896   0.000171770377 
     0.088397773   0.000165580609 
      0.08859465   0.000159629869 
     0.088791527   0.000153918157 
     0.088988404   0.000148445472 
     0.089185281   0.000143295464 
     0.089382158   0.000138233272 
     0.089579035   0.000133363591 
     0.089775912    0.00012868642 
     0.089972789    0.00012420176 
     0.090169666    0.00011990961 
     0.090366543   0.000115877346 
      0.09056342   0.000111917384 
     0.090760297   0.000108113461 
     0.090957174   0.000104465579 
     0.091154051   0.000100973737 
     0.091350928   9.76379351e-05 
     0.091547805   9.45132756e-05 
     0.091744682   9.14486983e-05 
     0.091941559   8.85118284e-05 
     0.092138436    8.5702666e-05 
     0.092335313   8.30212109e-05 
      0.09253219   8.04674633e-05 
     0.092729067   7.80887831e-05 
     0.092925944   7.57594449e-05 
     0.093122821   7.35361203e-05 
     0.093319698   7.14188093e-05 
     0.093516575   6.94075121e-05 
     0.093713452   6.75022285e-05 
     0.093910329   6.57490716e-05 
     0.094107206   6.40330591e-05 
     0.094304083   6.24067395e-05 
      0.09450096   6.08701128e-05 
     0.094697837   5.94231791e-05 
     0.094894714   5.80659382e-05 
     0.095091591   5.70629821e-05 
     0.095288468   5.58808945e-05 
     0.095485345   5.47704485e-05 
     0.095682222   5.37316442e-05 
     0.095879099   5.27644816e-05 
     0.096075976   5.18689606e-05 
     0.096272853   5.08526468e-05 
      0.09646973   5.00995898e-05 
     0.096666607   4.94182526e-05 
     0.096863484   4.88086351e-05 
     0.097060361   4.82707372e-05 
     0.097257238   4.78045591e-05 
     0.097454115   4.72875822e-05 
     0.097650992   4.69462086e-05 
     0.097847869   4.66806958e-05 
     0.098044746   4.64910437e-05 
     0.098241623   4.63772525e-05 
       0.0984385   4.63393221e-05 
