        -0.10806    1.4538848e-05 
     -0.10784388   1.45531676e-05 
     -0.10762776   1.45961264e-05 
     -0.10741164   1.46677244e-05 
     -0.10719552   1.47679615e-05 
      -0.1069794   1.48968379e-05 
     -0.10676328   1.50798854e-05 
     -0.10654716   1.52559633e-05 
     -0.10633104   1.54591301e-05 
     -0.10611492   1.56893859e-05 
      -0.1058988   1.59467305e-05 
     -0.10568268   1.62898687e-05 
     -0.10546656   1.66010326e-05 
     -0.10525044   1.69392543e-05 
     -0.10503432   1.73045337e-05 
      -0.1048182   1.76968708e-05 
     -0.10460208   1.81162657e-05 
     -0.10438596   1.84927287e-05 
     -0.10416984   1.89820076e-05 
     -0.10395372   1.95050836e-05 
      -0.1037376   2.00619566e-05 
     -0.10352148   2.06526267e-05 
     -0.10330536    2.1261427e-05 
     -0.10308924   2.19248884e-05 
     -0.10287312   2.26282373e-05 
       -0.102657   2.33714734e-05 
     -0.10244088    2.4154597e-05 
     -0.10222476   2.49776079e-05 
     -0.10200864   2.58264761e-05 
     -0.10179252   2.67404741e-05 
      -0.1015764   2.77024479e-05 
     -0.10136028   2.87123975e-05 
     -0.10114416   2.97703229e-05 
     -0.10092804   3.08567704e-05 
     -0.10071192   3.20205596e-05 
      -0.1004958   3.32428787e-05 
     -0.10027968   3.45237278e-05 
     -0.10006356   3.58631068e-05 
     -0.09984744   3.72610158e-05 
     -0.09963132   3.86989073e-05 
      -0.0994152   4.02342018e-05 
     -0.09919908   4.18415982e-05 
     -0.09898296   4.35210967e-05 
     -0.09876684   4.52726972e-05 
     -0.09855072   4.70675149e-05 
      -0.0983346   4.89816269e-05 
     -0.09811848   5.09851335e-05 
     -0.09790236   5.30780347e-05 
     -0.09768624   5.52603303e-05 
     -0.09747012   5.74926587e-05 
       -0.097254   5.98673567e-05 
     -0.09703788    6.2353355e-05 
     -0.09682176   6.49506535e-05 
     -0.09660564   6.76592524e-05 
     -0.09638952   7.04791515e-05 
      -0.0961734   7.33673691e-05 
     -0.09595728   7.64426431e-05 
     -0.09574116   7.96568665e-05 
     -0.09552504   8.30100393e-05 
     -0.09530892   8.65021616e-05 
      -0.0950928   9.00723982e-05 
     -0.09487668   9.38685385e-05 
     -0.09466056   9.78384467e-05 
     -0.09444444   0.000101982123 
     -0.09422832   0.000106299567 
      -0.0940122   0.000110790779 
     -0.09379608   0.000115392829 
     -0.09357996    0.00012028918 
     -0.09336384   0.000125403082 
     -0.09314772   0.000130734536 
      -0.0929316   0.000136283541 
     -0.09271548   0.000141957132 
     -0.09249936   0.000147989736 
     -0.09228324   0.000154294898 
     -0.09206712   0.000160872617 
       -0.091851   0.000167722894 
     -0.09163488   0.000174845729 
     -0.09141876   0.000182150811 
     -0.09120264   0.000189918775 
     -0.09098652   0.000198028361 
      -0.0907704    0.00020647957 
     -0.09055428   0.000215272401 
     -0.09033816   0.000224266472 
     -0.09012204    0.00023383053 
     -0.08990592   0.000243822895 
      -0.0896898   0.000254243567 
     -0.08947368   0.000265092546 
     -0.08925756   0.000276180088 
     -0.08904144   0.000287949001 
     -0.08882532   0.000300254994 
      -0.0886092   0.000313098069 
     -0.08839308   0.000326478224 
     -0.08817696    0.00034039546 
     -0.08796084   0.000354640552 
     -0.08774472   0.000369788828 
      -0.0875286   0.000385610656 
     -0.08731248   0.000402106036 
     -0.08709636   0.000419274966 
     -0.08688024   0.000436823443 
     -0.08666412   0.000455462263 
       -0.086448   0.000474945838 
     -0.08623188   0.000495274167 
     -0.08601576    0.00051644725 
     -0.08579964   0.000538465086 
     -0.08558352   0.000561020577 
      -0.0853674   0.000585003903 
     -0.08515128   0.000610046745 
     -0.08493516   0.000636149102 
     -0.08471904   0.000663310974 
     -0.08450292   0.000691081556 
      -0.0842868   0.000720592273 
     -0.08407068   0.000751431897 
     -0.08385456   0.000783600425 
     -0.08363844   0.000817097859 
     -0.08342232   0.000851924198 
      -0.0832062   0.000887637004 
     -0.08299008   0.000925601412 
     -0.08277396   0.000965232632 
     -0.08255784    0.00100653066 
     -0.08234172    0.00104949551 
      -0.0821256    0.00109344386 
     -0.08190948    0.00114016175 
     -0.08169336     0.0011889703 
     -0.08147724    0.00123986949 
     -0.08126112    0.00129285934 
       -0.081045    0.00134702073 
     -0.08082888    0.00140448854 
     -0.08061276    0.00146457861 
     -0.08039664    0.00152729096 
     -0.08018052    0.00159262557 
      -0.0799644    0.00166058246 
     -0.07974828    0.00173013935 
     -0.07953216    0.00180409196 
     -0.07931604    0.00188133364 
     -0.07909992    0.00196186439 
      -0.0788838    0.00204568421 
     -0.07866768    0.00213136349 
     -0.07845156    0.00222234284 
     -0.07823544    0.00231744761 
     -0.07801932     0.0024166778 
      -0.0778032    0.00252003339 
     -0.07758708     0.0026275144 
     -0.07737096    0.00273761456 
     -0.07715484    0.00285467217 
     -0.07693872    0.00297690417 
      -0.0767226    0.00310431057 
     -0.07650648    0.00323689137 
     -0.07629036    0.00337244703 
     -0.07607424    0.00351647209 
     -0.07585812    0.00366698722 
       -0.075642    0.00382399241 
     -0.07542588    0.00398748768 
     -0.07520976    0.00415747301 
     -0.07499364    0.00433176949 
     -0.07477752    0.00451704755 
      -0.0745614    0.00471046583 
     -0.07434528    0.00491202431 
     -0.07412916    0.00512172299 
     -0.07391304    0.00533621742 
     -0.07369692    0.00556420473 
      -0.0734808    0.00580240182 
     -0.07326468     0.0060508087 
     -0.07304856    0.00630942537 
     -0.07283244    0.00657377214 
     -0.07261632    0.00685420815 
      -0.0724002    0.00714744953 
     -0.07218408    0.00745349627 
     -0.07196796    0.00777234838 
     -0.07175184    0.00810400585 
     -0.07153572    0.00844344959 
      -0.0713196    0.00880432542 
     -0.07110348    0.00918126177 
     -0.07088736    0.00957425862 
     -0.07067124    0.00998331599 
     -0.07045512     0.0104014468 
       -0.070239     0.0108453901 
     -0.07002288      0.011309476 
     -0.06980676     0.0117937046 
     -0.06959064     0.0122980759 
     -0.06937452     0.0128225898 
      -0.0691584     0.0133598266 
     -0.06894228      0.013931006 
     -0.06872616     0.0145274469 
     -0.06851004     0.0151491493 
     -0.06829392     0.0157961133 
      -0.0680778     0.0164575609 
     -0.06786168     0.0171602824 
     -0.06764556     0.0178946838 
     -0.06742944     0.0186607651 
     -0.06721332     0.0194585263 
      -0.0669972     0.0202879675 
     -0.06678108     0.0211383148 
     -0.06656496     0.0220422585 
     -0.06634884      0.022985929 
     -0.06613272     0.0239693263 
      -0.0659166     0.0249924505 
     -0.06570048     0.0260388719 
     -0.06548436     0.0271510721 
     -0.06526824     0.0283130861 
     -0.06505212      0.029524914 
       -0.064836     0.0307865556 
     -0.06461988     0.0320760964 
     -0.06440376     0.0334439801 
     -0.06418764     0.0348743193 
     -0.06397152      0.036367114 
      -0.0637554     0.0379223643 
     -0.06353928       0.03954007 
     -0.06332316     0.0411955113 
     -0.06310704     0.0429554327 
     -0.06289092     0.0447936486 
      -0.0626748     0.0467101588 
     -0.06245868     0.0487049634 
     -0.06224256      0.050743819 
     -0.06202644     0.0529083431 
     -0.06181032     0.0551709985 
      -0.0615942     0.0575317853 
     -0.06137808     0.0599907035 
     -0.06116196     0.0625477529 
     -0.06094584     0.0651662901 
     -0.06072972     0.0679501794 
      -0.0605136     0.0708570312 
     -0.06029748     0.0738868456 
     -0.06008136     0.0770396227 
     -0.05986524     0.0802624761 
     -0.05964912     0.0836860562 
       -0.059433     0.0872636599 
     -0.05921688      0.090995287 
     -0.05900076     0.0948809376 
     -0.05878464     0.0989206117 
     -0.05856852      0.103060939 
      -0.0583524      0.107461861 
     -0.05813628      0.112055622 
     -0.05792016      0.116842223 
     -0.05770404      0.121821663 
     -0.05748792      0.126913308 
      -0.0572718      0.132323982 
     -0.05705568      0.137975939 
     -0.05683956       0.14386918 
     -0.05662344      0.150003704 
     -0.05640732      0.156272628 
      -0.0561912      0.162920517 
     -0.05597508      0.169870041 
     -0.05575896      0.177121201 
     -0.05554284      0.184673998 
     -0.05532672       0.19252843 
      -0.0551106      0.200563372 
     -0.05489448      0.209102116 
     -0.05467836      0.218017503 
     -0.05446224      0.227309534 
     -0.05424612      0.236978208 
        -0.05403      0.246857414 
     -0.05381388      0.257339845 
     -0.05359776      0.268291833 
     -0.05338164       0.27971338 
     -0.05316552      0.291604484 
      -0.0529494      0.303965146 
     -0.05273328      0.316616673 
     -0.05251716      0.330056419 
     -0.05230104      0.344080306 
     -0.05208492      0.358688333 
      -0.0518688      0.373880501 
     -0.05165268      0.389403424 
     -0.05143656      0.405875207 
     -0.05122044      0.423071575 
     -0.05100432      0.440992527 
      -0.0507882      0.459638064 
     -0.05057208      0.479008185 
     -0.05035596      0.498845197 
     -0.05013984      0.519897425 
     -0.04992372       0.54184495 
      -0.0497076      0.564687771 
     -0.04949148      0.588425888 
     -0.04927536      0.612682559 
     -0.04905924      0.638403511 
     -0.04884312      0.665224902 
       -0.048627      0.693146733 
     -0.04841088      0.722169003 
     -0.04819476      0.751806627 
     -0.04797864      0.783153744 
     -0.04776252      0.815843971 
      -0.0475464      0.849877307 
     -0.04733028      0.885253753 
     -0.04711416      0.921973308 
     -0.04689804      0.959496244 
     -0.04668192      0.999207092 
      -0.0464658       1.04054191 
     -0.04624968       1.08350069 
     -0.04603356       1.12808345 
     -0.04581744       1.17359058 
     -0.04560132       1.22163059 
      -0.0453852       1.27160979 
     -0.04516908       1.32352819 
     -0.04495296       1.37738578 
     -0.04473684       1.43318256 
     -0.04452072       1.49018156 
      -0.0443046       1.55027839 
     -0.04408848       1.61265288 
     -0.04387236       1.67730502 
     -0.04365624       1.74423481 
     -0.04344012       1.81248976 
       -0.043224       1.88425873 
     -0.04300788       1.95864544 
     -0.04279176       2.03564987 
     -0.04257564       2.11527204 
     -0.04235952       2.19751193 
      -0.0421434        2.2813559 
     -0.04192728       2.36927309 
     -0.04171116       2.46011529 
     -0.04149504       2.55388249 
     -0.04127892        2.6505747 
      -0.0410628       2.74832051 
     -0.04084668       2.85110909 
     -0.04063056       2.95704134 
     -0.04041444       3.06611727 
     -0.04019832       3.17833687 
      -0.0399822       3.28962478 
     -0.03976608       3.40825211 
     -0.03954996       3.52999541 
     -0.03933384       3.65485468 
     -0.03911772       3.78282992 
      -0.0389016       3.91392112 
     -0.03868548       4.04154297 
     -0.03846936       4.17902705 
     -0.03825324       4.31955701 
     -0.03803712       4.46313287 
       -0.037821       4.60975462 
     -0.03760488       4.76310235 
     -0.03738876       4.91468229 
     -0.03717264       5.06897417 
     -0.03695652       5.21648598 
      -0.0367404       5.37798844 
     -0.03652428        5.5434744 
     -0.03630816       5.71909966 
     -0.03609204       5.89071346 
     -0.03587592       6.06513776 
      -0.0356598       6.24340569 
     -0.03544368       6.41614882 
     -0.03522756       6.59923538 
     -0.03501144       6.78015391 
     -0.03479532       6.96328583 
      -0.0345792         7.146834 
     -0.03436308       7.33123986 
     -0.03414696       7.51677415 
     -0.03393084       7.70262914 
     -0.03371472       7.88888417 
      -0.0334986       8.07578945 
     -0.03328248       8.26228148 
     -0.03306636       8.44857389 
     -0.03285024       8.63445585 
     -0.03263412       8.82018161 
       -0.032418       9.00463308 
     -0.03220188       9.18810901 
     -0.03198576       9.37047163 
     -0.03176964       9.55174998 
     -0.03155352       9.73143437 
      -0.0313374       9.90989837 
     -0.03112128       10.0867124 
     -0.03090516       10.2622147 
     -0.03068904       10.4389842 
     -0.03047292       10.6028611 
      -0.0302568       10.7654818 
     -0.03004068       10.9244643 
     -0.02982456       11.0751433 
     -0.02960844       11.2312282 
     -0.02939232       11.3868175 
      -0.0291762         11.55292 
     -0.02896008       11.7013481 
     -0.02874396       11.8430156 
     -0.02852784       11.9875089 
     -0.02831172        12.117336 
      -0.0280956       12.2415381 
     -0.02787948        12.360115 
     -0.02766336       12.4730669 
     -0.02744724       12.5280035 
     -0.02723112       12.6359576 
       -0.027015       12.7415294 
     -0.02679888       12.8447188 
     -0.02658276       12.9455259 
     -0.02636664       13.0439506 
     -0.02615052       13.1644045 
      -0.0259344          13.2549 
     -0.02571828       13.3415807 
     -0.02550216       13.4244467 
     -0.02528604       13.5034979 
     -0.02506992       13.5762382 
      -0.0248538       13.6475902 
     -0.02463768       13.7154189 
     -0.02442156       13.7797245 
     -0.02420544       13.8405068 
     -0.02398932       13.8977659 
      -0.0237732       13.9529732 
     -0.02355708       14.0038537 
     -0.02334096       14.0516746 
     -0.02312484       14.0964358 
     -0.02290872       14.1381374 
      -0.0226926       14.1763466 
     -0.02247648       14.2123282 
     -0.02226036       14.2457189 
     -0.02204424       14.2765186 
     -0.02182812       14.3047274 
       -0.021612       14.3303452 
     -0.02139588       14.3528373 
     -0.02117976       14.3738885 
     -0.02096364       14.3928194 
     -0.02074752       14.4096301 
      -0.0205314       14.4243206 
     -0.02031528       14.4361585 
     -0.02009916       14.4469465 
     -0.01988304       14.4560567 
     -0.01966692       14.4634892 
      -0.0194508        14.469244 
     -0.01923468        14.473321 
     -0.01901856       14.4751055 
     -0.01880244       14.4763112 
     -0.01858632       14.4762358 
      -0.0183702       14.4748793 
     -0.01815408       14.4722416 
     -0.01793796       14.4676859 
     -0.01772184       14.4627188 
     -0.01750572       14.4568136 
      -0.0172896       14.4499705 
     -0.01707348       14.4421894 
     -0.01685736       14.4334704 
     -0.01664124       14.4233207 
     -0.01642512       14.4130542 
       -0.016209       14.4021387 
     -0.01599288       14.3905744 
     -0.01577676       14.3783612 
     -0.01556064       14.3650401 
     -0.01534452       14.3516709 
      -0.0151284       14.3378912 
     -0.01491228        14.323701 
     -0.01469616       14.3091004 
     -0.01448004       14.2940894 
     -0.01426392       14.2783211 
      -0.0140478       14.2626929 
     -0.01383168       14.2468476 
     -0.01361556       14.2307853 
     -0.01339944        14.214506 
     -0.01318332       14.1980096 
      -0.0129672       14.1810722 
     -0.01275108       14.1643759 
     -0.01253496       14.1476172 
     -0.01231884       14.1307963 
     -0.01210272       14.1139131 
      -0.0118866       14.0967397 
     -0.01167048        14.079851 
     -0.01145436       14.0630223 
     -0.01123824       14.0462539 
     -0.01102212       14.0295455 
       -0.010806       14.0128973 
     -0.01058988       13.9961604 
     -0.01037376       13.9797697 
     -0.01015764        13.963535 
     -0.00994152       13.9474563 
      -0.0097254       13.9315336 
     -0.00950928       13.9156236 
     -0.00929316       13.9000793 
     -0.00907704       13.8847652 
     -0.00886092       13.8696815 
      -0.0086448       13.8548282 
     -0.00842868       13.8402051 
     -0.00821256       13.8257174 
     -0.00799644       13.8116324 
     -0.00778032       13.7978348 
      -0.0075642       13.7843247 
     -0.00734808       13.7711021 
     -0.00713196       13.7580791 
     -0.00691584       13.7454668 
     -0.00669972       13.7331854 
      -0.0064836       13.7212349 
     -0.00626748       13.7096152 
     -0.00605136       13.6983264 
     -0.00583524       13.6873074 
     -0.00561912        13.676722 
       -0.005403          13.6665 
     -0.00518688       13.6566414 
     -0.00497076       13.6471461 
     -0.00475464       13.6379583 
     -0.00453852       13.6292077 
      -0.0043224       13.6208444 
     -0.00410628       13.6128683 
     -0.00389016       13.6052794 
     -0.00367404       13.5980778 
     -0.00345792       13.5912026 
      -0.0032418        13.584796 
     -0.00302568       13.5787929 
     -0.00280956       13.5731934 
     -0.00259344       13.5679973 
     -0.00237732       13.5621944 
      -0.0021612       13.5577864 
     -0.00194508       13.5537982 
     -0.00172896       13.5502298 
     -0.00151284       13.5470812 
     -0.00129672       13.5443524 
      -0.0010806       13.5416641 
     -0.00086448       13.5396548 
     -0.00064836        13.538092 
     -0.00043224       13.5369758 
     -0.00021612        13.536306 
               0       13.5360828 
      0.00021612        13.536306 
      0.00043224       13.5369758 
      0.00064836        13.538092 
      0.00086448       13.5396548 
       0.0010806       13.5416641 
      0.00129672       13.5443524 
      0.00151284       13.5470812 
      0.00172896       13.5502298 
      0.00194508       13.5537982 
       0.0021612       13.5577864 
      0.00237732       13.5621944 
      0.00259344       13.5679973 
      0.00280956       13.5731934 
      0.00302568       13.5787929 
       0.0032418        13.584796 
      0.00345792       13.5912026 
      0.00367404       13.5980778 
      0.00389016       13.6052794 
      0.00410628       13.6128683 
       0.0043224       13.6208444 
      0.00453852       13.6292077 
      0.00475464       13.6379583 
      0.00497076       13.6471461 
      0.00518688       13.6566414 
        0.005403          13.6665 
      0.00561912        13.676722 
      0.00583524       13.6873074 
      0.00605136       13.6983264 
      0.00626748       13.7096152 
       0.0064836       13.7212349 
      0.00669972       13.7331854 
      0.00691584       13.7454668 
      0.00713196       13.7580791 
      0.00734808       13.7711021 
       0.0075642       13.7843247 
      0.00778032       13.7978348 
      0.00799644       13.8116324 
      0.00821256       13.8257174 
      0.00842868       13.8402051 
       0.0086448       13.8548282 
      0.00886092       13.8696815 
      0.00907704       13.8847652 
      0.00929316       13.9000793 
      0.00950928       13.9156236 
       0.0097254       13.9315336 
      0.00994152       13.9474563 
      0.01015764        13.963535 
      0.01037376       13.9797697 
      0.01058988       13.9961604 
        0.010806       14.0128973 
      0.01102212       14.0295455 
      0.01123824       14.0462539 
      0.01145436       14.0630223 
      0.01167048        14.079851 
       0.0118866       14.0967397 
      0.01210272       14.1139131 
      0.01231884       14.1307963 
      0.01253496       14.1476172 
      0.01275108       14.1643759 
       0.0129672       14.1810722 
      0.01318332       14.1980096 
      0.01339944        14.214506 
      0.01361556       14.2307853 
      0.01383168       14.2468476 
       0.0140478       14.2626929 
      0.01426392       14.2783211 
      0.01448004       14.2940894 
      0.01469616       14.3091004 
      0.01491228        14.323701 
       0.0151284       14.3378912 
      0.01534452       14.3516709 
      0.01556064       14.3650401 
      0.01577676       14.3783612 
      0.01599288       14.3905744 
        0.016209       14.4021387 
      0.01642512       14.4130542 
      0.01664124       14.4233207 
      0.01685736       14.4334704 
      0.01707348       14.4421894 
       0.0172896       14.4499705 
      0.01750572       14.4568136 
      0.01772184       14.4627188 
      0.01793796       14.4676859 
      0.01815408       14.4722416 
       0.0183702       14.4748793 
      0.01858632       14.4762358 
      0.01880244       14.4763112 
      0.01901856       14.4751055 
      0.01923468        14.473321 
       0.0194508        14.469244 
      0.01966692       14.4634892 
      0.01988304       14.4560567 
      0.02009916       14.4469465 
      0.02031528       14.4361585 
       0.0205314       14.4243206 
      0.02074752       14.4096301 
      0.02096364       14.3928194 
      0.02117976       14.3738885 
      0.02139588       14.3528373 
        0.021612       14.3303452 
      0.02182812       14.3047274 
      0.02204424       14.2765186 
      0.02226036       14.2457189 
      0.02247648       14.2123282 
       0.0226926       14.1763466 
      0.02290872       14.1381374 
      0.02312484       14.0964358 
      0.02334096       14.0516746 
      0.02355708       14.0038537 
       0.0237732       13.9529732 
      0.02398932       13.8977659 
      0.02420544       13.8405068 
      0.02442156       13.7797245 
      0.02463768       13.7154189 
       0.0248538       13.6475902 
      0.02506992       13.5762382 
      0.02528604       13.5034979 
      0.02550216       13.4244467 
      0.02571828       13.3415807 
       0.0259344          13.2549 
      0.02615052       13.1644045 
      0.02636664       13.0439506 
      0.02658276       12.9455259 
      0.02679888       12.8447188 
        0.027015       12.7415294 
      0.02723112       12.6359576 
      0.02744724       12.5280035 
      0.02766336       12.4730669 
      0.02787948        12.360115 
       0.0280956       12.2415381 
      0.02831172        12.117336 
      0.02852784       11.9875089 
      0.02874396       11.8430156 
      0.02896008       11.7013481 
       0.0291762         11.55292 
      0.02939232       11.3868175 
      0.02960844       11.2312282 
      0.02982456       11.0751433 
      0.03004068       10.9244643 
       0.0302568       10.7654818 
      0.03047292       10.6028611 
      0.03068904       10.4389842 
      0.03090516       10.2622147 
      0.03112128       10.0867124 
       0.0313374       9.90989837 
      0.03155352       9.73143437 
      0.03176964       9.55174998 
      0.03198576       9.37047163 
      0.03220188       9.18810901 
        0.032418       9.00463308 
      0.03263412       8.82018161 
      0.03285024       8.63445585 
      0.03306636       8.44857389 
      0.03328248       8.26228148 
       0.0334986       8.07578945 
      0.03371472       7.88888417 
      0.03393084       7.70262914 
      0.03414696       7.51677415 
      0.03436308       7.33123986 
       0.0345792         7.146834 
      0.03479532       6.96328583 
      0.03501144       6.78015391 
      0.03522756       6.59923538 
      0.03544368       6.41614882 
       0.0356598       6.24340569 
      0.03587592       6.06513776 
      0.03609204       5.89071346 
      0.03630816       5.71909966 
      0.03652428        5.5434744 
       0.0367404       5.37798844 
      0.03695652       5.21648598 
      0.03717264       5.06897417 
      0.03738876       4.91468229 
      0.03760488       4.76310235 
        0.037821       4.60975462 
      0.03803712       4.46313287 
      0.03825324       4.31955701 
      0.03846936       4.17902705 
      0.03868548       4.04154297 
       0.0389016       3.91392112 
      0.03911772       3.78282992 
      0.03933384       3.65485468 
      0.03954996       3.52999541 
      0.03976608       3.40825211 
       0.0399822       3.28962478 
      0.04019832       3.17833687 
      0.04041444       3.06611727 
      0.04063056       2.95704134 
      0.04084668       2.85110909 
       0.0410628       2.74832051 
      0.04127892        2.6505747 
      0.04149504       2.55388249 
      0.04171116       2.46011529 
      0.04192728       2.36927309 
       0.0421434        2.2813559 
      0.04235952       2.19751193 
      0.04257564       2.11527204 
      0.04279176       2.03564987 
      0.04300788       1.95864544 
        0.043224       1.88425873 
      0.04344012       1.81248976 
      0.04365624       1.74423481 
      0.04387236       1.67730502 
      0.04408848       1.61265288 
       0.0443046       1.55027839 
      0.04452072       1.49018156 
      0.04473684       1.43318256 
      0.04495296       1.37738578 
      0.04516908       1.32352819 
       0.0453852       1.27160979 
      0.04560132       1.22163059 
      0.04581744       1.17359058 
      0.04603356       1.12808345 
      0.04624968       1.08350069 
       0.0464658       1.04054191 
      0.04668192      0.999207092 
      0.04689804      0.959496244 
      0.04711416      0.921973308 
      0.04733028      0.885253753 
       0.0475464      0.849877307 
      0.04776252      0.815843971 
      0.04797864      0.783153744 
      0.04819476      0.751806627 
      0.04841088      0.722169003 
        0.048627      0.693146733 
      0.04884312      0.665224902 
      0.04905924      0.638403511 
      0.04927536      0.612682559 
      0.04949148      0.588425888 
       0.0497076      0.564687771 
      0.04992372       0.54184495 
      0.05013984      0.519897425 
      0.05035596      0.498845197 
      0.05057208      0.479008185 
       0.0507882      0.459638064 
      0.05100432      0.440992527 
      0.05122044      0.423071575 
      0.05143656      0.405875207 
      0.05165268      0.389403424 
       0.0518688      0.373880501 
      0.05208492      0.358688333 
      0.05230104      0.344080306 
      0.05251716      0.330056419 
      0.05273328      0.316616673 
       0.0529494      0.303965146 
      0.05316552      0.291604484 
      0.05338164       0.27971338 
      0.05359776      0.268291833 
      0.05381388      0.257339845 
         0.05403      0.246857414 
      0.05424612      0.236978208 
      0.05446224      0.227309534 
      0.05467836      0.218017503 
      0.05489448      0.209102116 
       0.0551106      0.200563372 
      0.05532672       0.19252843 
      0.05554284      0.184673998 
      0.05575896      0.177121201 
      0.05597508      0.169870041 
       0.0561912      0.162920517 
      0.05640732      0.156272628 
      0.05662344      0.150003704 
      0.05683956       0.14386918 
      0.05705568      0.137975939 
       0.0572718      0.132323982 
      0.05748792      0.126913308 
      0.05770404      0.121821663 
      0.05792016      0.116842223 
      0.05813628      0.112055622 
       0.0583524      0.107461861 
      0.05856852      0.103060939 
      0.05878464     0.0989206117 
      0.05900076     0.0948809376 
      0.05921688      0.090995287 
        0.059433     0.0872636599 
      0.05964912     0.0836860562 
      0.05986524     0.0802624761 
      0.06008136     0.0770396227 
      0.06029748     0.0738868456 
       0.0605136     0.0708570312 
      0.06072972     0.0679501794 
      0.06094584     0.0651662901 
      0.06116196     0.0625477529 
      0.06137808     0.0599907035 
       0.0615942     0.0575317853 
      0.06181032     0.0551709985 
      0.06202644     0.0529083431 
      0.06224256      0.050743819 
      0.06245868     0.0487049634 
       0.0626748     0.0467101588 
      0.06289092     0.0447936486 
      0.06310704     0.0429554327 
      0.06332316     0.0411955113 
      0.06353928       0.03954007 
       0.0637554     0.0379223643 
      0.06397152      0.036367114 
      0.06418764     0.0348743193 
      0.06440376     0.0334439801 
      0.06461988     0.0320760964 
        0.064836     0.0307865556 
      0.06505212      0.029524914 
      0.06526824     0.0283130861 
      0.06548436     0.0271510721 
      0.06570048     0.0260388719 
       0.0659166     0.0249924505 
      0.06613272     0.0239693263 
      0.06634884      0.022985929 
      0.06656496     0.0220422585 
      0.06678108     0.0211383148 
       0.0669972     0.0202879675 
      0.06721332     0.0194585263 
      0.06742944     0.0186607651 
      0.06764556     0.0178946838 
      0.06786168     0.0171602824 
       0.0680778     0.0164575609 
      0.06829392     0.0157961133 
      0.06851004     0.0151491493 
      0.06872616     0.0145274469 
      0.06894228      0.013931006 
       0.0691584     0.0133598266 
      0.06937452     0.0128225898 
      0.06959064     0.0122980759 
      0.06980676     0.0117937046 
      0.07002288      0.011309476 
        0.070239     0.0108453901 
      0.07045512     0.0104014468 
      0.07067124    0.00998331599 
      0.07088736    0.00957425862 
      0.07110348    0.00918126177 
       0.0713196    0.00880432542 
      0.07153572    0.00844344959 
      0.07175184    0.00810400585 
      0.07196796    0.00777234838 
      0.07218408    0.00745349627 
       0.0724002    0.00714744953 
      0.07261632    0.00685420815 
      0.07283244    0.00657377214 
      0.07304856    0.00630942537 
      0.07326468     0.0060508087 
       0.0734808    0.00580240182 
      0.07369692    0.00556420473 
      0.07391304    0.00533621742 
      0.07412916    0.00512172299 
      0.07434528    0.00491202431 
       0.0745614    0.00471046583 
      0.07477752    0.00451704755 
      0.07499364    0.00433176949 
      0.07520976    0.00415747301 
      0.07542588    0.00398748768 
        0.075642    0.00382399241 
      0.07585812    0.00366698722 
      0.07607424    0.00351647209 
      0.07629036    0.00337244703 
      0.07650648    0.00323689137 
       0.0767226    0.00310431057 
      0.07693872    0.00297690417 
      0.07715484    0.00285467217 
      0.07737096    0.00273761456 
      0.07758708     0.0026275144 
       0.0778032    0.00252003339 
      0.07801932     0.0024166778 
      0.07823544    0.00231744761 
      0.07845156    0.00222234284 
      0.07866768    0.00213136349 
       0.0788838    0.00204568421 
      0.07909992    0.00196186439 
      0.07931604    0.00188133364 
      0.07953216    0.00180409196 
      0.07974828    0.00173013935 
       0.0799644    0.00166058246 
      0.08018052    0.00159262557 
      0.08039664    0.00152729096 
      0.08061276    0.00146457861 
      0.08082888    0.00140448854 
        0.081045    0.00134702073 
      0.08126112    0.00129285934 
      0.08147724    0.00123986949 
      0.08169336     0.0011889703 
      0.08190948    0.00114016175 
       0.0821256    0.00109344386 
      0.08234172    0.00104949551 
      0.08255784    0.00100653066 
      0.08277396   0.000965232632 
      0.08299008   0.000925601412 
       0.0832062   0.000887637004 
      0.08342232   0.000851924198 
      0.08363844   0.000817097859 
      0.08385456   0.000783600425 
      0.08407068   0.000751431897 
       0.0842868   0.000720592273 
      0.08450292   0.000691081556 
      0.08471904   0.000663310974 
      0.08493516   0.000636149102 
      0.08515128   0.000610046745 
       0.0853674   0.000585003903 
      0.08558352   0.000561020577 
      0.08579964   0.000538465086 
      0.08601576    0.00051644725 
      0.08623188   0.000495274167 
        0.086448   0.000474945838 
      0.08666412   0.000455462263 
      0.08688024   0.000436823443 
      0.08709636   0.000419274966 
      0.08731248   0.000402106036 
       0.0875286   0.000385610656 
      0.08774472   0.000369788828 
      0.08796084   0.000354640552 
      0.08817696    0.00034039546 
      0.08839308   0.000326478224 
       0.0886092   0.000313098069 
      0.08882532   0.000300254994 
      0.08904144   0.000287949001 
      0.08925756   0.000276180088 
      0.08947368   0.000265092546 
       0.0896898   0.000254243567 
      0.08990592   0.000243822895 
      0.09012204    0.00023383053 
      0.09033816   0.000224266472 
      0.09055428   0.000215272401 
       0.0907704    0.00020647957 
      0.09098652   0.000198028361 
      0.09120264   0.000189918775 
      0.09141876   0.000182150811 
      0.09163488   0.000174845729 
        0.091851   0.000167722894 
      0.09206712   0.000160872617 
      0.09228324   0.000154294898 
      0.09249936   0.000147989736 
      0.09271548   0.000141957132 
       0.0929316   0.000136283541 
      0.09314772   0.000130734536 
      0.09336384   0.000125403082 
      0.09357996    0.00012028918 
      0.09379608   0.000115392829 
       0.0940122   0.000110790779 
      0.09422832   0.000106299567 
      0.09444444   0.000101982123 
      0.09466056   9.78384467e-05 
      0.09487668   9.38685385e-05 
       0.0950928   9.00723982e-05 
      0.09530892   8.65021616e-05 
      0.09552504   8.30100393e-05 
      0.09574116   7.96568665e-05 
      0.09595728   7.64426431e-05 
       0.0961734   7.33673691e-05 
      0.09638952   7.04791515e-05 
      0.09660564   6.76592524e-05 
      0.09682176   6.49506535e-05 
      0.09703788    6.2353355e-05 
        0.097254   5.98673567e-05 
      0.09747012   5.74926587e-05 
      0.09768624   5.52603303e-05 
      0.09790236   5.30780347e-05 
      0.09811848   5.09851335e-05 
       0.0983346   4.89816269e-05 
      0.09855072   4.70675149e-05 
      0.09876684   4.52726972e-05 
      0.09898296   4.35210967e-05 
      0.09919908   4.18415982e-05 
       0.0994152   4.02342018e-05 
      0.09963132   3.86989073e-05 
      0.09984744   3.72610158e-05 
      0.10006356   3.58631068e-05 
      0.10027968   3.45237278e-05 
       0.1004958   3.32428787e-05 
      0.10071192   3.20205596e-05 
      0.10092804   3.08567704e-05 
      0.10114416   2.97703229e-05 
      0.10136028   2.87123975e-05 
       0.1015764   2.77024479e-05 
      0.10179252   2.67404741e-05 
      0.10200864   2.58264761e-05 
      0.10222476   2.49776079e-05 
      0.10244088    2.4154597e-05 
        0.102657   2.33714734e-05 
      0.10287312   2.26282373e-05 
      0.10308924   2.19248884e-05 
      0.10330536    2.1261427e-05 
      0.10352148   2.06526267e-05 
       0.1037376   2.00619566e-05 
      0.10395372   1.95050836e-05 
      0.10416984   1.89820076e-05 
      0.10438596   1.84927287e-05 
      0.10460208   1.81162657e-05 
       0.1048182   1.76968708e-05 
      0.10503432   1.73045337e-05 
      0.10525044   1.69392543e-05 
      0.10546656   1.66010326e-05 
      0.10568268   1.62898687e-05 
       0.1058988   1.59467305e-05 
      0.10611492   1.56893859e-05 
      0.10633104   1.54591301e-05 
      0.10654716   1.52559633e-05 
      0.10676328   1.50798854e-05 
       0.1069794   1.48968379e-05 
      0.10719552   1.47679615e-05 
      0.10741164   1.46677244e-05 
      0.10762776   1.45961264e-05 
      0.10784388   1.45531676e-05 
         0.10806    1.4538848e-05 
