       -0.116873   5.35182413e-06 
    -0.116639254   5.35799011e-06 
    -0.116405508   5.37648807e-06 
    -0.116171762   5.40731799e-06 
    -0.115938016   5.45047988e-06 
     -0.11570427   5.50597374e-06 
    -0.115470524   5.58145465e-06 
    -0.115236778   5.65727328e-06 
    -0.115003032   5.74475633e-06 
    -0.114769286   5.84390377e-06 
     -0.11453554   5.95471562e-06 
    -0.114301794   6.09868418e-06 
    -0.114068048   6.23267043e-06 
    -0.113834302   6.37830766e-06 
    -0.113600556   6.53559586e-06 
     -0.11336681   6.70453505e-06 
    -0.113133064    6.8608674e-06 
    -0.112899318   7.06031372e-06 
    -0.112665572   7.27431301e-06 
    -0.112431826   7.50286526e-06 
     -0.11219808   7.74597047e-06 
    -0.111964334   7.99899507e-06 
    -0.111730588   8.27510195e-06 
    -0.111496842   8.56838429e-06 
    -0.111263096   8.87884211e-06 
     -0.11102935   9.20647539e-06 
    -0.110795604   9.54645845e-06 
    -0.110561858    9.9134253e-06 
    -0.110328112   1.03010505e-05 
    -0.110094366   1.07093341e-05 
     -0.10986062   1.11382761e-05 
    -0.109626874    1.1582158e-05 
    -0.109393128   1.20587532e-05 
    -0.109159382   1.25605514e-05 
    -0.108925636   1.30875526e-05 
     -0.10869189   1.36397569e-05 
    -0.108458144   1.42100272e-05 
    -0.108224398   1.48206031e-05 
    -0.107990652   1.54622263e-05 
    -0.107756906   1.61348967e-05 
     -0.10752316   1.68386144e-05 
    -0.107289414   1.75643441e-05 
    -0.107055668   1.83400908e-05 
    -0.106821922    1.9154331e-05 
    -0.106588176   2.00070648e-05 
     -0.10635443    2.0898292e-05 
    -0.106120684    2.1816535e-05 
    -0.105886938   2.27970768e-05 
    -0.105653192   2.38255449e-05 
    -0.105419446   2.49019392e-05 
      -0.1051857   2.60262599e-05 
    -0.104951954   2.71839233e-05 
    -0.104718208   2.84193441e-05 
    -0.104484462   2.97145971e-05 
    -0.104250716   3.10696824e-05 
     -0.10401697   3.24845999e-05 
    -0.103783224   3.39408322e-05 
    -0.103549478   3.54942346e-05 
    -0.103315732   3.71224625e-05 
    -0.103081986   3.88255157e-05 
     -0.10284824   4.06033943e-05 
    -0.102614494   4.24326047e-05 
    -0.102380748   4.43833335e-05 
    -0.102147002   4.64277413e-05 
    -0.101913256   4.85658281e-05 
     -0.10167951   5.07975939e-05 
    -0.101445764   5.30932528e-05 
    -0.101212018   5.55409478e-05 
    -0.100978272   5.81060081e-05 
    -0.100744526   6.07884335e-05 
     -0.10051078   6.35882242e-05 
    -0.100277034   6.64676388e-05 
    -0.100043288   6.95373244e-05 
    -0.099809542   7.27541155e-05 
    -0.099575796   7.61180119e-05 
     -0.09934205   7.96290136e-05 
    -0.099108304   8.32393232e-05 
    -0.098874558   8.70877943e-05 
    -0.098640812   9.11206983e-05 
    -0.098407066   9.53380351e-05 
     -0.09817332   9.97398047e-05 
    -0.097939574     0.0001042655 
    -0.097705828    0.00010908933 
    -0.097472082   0.000114144432 
    -0.097238336   0.000119430807 
     -0.09700459   0.000124948454 
    -0.096770844   0.000130620805 
    -0.096537098   0.000136666387 
    -0.096303352   0.000143002008 
    -0.096069606   0.000149627667 
     -0.09583586   0.000156543364 
    -0.095602114   0.000163652241 
    -0.095368368   0.000171228372 
    -0.095134622   0.000179168264 
    -0.094900876   0.000187471917 
     -0.09466713   0.000196139332 
    -0.094433384   0.000205048019 
    -0.094199638   0.000214541671 
    -0.093965892   0.000224491564 
    -0.093732146   0.000234897698 
      -0.0934984   0.000245760074 
    -0.093264654   0.000256923841 
    -0.093030908   0.000268819925 
    -0.092797162   0.000281288256 
    -0.092563416   0.000294328834 
     -0.09232967   0.000307941658 
    -0.092095924   0.000321931026 
    -0.091862178   0.000336837162 
    -0.091628432   0.000352461055 
    -0.091394686   0.000368802704 
     -0.09116094   0.000385862111 
    -0.090927194   0.000403392015 
    -0.090693448    0.00042206956 
    -0.090459702   0.000441647379 
    -0.090225956   0.000462125471 
     -0.08999221   0.000483503837 
    -0.089758464   0.000505470174 
    -0.089524718   0.000528873109 
    -0.089290972    0.00055340525 
    -0.089057226   0.000579066597 
     -0.08882348    0.00060585715 
    -0.088589734   0.000633382565 
    -0.088355988   0.000662706215 
    -0.088122242   0.000693446219 
    -0.087888496   0.000725602578 
     -0.08765475   0.000759175292 
    -0.087421004   0.000793666574 
    -0.087187258   0.000830408654 
    -0.086953512   0.000868927254 
    -0.086719766   0.000909222376 
     -0.08648602   0.000951294018 
    -0.086252274   0.000994514001 
    -0.086018528     0.0010405511 
    -0.085784782    0.00108881647 
    -0.085551036    0.00113931011 
     -0.08531729    0.00119203202 
    -0.085083544     0.0012461897 
    -0.084849798    0.00130387311 
    -0.084616052    0.00136435141 
    -0.084382306     0.0014276246 
     -0.08414856    0.00149369267 
    -0.083914814    0.00156155612 
    -0.083681068    0.00163383191 
    -0.083447322    0.00170961328 
    -0.083213576    0.00178890022 
     -0.08297983    0.00187169273 
    -0.082746084    0.00195673058 
    -0.082512338    0.00204729003 
    -0.082278592    0.00214224643 
    -0.082044846    0.00224159978 
      -0.0818111    0.00234535009 
    -0.081577354    0.00245190884 
    -0.081343608    0.00256537687 
    -0.081109862    0.00268435986 
    -0.080876116    0.00280885781 
     -0.08064237    0.00293887073 
    -0.080408624    0.00307239688 
    -0.080174878    0.00321456819 
    -0.079941132    0.00336365671 
    -0.079707386    0.00351966243 
     -0.07947364    0.00368258536 
    -0.079239894    0.00384990376 
    -0.079006148    0.00402803862 
    -0.078772402    0.00421484939 
    -0.078538656    0.00441033607 
     -0.07830491    0.00461449867 
    -0.078071164    0.00482416124 
    -0.077837418    0.00504735597 
    -0.077603672    0.00528143237 
    -0.077369926    0.00552639045 
     -0.07713618    0.00578223018 
    -0.076902434     0.0060449528 
    -0.076668688    0.00632460394 
    -0.076434942     0.0066179031 
    -0.076201196    0.00692485029 
     -0.07596745     0.0072454455 
    -0.075733704    0.00757465532 
    -0.075499958    0.00792504083 
    -0.075266212    0.00829254369 
    -0.075032466    0.00867716391 
     -0.07479872    0.00907890148 
    -0.074564974    0.00949142233 
    -0.074331228    0.00993042953 
    -0.074097482     0.0103909048 
    -0.073863736     0.0108728482 
     -0.07362999     0.0113762597 
    -0.073396244     0.0118931706 
    -0.073162498     0.0124432075 
    -0.072928752     0.0130201682 
    -0.072695006     0.0136240528 
     -0.07246126     0.0142548611 
    -0.072227514      0.014902571 
    -0.071993768      0.015591707 
    -0.071760022     0.0163146077 
    -0.071526276      0.017071273 
     -0.07129253     0.0178617029 
    -0.071058784     0.0186732956 
    -0.070825038      0.019536689 
    -0.070591292     0.0204424235 
    -0.070357546     0.0213904992 
      -0.0701238     0.0223809159 
    -0.069890054     0.0233978333 
    -0.069656308      0.024479516 
    -0.069422562     0.0256142909 
    -0.069188816     0.0268021578 
     -0.06895507     0.0280431169 
    -0.068721324     0.0293172623 
    -0.068487578     0.0306723712 
    -0.068253832     0.0320940462 
    -0.068020086     0.0335822874 
     -0.06778634     0.0351370946 
    -0.067552594     0.0367334618 
    -0.067318848     0.0384310244 
    -0.067085102     0.0402120351 
    -0.066851356     0.0420764938 
     -0.06661761     0.0440244006 
    -0.066383864      0.046024353 
    -0.066150118     0.0481507622 
    -0.065916372     0.0503817632 
    -0.065682626     0.0527173562 
     -0.06544888      0.055157541 
    -0.065215134     0.0576628988 
    -0.064981388     0.0603262391 
    -0.064747642     0.0631206392 
    -0.064513896     0.0660460991 
     -0.06428015     0.0691026189 
    -0.064046404       0.07224074 
    -0.063812658     0.0755761626 
    -0.063578912     0.0790757545 
    -0.063345166     0.0827395157 
     -0.06311142     0.0865674463 
    -0.062877674     0.0904975268 
    -0.062643928     0.0946739066 
    -0.062410182     0.0990558341 
    -0.062176436      0.103643309 
     -0.06194269      0.108436332 
    -0.061708944      0.113434902 
    -0.061475198      0.118585334 
    -0.061241452      0.124070673 
    -0.061007706      0.129813205 
     -0.06077396      0.135812931 
    -0.060540214       0.14206985 
    -0.060306468      0.148515279 
    -0.060072722      0.155379543 
    -0.059838976      0.162565347 
     -0.05960523      0.170072693 
    -0.059371484       0.17790158 
    -0.059137738      0.185964272 
    -0.058903992      0.194550151 
    -0.058670246      0.203537554 
      -0.0584365      0.212926482 
    -0.058202754      0.222716934 
    -0.057969008      0.232797045 
    -0.057735262      0.243529674 
    -0.057501516      0.254762925 
     -0.05726777      0.266496798 
    -0.057034024      0.278731291 
    -0.056800278      0.291324099 
    -0.056566532      0.304729019 
    -0.056332786      0.318756799 
     -0.05609904      0.333407437 
    -0.055865294      0.348680934 
    -0.055631548      0.364396795 
    -0.055397802       0.38112053 
    -0.055164056      0.398617001 
     -0.05493031      0.416886209 
    -0.054696564      0.435928154 
    -0.054462818      0.455514797 
    -0.054229072      0.476347477 
    -0.053995326      0.498135157 
     -0.05376158      0.520877839 
    -0.053527834      0.544575523 
    -0.053294088      0.568941607 
    -0.053060342      0.594840225 
    -0.052826596      0.621913013 
     -0.05259285      0.650159971 
    -0.052359104      0.679581099 
    -0.052125358      0.709818704 
    -0.051891612      0.741928179 
    -0.051657866      0.775471318 
     -0.05142412       0.81044812 
    -0.051190374      0.846858585 
    -0.050956628      0.884260377 
    -0.050722882      0.923927463 
    -0.050489136      0.965328916 
     -0.05025539       1.00846474 
    -0.050021644       1.05333493 
    -0.049787898       1.09939874 
    -0.049554152       1.14817081 
    -0.049320406       1.19901535 
     -0.04908666       1.25193235 
    -0.048852914       1.30692181 
    -0.048619168       1.36333034 
    -0.048385422       1.42292742 
    -0.048151676       1.48496089 
     -0.04791793       1.54943075 
    -0.047684184       1.61633701 
    -0.047450438       1.68489546 
    -0.047216692       1.75713996 
    -0.046982946       1.83218793 
      -0.0467492       1.91003939 
    -0.046515454       1.99069433 
    -0.046281708       2.07319548 
    -0.046047962       2.15988379 
    -0.045814216       2.24970938 
     -0.04558047       2.34267227 
    -0.045346724       2.43877244 
    -0.045112978       2.53633521 
    -0.044879232       2.63903843 
    -0.044645486        2.7451199 
     -0.04441174       2.85457962 
    -0.044177994       2.96741759 
    -0.043944248       3.07994268 
    -0.043710502       3.19964543 
    -0.043476756        3.3227042 
     -0.04324301       3.44911899 
    -0.043009264        3.5788898 
    -0.042775518       3.70607856 
    -0.042541772       3.84271386 
    -0.042308026       3.98263382 
     -0.04207428       4.12583844 
    -0.041840534       4.27232772 
    -0.041606788       4.42488737 
    -0.041373042       4.57668125 
    -0.041139296       4.72252321 
     -0.04090555       4.88165709 
    -0.040671804       5.04510263 
    -0.040438058       5.21852396 
    -0.040204312       5.38878395 
    -0.039970566       5.56209113 
     -0.03973682       5.73884489 
    -0.039503074        5.9110868 
    -0.039269328       6.09333628 
    -0.039035582       6.27437592 
    -0.038801836       6.45620339 
     -0.03856809       6.63922593 
    -0.038334344       6.82313542 
    -0.038100598        7.0077822 
    -0.037866852        7.1929519 
    -0.037633106       7.37884784 
     -0.03739936       7.56441022 
    -0.037165614       7.74978243 
    -0.036931868       7.93471795 
    -0.036698122        8.1194095 
    -0.036464376       8.30274434 
     -0.03623063       8.48496004 
    -0.035996884       8.66588406 
    -0.035763138       8.84541483 
    -0.035529392       9.02335111 
    -0.035295646       9.19975985 
      -0.0350619       9.37445317 
    -0.034828154       9.55027385 
    -0.034594408       9.71933245 
    -0.034360662        9.8779181 
    -0.034126916        10.035982 
     -0.03389317       10.1854819 
    -0.033659424       10.3397528 
    -0.033425678       10.4934132 
    -0.033191932       10.6564538 
    -0.032958186       10.8014808 
     -0.03272444       10.9468249 
    -0.032490694       11.0778813 
    -0.032256948       11.2028369 
    -0.032023202       11.3216918 
    -0.031789456        11.434446 
     -0.03155571       11.4910219 
    -0.031321964       11.5967414 
    -0.031088218       11.6998037 
    -0.030854472       11.8002086 
    -0.030620726       11.8979562 
     -0.03038698       11.9930465 
    -0.030153234       12.1082649 
    -0.029919488       12.1947687 
    -0.029685742       12.2770885 
    -0.029451996       12.3552243 
     -0.02921825       12.4291762 
    -0.028984504        12.496506 
    -0.028750758       12.5621627 
    -0.028517012        12.623961 
    -0.028283266        12.681901 
     -0.02804952       12.7359826 
    -0.027815774       12.7874159 
    -0.027582028       12.8343512 
    -0.027348282       12.8779417 
    -0.027114536       12.9181873 
     -0.02688079       12.9550882 
    -0.026647044       12.9881708 
    -0.026413298       13.0188344 
    -0.026179552       13.0466723 
    -0.025945806       13.0716845 
     -0.02571206       13.0938711 
    -0.025478314       13.1125227 
    -0.025244568       13.1294066 
    -0.025010822        13.143984 
    -0.024777076       13.1562549 
     -0.02454333       13.1662194 
    -0.024309584       13.1738775 
    -0.024075838       13.1786964 
    -0.023842092       13.1824575 
    -0.023608346       13.1843981 
      -0.0233746       13.1845182 
    -0.023140854       13.1828178 
    -0.022907108       13.1787035 
    -0.022673362       13.1739151 
    -0.022439616       13.1677396 
     -0.02220587       13.1601772 
    -0.021972124       13.1512278 
    -0.021738378       13.1403116 
    -0.021504632       13.1289907 
    -0.021270886       13.1166561 
     -0.02103714       13.1033077 
    -0.020803394       13.0889456 
    -0.020569648       13.0730452 
    -0.020335902       13.0569314 
    -0.020102156       13.0401166 
     -0.01986841       13.0226009 
    -0.019634664       13.0043841 
    -0.019400918        12.985017 
    -0.019167172       12.9655741 
    -0.018933426       12.9456868 
     -0.01869968       12.9253551 
    -0.018465934       12.9045789 
    -0.018232188       12.8833582 
    -0.017998442       12.8614254 
    -0.017764696       12.8396239 
     -0.01753095       12.8175847 
    -0.017297204       12.7953079 
    -0.017063458       12.7727935 
    -0.016829712       12.7497977 
    -0.016595966       12.7270206 
     -0.01636222       12.7041702 
    -0.016128474       12.6812465 
    -0.015894728       12.6582496 
    -0.015660982       12.6349687 
    -0.015427236       12.6119668 
     -0.01519349       12.5890207 
    -0.014959744       12.5661304 
    -0.014725998       12.5432957 
    -0.014492252        12.520342 
    -0.014258506       12.4977094 
     -0.01402476       12.4752326 
    -0.013791014       12.4529118 
    -0.013557268        12.430747 
    -0.013323522       12.4085979 
    -0.013089776       12.3867994 
     -0.01285603        12.365234 
    -0.012622284       12.3439015 
    -0.012388538        12.322802 
    -0.012154792       12.3019354 
    -0.011921046        12.281223 
      -0.0116873       12.2609112 
    -0.011453554        12.240891 
    -0.011219808       12.2211625 
    -0.010986062       12.2017256 
    -0.010752316       12.1825121 
     -0.01051857       12.1637169 
    -0.010284824       12.1452575 
    -0.010051078       12.1271341 
    -0.009817332       12.1093465 
    -0.009583586       12.0918383 
     -0.00934984       12.0747597 
    -0.009116094       12.0580501 
    -0.008882348       12.0417094 
    -0.008648602       12.0257377 
    -0.008414856       12.0100894 
     -0.00818111       11.9948784 
    -0.007947364       11.9800608 
    -0.007713618       11.9656367 
    -0.007479872        11.951606 
    -0.007246126       11.9379324 
     -0.00701238       11.9247019 
    -0.006778634       11.9118827 
    -0.006544888       11.8994748 
    -0.006311142       11.8874783 
    -0.006077396       11.8758932 
     -0.00584365       11.8646966 
    -0.005609904       11.8539544 
    -0.005376158       11.8436366 
    -0.005142412       11.8337431 
    -0.004908666       11.8242741 
     -0.00467492       11.8152068 
    -0.004441174       11.8065993 
    -0.004207428       11.7984255 
    -0.003973682       11.7906854 
    -0.003739936       11.7833792 
     -0.00350619       11.7764654 
    -0.003272444       11.7700342 
    -0.003038698       11.7640427 
    -0.002804952        11.758491 
    -0.002571206        11.753379 
     -0.00233746       11.7478167 
    -0.002103714       11.7435652 
    -0.001869968       11.7397613 
    -0.001636222       11.7364049 
    -0.001402476        11.733496 
     -0.00116873       11.7306837 
    -0.000934984       11.7285457 
    -0.000701238       11.7268829 
    -0.000467492       11.7256951 
    -0.000233746       11.7249824 
               0       11.7247449 
     0.000233746       11.7249824 
     0.000467492       11.7256951 
     0.000701238       11.7268829 
     0.000934984       11.7285457 
      0.00116873       11.7306837 
     0.001402476        11.733496 
     0.001636222       11.7364049 
     0.001869968       11.7397613 
     0.002103714       11.7435652 
      0.00233746       11.7478167 
     0.002571206        11.753379 
     0.002804952        11.758491 
     0.003038698       11.7640427 
     0.003272444       11.7700342 
      0.00350619       11.7764654 
     0.003739936       11.7833792 
     0.003973682       11.7906854 
     0.004207428       11.7984255 
     0.004441174       11.8065993 
      0.00467492       11.8152068 
     0.004908666       11.8242741 
     0.005142412       11.8337431 
     0.005376158       11.8436366 
     0.005609904       11.8539544 
      0.00584365       11.8646966 
     0.006077396       11.8758932 
     0.006311142       11.8874783 
     0.006544888       11.8994748 
     0.006778634       11.9118827 
      0.00701238       11.9247019 
     0.007246126       11.9379324 
     0.007479872        11.951606 
     0.007713618       11.9656367 
     0.007947364       11.9800608 
      0.00818111       11.9948784 
     0.008414856       12.0100894 
     0.008648602       12.0257377 
     0.008882348       12.0417094 
     0.009116094       12.0580501 
      0.00934984       12.0747597 
     0.009583586       12.0918383 
     0.009817332       12.1093465 
     0.010051078       12.1271341 
     0.010284824       12.1452575 
      0.01051857       12.1637169 
     0.010752316       12.1825121 
     0.010986062       12.2017256 
     0.011219808       12.2211625 
     0.011453554        12.240891 
       0.0116873       12.2609112 
     0.011921046        12.281223 
     0.012154792       12.3019354 
     0.012388538        12.322802 
     0.012622284       12.3439015 
      0.01285603        12.365234 
     0.013089776       12.3867994 
     0.013323522       12.4085979 
     0.013557268        12.430747 
     0.013791014       12.4529118 
      0.01402476       12.4752326 
     0.014258506       12.4977094 
     0.014492252        12.520342 
     0.014725998       12.5432957 
     0.014959744       12.5661304 
      0.01519349       12.5890207 
     0.015427236       12.6119668 
     0.015660982       12.6349687 
     0.015894728       12.6582496 
     0.016128474       12.6812465 
      0.01636222       12.7041702 
     0.016595966       12.7270206 
     0.016829712       12.7497977 
     0.017063458       12.7727935 
     0.017297204       12.7953079 
      0.01753095       12.8175847 
     0.017764696       12.8396239 
     0.017998442       12.8614254 
     0.018232188       12.8833582 
     0.018465934       12.9045789 
      0.01869968       12.9253551 
     0.018933426       12.9456868 
     0.019167172       12.9655741 
     0.019400918        12.985017 
     0.019634664       13.0043841 
      0.01986841       13.0226009 
     0.020102156       13.0401166 
     0.020335902       13.0569314 
     0.020569648       13.0730452 
     0.020803394       13.0889456 
      0.02103714       13.1033077 
     0.021270886       13.1166561 
     0.021504632       13.1289907 
     0.021738378       13.1403116 
     0.021972124       13.1512278 
      0.02220587       13.1601772 
     0.022439616       13.1677396 
     0.022673362       13.1739151 
     0.022907108       13.1787035 
     0.023140854       13.1828178 
       0.0233746       13.1845182 
     0.023608346       13.1843981 
     0.023842092       13.1824575 
     0.024075838       13.1786964 
     0.024309584       13.1738775 
      0.02454333       13.1662194 
     0.024777076       13.1562549 
     0.025010822        13.143984 
     0.025244568       13.1294066 
     0.025478314       13.1125227 
      0.02571206       13.0938711 
     0.025945806       13.0716845 
     0.026179552       13.0466723 
     0.026413298       13.0188344 
     0.026647044       12.9881708 
      0.02688079       12.9550882 
     0.027114536       12.9181873 
     0.027348282       12.8779417 
     0.027582028       12.8343512 
     0.027815774       12.7874159 
      0.02804952       12.7359826 
     0.028283266        12.681901 
     0.028517012        12.623961 
     0.028750758       12.5621627 
     0.028984504        12.496506 
      0.02921825       12.4291762 
     0.029451996       12.3552243 
     0.029685742       12.2770885 
     0.029919488       12.1947687 
     0.030153234       12.1082649 
      0.03038698       11.9930465 
     0.030620726       11.8979562 
     0.030854472       11.8002086 
     0.031088218       11.6998037 
     0.031321964       11.5967414 
      0.03155571       11.4910219 
     0.031789456        11.434446 
     0.032023202       11.3216918 
     0.032256948       11.2028369 
     0.032490694       11.0778813 
      0.03272444       10.9468249 
     0.032958186       10.8014808 
     0.033191932       10.6564538 
     0.033425678       10.4934132 
     0.033659424       10.3397528 
      0.03389317       10.1854819 
     0.034126916        10.035982 
     0.034360662        9.8779181 
     0.034594408       9.71933245 
     0.034828154       9.55027385 
       0.0350619       9.37445317 
     0.035295646       9.19975985 
     0.035529392       9.02335111 
     0.035763138       8.84541483 
     0.035996884       8.66588406 
      0.03623063       8.48496004 
     0.036464376       8.30274434 
     0.036698122        8.1194095 
     0.036931868       7.93471795 
     0.037165614       7.74978243 
      0.03739936       7.56441022 
     0.037633106       7.37884784 
     0.037866852        7.1929519 
     0.038100598        7.0077822 
     0.038334344       6.82313542 
      0.03856809       6.63922593 
     0.038801836       6.45620339 
     0.039035582       6.27437592 
     0.039269328       6.09333628 
     0.039503074        5.9110868 
      0.03973682       5.73884489 
     0.039970566       5.56209113 
     0.040204312       5.38878395 
     0.040438058       5.21852396 
     0.040671804       5.04510263 
      0.04090555       4.88165709 
     0.041139296       4.72252321 
     0.041373042       4.57668125 
     0.041606788       4.42488737 
     0.041840534       4.27232772 
      0.04207428       4.12583844 
     0.042308026       3.98263382 
     0.042541772       3.84271386 
     0.042775518       3.70607856 
     0.043009264        3.5788898 
      0.04324301       3.44911899 
     0.043476756        3.3227042 
     0.043710502       3.19964543 
     0.043944248       3.07994268 
     0.044177994       2.96741759 
      0.04441174       2.85457962 
     0.044645486        2.7451199 
     0.044879232       2.63903843 
     0.045112978       2.53633521 
     0.045346724       2.43877244 
      0.04558047       2.34267227 
     0.045814216       2.24970938 
     0.046047962       2.15988379 
     0.046281708       2.07319548 
     0.046515454       1.99069433 
       0.0467492       1.91003939 
     0.046982946       1.83218793 
     0.047216692       1.75713996 
     0.047450438       1.68489546 
     0.047684184       1.61633701 
      0.04791793       1.54943075 
     0.048151676       1.48496089 
     0.048385422       1.42292742 
     0.048619168       1.36333034 
     0.048852914       1.30692181 
      0.04908666       1.25193235 
     0.049320406       1.19901535 
     0.049554152       1.14817081 
     0.049787898       1.09939874 
     0.050021644       1.05333493 
      0.05025539       1.00846474 
     0.050489136      0.965328916 
     0.050722882      0.923927463 
     0.050956628      0.884260377 
     0.051190374      0.846858585 
      0.05142412       0.81044812 
     0.051657866      0.775471318 
     0.051891612      0.741928179 
     0.052125358      0.709818704 
     0.052359104      0.679581099 
      0.05259285      0.650159971 
     0.052826596      0.621913013 
     0.053060342      0.594840225 
     0.053294088      0.568941607 
     0.053527834      0.544575523 
      0.05376158      0.520877839 
     0.053995326      0.498135157 
     0.054229072      0.476347477 
     0.054462818      0.455514797 
     0.054696564      0.435928154 
      0.05493031      0.416886209 
     0.055164056      0.398617001 
     0.055397802       0.38112053 
     0.055631548      0.364396795 
     0.055865294      0.348680934 
      0.05609904      0.333407437 
     0.056332786      0.318756799 
     0.056566532      0.304729019 
     0.056800278      0.291324099 
     0.057034024      0.278731291 
      0.05726777      0.266496798 
     0.057501516      0.254762925 
     0.057735262      0.243529674 
     0.057969008      0.232797045 
     0.058202754      0.222716934 
       0.0584365      0.212926482 
     0.058670246      0.203537554 
     0.058903992      0.194550151 
     0.059137738      0.185964272 
     0.059371484       0.17790158 
      0.05960523      0.170072693 
     0.059838976      0.162565347 
     0.060072722      0.155379543 
     0.060306468      0.148515279 
     0.060540214       0.14206985 
      0.06077396      0.135812931 
     0.061007706      0.129813205 
     0.061241452      0.124070673 
     0.061475198      0.118585334 
     0.061708944      0.113434902 
      0.06194269      0.108436332 
     0.062176436      0.103643309 
     0.062410182     0.0990558341 
     0.062643928     0.0946739066 
     0.062877674     0.0904975268 
      0.06311142     0.0865674463 
     0.063345166     0.0827395157 
     0.063578912     0.0790757545 
     0.063812658     0.0755761626 
     0.064046404       0.07224074 
      0.06428015     0.0691026189 
     0.064513896     0.0660460991 
     0.064747642     0.0631206392 
     0.064981388     0.0603262391 
     0.065215134     0.0576628988 
      0.06544888      0.055157541 
     0.065682626     0.0527173562 
     0.065916372     0.0503817632 
     0.066150118     0.0481507622 
     0.066383864      0.046024353 
      0.06661761     0.0440244006 
     0.066851356     0.0420764938 
     0.067085102     0.0402120351 
     0.067318848     0.0384310244 
     0.067552594     0.0367334618 
      0.06778634     0.0351370946 
     0.068020086     0.0335822874 
     0.068253832     0.0320940462 
     0.068487578     0.0306723712 
     0.068721324     0.0293172623 
      0.06895507     0.0280431169 
     0.069188816     0.0268021578 
     0.069422562     0.0256142909 
     0.069656308      0.024479516 
     0.069890054     0.0233978333 
       0.0701238     0.0223809159 
     0.070357546     0.0213904992 
     0.070591292     0.0204424235 
     0.070825038      0.019536689 
     0.071058784     0.0186732956 
      0.07129253     0.0178617029 
     0.071526276      0.017071273 
     0.071760022     0.0163146077 
     0.071993768      0.015591707 
     0.072227514      0.014902571 
      0.07246126     0.0142548611 
     0.072695006     0.0136240528 
     0.072928752     0.0130201682 
     0.073162498     0.0124432075 
     0.073396244     0.0118931706 
      0.07362999     0.0113762597 
     0.073863736     0.0108728482 
     0.074097482     0.0103909048 
     0.074331228    0.00993042953 
     0.074564974    0.00949142233 
      0.07479872    0.00907890148 
     0.075032466    0.00867716391 
     0.075266212    0.00829254369 
     0.075499958    0.00792504083 
     0.075733704    0.00757465532 
      0.07596745     0.0072454455 
     0.076201196    0.00692485029 
     0.076434942     0.0066179031 
     0.076668688    0.00632460394 
     0.076902434     0.0060449528 
      0.07713618    0.00578223018 
     0.077369926    0.00552639045 
     0.077603672    0.00528143237 
     0.077837418    0.00504735597 
     0.078071164    0.00482416124 
      0.07830491    0.00461449867 
     0.078538656    0.00441033607 
     0.078772402    0.00421484939 
     0.079006148    0.00402803862 
     0.079239894    0.00384990376 
      0.07947364    0.00368258536 
     0.079707386    0.00351966243 
     0.079941132    0.00336365671 
     0.080174878    0.00321456819 
     0.080408624    0.00307239688 
      0.08064237    0.00293887073 
     0.080876116    0.00280885781 
     0.081109862    0.00268435986 
     0.081343608    0.00256537687 
     0.081577354    0.00245190884 
       0.0818111    0.00234535009 
     0.082044846    0.00224159978 
     0.082278592    0.00214224643 
     0.082512338    0.00204729003 
     0.082746084    0.00195673058 
      0.08297983    0.00187169273 
     0.083213576    0.00178890022 
     0.083447322    0.00170961328 
     0.083681068    0.00163383191 
     0.083914814    0.00156155612 
      0.08414856    0.00149369267 
     0.084382306     0.0014276246 
     0.084616052    0.00136435141 
     0.084849798    0.00130387311 
     0.085083544     0.0012461897 
      0.08531729    0.00119203202 
     0.085551036    0.00113931011 
     0.085784782    0.00108881647 
     0.086018528     0.0010405511 
     0.086252274   0.000994514001 
      0.08648602   0.000951294018 
     0.086719766   0.000909222376 
     0.086953512   0.000868927254 
     0.087187258   0.000830408654 
     0.087421004   0.000793666574 
      0.08765475   0.000759175292 
     0.087888496   0.000725602578 
     0.088122242   0.000693446219 
     0.088355988   0.000662706215 
     0.088589734   0.000633382565 
      0.08882348    0.00060585715 
     0.089057226   0.000579066597 
     0.089290972    0.00055340525 
     0.089524718   0.000528873109 
     0.089758464   0.000505470174 
      0.08999221   0.000483503837 
     0.090225956   0.000462125471 
     0.090459702   0.000441647379 
     0.090693448    0.00042206956 
     0.090927194   0.000403392015 
      0.09116094   0.000385862111 
     0.091394686   0.000368802704 
     0.091628432   0.000352461055 
     0.091862178   0.000336837162 
     0.092095924   0.000321931026 
      0.09232967   0.000307941658 
     0.092563416   0.000294328834 
     0.092797162   0.000281288256 
     0.093030908   0.000268819925 
     0.093264654   0.000256923841 
       0.0934984   0.000245760074 
     0.093732146   0.000234897698 
     0.093965892   0.000224491564 
     0.094199638   0.000214541671 
     0.094433384   0.000205048019 
      0.09466713   0.000196139332 
     0.094900876   0.000187471917 
     0.095134622   0.000179168264 
     0.095368368   0.000171228372 
     0.095602114   0.000163652241 
      0.09583586   0.000156543364 
     0.096069606   0.000149627667 
     0.096303352   0.000143002008 
     0.096537098   0.000136666387 
     0.096770844   0.000130620805 
      0.09700459   0.000124948454 
     0.097238336   0.000119430807 
     0.097472082   0.000114144432 
     0.097705828    0.00010908933 
     0.097939574     0.0001042655 
      0.09817332   9.97398047e-05 
     0.098407066   9.53380351e-05 
     0.098640812   9.11206983e-05 
     0.098874558   8.70877943e-05 
     0.099108304   8.32393232e-05 
      0.09934205   7.96290136e-05 
     0.099575796   7.61180119e-05 
     0.099809542   7.27541155e-05 
     0.100043288   6.95373244e-05 
     0.100277034   6.64676388e-05 
      0.10051078   6.35882242e-05 
     0.100744526   6.07884335e-05 
     0.100978272   5.81060081e-05 
     0.101212018   5.55409478e-05 
     0.101445764   5.30932528e-05 
      0.10167951   5.07975939e-05 
     0.101913256   4.85658281e-05 
     0.102147002   4.64277413e-05 
     0.102380748   4.43833335e-05 
     0.102614494   4.24326047e-05 
      0.10284824   4.06033943e-05 
     0.103081986   3.88255157e-05 
     0.103315732   3.71224625e-05 
     0.103549478   3.54942346e-05 
     0.103783224   3.39408322e-05 
      0.10401697   3.24845999e-05 
     0.104250716   3.10696824e-05 
     0.104484462   2.97145971e-05 
     0.104718208   2.84193441e-05 
     0.104951954   2.71839233e-05 
       0.1051857   2.60262599e-05 
     0.105419446   2.49019392e-05 
     0.105653192   2.38255449e-05 
     0.105886938   2.27970768e-05 
     0.106120684    2.1816535e-05 
      0.10635443    2.0898292e-05 
     0.106588176   2.00070648e-05 
     0.106821922    1.9154331e-05 
     0.107055668   1.83400908e-05 
     0.107289414   1.75643441e-05 
      0.10752316   1.68386144e-05 
     0.107756906   1.61348967e-05 
     0.107990652   1.54622263e-05 
     0.108224398   1.48206031e-05 
     0.108458144   1.42100272e-05 
      0.10869189   1.36397569e-05 
     0.108925636   1.30875526e-05 
     0.109159382   1.25605514e-05 
     0.109393128   1.20587532e-05 
     0.109626874    1.1582158e-05 
      0.10986062   1.11382761e-05 
     0.110094366   1.07093341e-05 
     0.110328112   1.03010505e-05 
     0.110561858    9.9134253e-06 
     0.110795604   9.54645845e-06 
      0.11102935   9.20647539e-06 
     0.111263096   8.87884211e-06 
     0.111496842   8.56838429e-06 
     0.111730588   8.27510195e-06 
     0.111964334   7.99899507e-06 
      0.11219808   7.74597047e-06 
     0.112431826   7.50286526e-06 
     0.112665572   7.27431301e-06 
     0.112899318   7.06031372e-06 
     0.113133064    6.8608674e-06 
      0.11336681   6.70453505e-06 
     0.113600556   6.53559586e-06 
     0.113834302   6.37830766e-06 
     0.114068048   6.23267043e-06 
     0.114301794   6.09868418e-06 
      0.11453554   5.95471562e-06 
     0.114769286   5.84390377e-06 
     0.115003032   5.74475633e-06 
     0.115236778   5.65727328e-06 
     0.115470524   5.58145465e-06 
      0.11570427   5.50597374e-06 
     0.115938016   5.45047988e-06 
     0.116171762   5.40731799e-06 
     0.116405508   5.37648807e-06 
     0.116639254   5.35799011e-06 
        0.116873   5.35182413e-06 
