      -0.1135215   7.72131914e-06 
    -0.113294457   7.72973253e-06 
    -0.113067414   7.75497267e-06 
    -0.112840371   7.79703958e-06 
    -0.112613328   7.85593325e-06 
    -0.112386285   7.93165368e-06 
    -0.112159242   8.03704986e-06 
    -0.111932199   8.14042085e-06 
    -0.111705156   8.25969507e-06 
    -0.111478113   8.39487251e-06 
     -0.11125107   8.54595319e-06 
    -0.111024027   8.74522056e-06 
    -0.110796984   8.92791597e-06 
    -0.110569941   9.12649794e-06 
    -0.110342898   9.34096646e-06 
    -0.110115855   9.57132153e-06 
    -0.109888812   9.77690301e-06 
    -0.109661769   1.00468432e-05 
    -0.109434726   1.03367026e-05 
    -0.109207683   1.06464812e-05 
     -0.10898064   1.09761789e-05 
    -0.108753597   1.13169406e-05 
    -0.108526554    1.1689054e-05 
    -0.108299511   1.20847338e-05 
    -0.108072468   1.25039801e-05 
    -0.107845425   1.29467929e-05 
    -0.107618382   1.34131721e-05 
    -0.107391339   1.38956722e-05 
    -0.107164296   1.44162411e-05 
    -0.106937253   1.49652271e-05 
     -0.10671021   1.55426302e-05 
    -0.106483167   1.61484503e-05 
    -0.106256124   1.67728017e-05 
    -0.106029081    1.7443204e-05 
    -0.105802038   1.81483622e-05 
    -0.105574995   1.88882763e-05 
    -0.105347952   1.96629462e-05 
    -0.105120909   2.04590698e-05 
    -0.104893866   2.13113761e-05 
    -0.104666823   2.22066029e-05 
     -0.10443978   2.31447503e-05 
    -0.104212737   2.41258181e-05 
    -0.103985694   2.51322906e-05 
    -0.103758651   2.62072284e-05 
    -0.103531608   2.73355077e-05 
    -0.103304565   2.85171285e-05 
    -0.103077522   2.97520908e-05 
    -0.102850479   3.10179643e-05 
    -0.102623436   3.23668495e-05 
    -0.102396393   3.37823016e-05 
     -0.10216935   3.52643206e-05 
    -0.101942307   3.68129065e-05 
    -0.101715264   3.84280593e-05 
    -0.101488221   4.00873211e-05 
    -0.101261178   4.18577771e-05 
    -0.101034135   4.37115249e-05 
    -0.100807092   4.56485647e-05 
    -0.100580049   4.76688964e-05 
    -0.100353006    4.9741059e-05 
    -0.100125963   5.19512823e-05 
     -0.09989892   5.42659009e-05 
    -0.099671877   5.66849147e-05 
    -0.099444834   5.92083239e-05 
    -0.099217791   6.17938002e-05 
    -0.098990748   6.45495074e-05 
    -0.098763705   6.74362004e-05 
    -0.098536662   7.04538792e-05 
    -0.098309619   7.36025437e-05 
    -0.098082576   7.68271062e-05 
    -0.097855533   8.02599755e-05 
     -0.09762849    8.3857305e-05 
    -0.097401447   8.76190947e-05 
    -0.097174404   9.15453447e-05 
    -0.096947361    9.5636055e-05 
    -0.096720318   9.98403711e-05 
    -0.096493275    0.00010432085 
    -0.096266232   0.000109007906 
    -0.096039189   0.000113901539 
    -0.095812146   0.000119001749 
    -0.095585103   0.000124235127 
     -0.09535806   0.000129813417 
    -0.095131017   0.000135651256 
    -0.094903974   0.000141748643 
    -0.094676931   0.000148105578 
    -0.094449888    0.00015462104 
    -0.094222845   0.000161564141 
    -0.093995802   0.000168833399 
    -0.093768759   0.000176428814 
    -0.093541716   0.000184350386 
    -0.093314673   0.000192464115 
     -0.09308763   0.000201104025 
    -0.092860587   0.000210153836 
    -0.092633544   0.000219613549 
    -0.092406501   0.000229483162 
    -0.092179458   0.000239590413 
    -0.091952415   0.000250339849 
    -0.091725372   0.000261604464 
    -0.091498329    0.00027338426 
    -0.091271286   0.000285679235 
    -0.091044243    0.00029848939 
      -0.0908172   0.000311646225 
    -0.090590157   0.000325665666 
    -0.090363114   0.000340332628 
    -0.090136071   0.000355647112 
    -0.089909028   0.000371609118 
    -0.089681985   0.000387980269 
    -0.089454942   0.000405425977 
    -0.089227899   0.000423685563 
    -0.089000856   0.000442759026 
    -0.088773813   0.000462646367 
     -0.08854677   0.000483024434 
    -0.088319727   0.000504731131 
    -0.088092684   0.000527460813 
    -0.087865641   0.000551213479 
    -0.087638598    0.00057598913 
    -0.087411555   0.000601364414 
    -0.087184512   0.000628369659 
    -0.086957469   0.000656660728 
    -0.086730426   0.000686237621 
    -0.086503383   0.000717100337 
     -0.08627634   0.000748710753 
    -0.086049297   0.000782304051 
    -0.085822254   0.000817513548 
    -0.085595211   0.000854339245 
    -0.085368168    0.00089278114 
    -0.085141125   0.000932839234 
    -0.084914082   0.000973958621 
    -0.084687039    0.00101777384 
    -0.084459996    0.00106362052 
    -0.084232953    0.00111149866 
     -0.08400591    0.00116140826 
    -0.083778867    0.00121257805 
    -0.083551824    0.00126709665 
    -0.083324781    0.00132416867 
    -0.083097738     0.0013837941 
    -0.082870695    0.00144597293 
    -0.082643652    0.00150967388 
    -0.082416609    0.00157750337 
    -0.082189566    0.00164854232 
    -0.081962523    0.00172279072 
     -0.08173548    0.00180024858 
    -0.081508437     0.0018795807 
    -0.081281394    0.00196396189 
    -0.081054351    0.00205237714 
    -0.080827308    0.00214482643 
    -0.080600265    0.00224130978 
    -0.080373222    0.00234182717 
    -0.080146179    0.00244510908 
    -0.079919136    0.00255513992 
    -0.079692093    0.00267024122 
     -0.07946505      0.002790413 
    -0.079238007    0.00291565526 
    -0.079010964    0.00304415041 
    -0.078783921    0.00318106741 
    -0.078556878    0.00332435754 
    -0.078329835     0.0034740208 
    -0.078102792     0.0036300572 
    -0.077875749    0.00378998033 
    -0.077648706    0.00396033538 
    -0.077421663    0.00413870082 
     -0.07719462    0.00432507666 
    -0.076967577     0.0045194629 
    -0.076740534    0.00471857737 
    -0.076513491    0.00493051407 
    -0.076286448    0.00515251894 
    -0.076059405    0.00538459199 
    -0.075832362    0.00562673322 
    -0.075605319    0.00587474145 
    -0.075378276    0.00613838037 
    -0.075151233    0.00641467371 
     -0.07492419    0.00670362146 
    -0.074697147    0.00700522364 
    -0.074470104    0.00731948023 
    -0.074243061    0.00764217388 
    -0.074016018    0.00798599538 
    -0.073788975    0.00834572159 
    -0.073561932    0.00872135253 
    -0.073334889    0.00911288819 
    -0.073107846    0.00951440537 
    -0.072880803    0.00994221316 
     -0.07265376     0.0103900104 
    -0.072426717      0.010857797 
    -0.072199674      0.011345573 
    -0.071972631     0.0118453527 
    -0.071745588     0.0123776024 
    -0.071518545     0.0129349745 
    -0.071291502     0.0135174691 
    -0.071064459      0.014125086 
    -0.070837416     0.0147474111 
    -0.070610373     0.0154095223 
     -0.07038333     0.0161032057 
    -0.070156287     0.0168284614 
    -0.069929244     0.0175852893 
    -0.069702201     0.0183736894 
    -0.069475158     0.0191840611 
    -0.069248115     0.0200472914 
    -0.069021072     0.0209501975 
    -0.068794029     0.0218927793 
    -0.068566986      0.022875037 
    -0.068339943     0.0238830552 
      -0.0681129     0.0249571378 
    -0.067885857     0.0260810759 
    -0.067658814     0.0272548695 
    -0.067431771     0.0284785188 
    -0.067204728     0.0297328137 
    -0.066977685     0.0310690696 
    -0.066750642     0.0324679665 
    -0.066523599     0.0339295044 
    -0.066296556     0.0354536833 
    -0.066069513     0.0370149542 
     -0.06584247     0.0386771289 
    -0.065615427     0.0404179984 
    -0.065388384     0.0422375627 
    -0.065161341     0.0441358217 
    -0.064934298      0.046079849 
    -0.064707255     0.0481470907 
    -0.064480212     0.0503131772 
    -0.064253169     0.0525781084 
    -0.064026126     0.0549418843 
    -0.063799083      0.057404505 
     -0.06357204     0.0599338254 
    -0.063344997     0.0626284844 
    -0.063117954     0.0654472668 
    -0.062890911     0.0683901725 
    -0.062663868     0.0714572016 
    -0.062436825     0.0746027687 
    -0.062209782     0.0779542469 
    -0.061982739     0.0814615394 
    -0.061755696     0.0851246463 
    -0.061528653     0.0889435675 
     -0.06130161     0.0928564046 
    -0.061074567     0.0970237099 
    -0.060847524      0.101386523 
    -0.060620481      0.105944843 
    -0.060393438       0.11069867 
    -0.060166395      0.115566822 
    -0.059939352      0.120746905 
    -0.059712309      0.126172147 
    -0.059485266      0.131842548 
    -0.059258223       0.13775811 
     -0.05903118      0.143815553 
    -0.058804137      0.150252041 
    -0.058577094      0.156995693 
    -0.058350051      0.164046507 
    -0.058123008      0.171404484 
    -0.057895965      0.179069623 
    -0.057668922      0.186935761 
    -0.057441879      0.195313924 
    -0.057214836      0.204076495 
    -0.056987793      0.213223471 
     -0.05676075      0.222754855 
    -0.056533707      0.232523568 
    -0.056306664      0.242925642 
    -0.056079621      0.253808044 
    -0.055852578      0.265170774 
    -0.055625535      0.277013833 
    -0.055398492      0.289141542 
    -0.055171449      0.302045675 
    -0.054944406      0.315548728 
    -0.054717363      0.329650702 
     -0.05449032      0.344351596 
    -0.054263277      0.359399824 
    -0.054036234      0.375390645 
    -0.053809191      0.392126127 
    -0.053582148      0.409606272 
    -0.053355105      0.427831078 
    -0.053128062      0.446800546 
    -0.052901019      0.466275381 
    -0.052673976      0.486985971 
    -0.052446933      0.508618857 
     -0.05221989      0.531174039 
    -0.051992847      0.554651517 
    -0.051765804      0.578716292 
    -0.051538761      0.604296088 
    -0.051311718      0.631012246 
    -0.051084675      0.658864765 
    -0.050857632      0.687853646 
    -0.050630589      0.717533602 
    -0.050403546      0.749047009 
    -0.050176503      0.781950742 
     -0.04994946        0.8162448 
    -0.049722417      0.851929183 
    -0.049495374      0.888437418 
    -0.049268331      0.927132578 
    -0.049041288      0.967512872 
    -0.048814245        1.0095783 
    -0.048587202       1.05332887 
    -0.048360159       1.09807225 
    -0.048133116       1.14538293 
    -0.047906073       1.19471064 
     -0.04767903       1.24605536 
    -0.047451987       1.29941711 
    -0.047224944       1.35479587 
    -0.046997901       1.41150663 
    -0.046770858       1.47140814 
    -0.046543815       1.53368409 
    -0.046316772       1.59833447 
    -0.046089729       1.66535928 
    -0.045862686       1.73388149 
    -0.045635643       1.80607635 
      -0.0454086        1.8810058 
    -0.045181557       1.95866985 
    -0.044954514       2.03906848 
    -0.044727471       2.12111079 
    -0.044500428       2.20729999 
    -0.044273385       2.29654998 
    -0.044046342       2.38886078 
    -0.043819299       2.48423237 
    -0.043592256       2.58081083 
    -0.043365213       2.68250904 
     -0.04313817       2.78749999 
    -0.042911127        2.8957837 
    -0.042684084       3.00736015 
    -0.042457041       3.12222935 
    -0.042229998       3.23656185 
    -0.042002955       3.35810488 
    -0.041775912       3.48290864 
    -0.041548869       3.61097314 
    -0.041321826       3.74229839 
    -0.041094783       3.87076466 
     -0.04086774       4.00874886 
    -0.040640697       4.14991909 
    -0.040413654       4.29427534 
    -0.040186611       4.44181761 
    -0.039959568       4.59534271 
    -0.039732525       4.74804306 
    -0.039505482       4.90361143 
    -0.039278439       5.05402908 
    -0.039051396       5.21782737 
    -0.038824353       5.39205542 
     -0.03859731       5.56268769 
    -0.038370267       5.73625528 
    -0.038143224       5.91427549 
    -0.037916181       6.08665469 
    -0.037689138       6.26905482 
    -0.037462095       6.44963773 
    -0.037235052       6.63245654 
    -0.037008009       6.81576121 
    -0.036780966       6.99994724 
    -0.036553923       7.18523327 
     -0.03632688       7.37081703 
    -0.036099837       7.55674846 
    -0.035872794        7.7428052 
    -0.035645751       7.92920693 
    -0.035418708       8.11484162 
    -0.035191665       8.29991912 
    -0.034964622       8.48421651 
    -0.034737579       8.66753114 
    -0.034510536       8.84999061 
    -0.034283493       9.03073694 
     -0.03405645       9.21008586 
    -0.033829407       9.38808143 
    -0.033602364       9.56423982 
    -0.033375321       9.73902412 
    -0.033148278       9.91487705 
    -0.032921235       10.0781349 
    -0.032694192       10.2396356 
    -0.032467149       10.3972646 
    -0.032240106       10.5470356 
    -0.032013063       10.7018288 
     -0.03178602       10.8669833 
    -0.031558977       11.0189479 
    -0.031331934       11.1637687 
    -0.031104891       11.3099663 
    -0.030877848       11.4415225 
    -0.030650805       11.5671343 
    -0.030423762       11.6868019 
    -0.030196719       11.8005252 
    -0.029969676       11.8573434 
    -0.029742633       11.9643339 
     -0.02951559       12.0687598 
    -0.029288547       12.1706212 
    -0.029061504       12.2699181 
    -0.028834461       12.3666505 
    -0.028607418       12.4841002 
    -0.028380375       12.5726105 
    -0.028153332       12.6570647 
    -0.027926289       12.7374626 
    -0.027699246       12.8138043 
    -0.027472203        12.883717 
     -0.02724516       12.9519452 
    -0.027018117       13.0164269 
    -0.026791074       13.0771623 
    -0.026564031       13.1341513 
    -0.026336988       13.1886056 
    -0.026109945       13.2385203 
    -0.025882902       13.2851801 
    -0.025655859       13.3285851 
    -0.025428816       13.3687351 
    -0.025201773       13.4056301 
     -0.02497473       13.4390694 
    -0.024747687       13.4702128 
    -0.024520644       13.4985991 
    -0.024293601       13.5242283 
    -0.024066558       13.5471003 
    -0.023839515       13.5666729 
    -0.023612472       13.5846479 
    -0.023385429       13.6003654 
    -0.023158386       13.6138254 
    -0.022931343       13.6250278 
      -0.0227043       13.6332879 
    -0.022477257        13.640421 
    -0.022250214        13.645766 
    -0.022023171       13.6493228 
    -0.021796128       13.6510915 
    -0.021569085       13.6503768 
    -0.021342042       13.6488483 
    -0.021114999       13.6459522 
    -0.020887956       13.6416882 
    -0.020660913       13.6360565 
     -0.02043387        13.629057 
    -0.020206827       13.6202041 
    -0.019979784       13.6109702 
    -0.019752741        13.600732 
    -0.019525698       13.5894895 
    -0.019298655       13.5772425 
    -0.019071612       13.5635088 
    -0.018844569       13.5495879 
    -0.018617526       13.5349683 
    -0.018390483       13.5196503 
     -0.01816344       13.5036336 
    -0.017936397       13.4864834 
    -0.017709354       13.4692737 
    -0.017482311       13.4516174 
    -0.017255268       13.4335144 
    -0.017028225       13.4149648 
    -0.016801182       13.3959685 
    -0.016574139       13.3762677 
    -0.016347096       13.3566894 
    -0.016120053       13.3368685 
     -0.01589301        13.316805 
    -0.015665967       13.2964988 
    -0.015438924       13.2757009 
    -0.015211881       13.2551118 
    -0.014984838       13.2344431 
    -0.014757795       13.2136946 
    -0.014530752       13.1928664 
    -0.014303709       13.1717383 
    -0.014076666        13.150874 
    -0.013849623       13.1300586 
     -0.01362258        13.109292 
    -0.013395537       13.0885743 
    -0.013168494       13.0677232 
    -0.012941451       13.0471712 
    -0.012714408       13.0267685 
    -0.012487365       13.0065151 
    -0.012260322       12.9864111 
    -0.012033279       12.9664564 
    -0.011806236       12.9465386 
    -0.011579193       12.9269908 
     -0.01135215       12.9076702 
    -0.011125107       12.8885766 
    -0.010898064       12.8697101 
    -0.010671021       12.8509707 
    -0.010443978       12.8326245 
    -0.010216935       12.8145651 
    -0.009989892       12.7967924 
    -0.009762849       12.7793064 
    -0.009535806       12.7620241 
    -0.009308763       12.7451491 
     -0.00908172       12.7286062 
    -0.008854677       12.7123953 
    -0.008627634       12.6965165 
    -0.008400591       12.6809698 
    -0.008173548       12.6657082 
    -0.007946505       12.6508785 
    -0.007719462       12.6364151 
    -0.007492419       12.6223179 
    -0.007265376        12.608587 
    -0.007038333       12.5951792 
     -0.00681129       12.5822131 
    -0.006584247       12.5696389 
    -0.006357204       12.5574565 
    -0.006130161       12.5456658 
    -0.005903118       12.5342284 
    -0.005676075       12.5232399 
    -0.005449032       12.5126621 
    -0.005221989       12.5024949 
    -0.004994946       12.4927383 
    -0.004767903       12.4833585 
     -0.00454086       12.4744329 
    -0.004313817       12.4659317 
    -0.004086774       12.4578547 
    -0.003859731       12.4502021 
    -0.003632688       12.4429738 
    -0.003405645       12.4361256 
    -0.003178602       12.4297596 
    -0.002951559       12.4238269 
    -0.002724516       12.4183277 
    -0.002497473       12.4132619 
     -0.00227043       12.4077057 
    -0.002043387       12.4034916 
    -0.001816344       12.3997212 
    -0.001589301       12.3963943 
    -0.001362258        12.393511 
    -0.001135215        12.390715 
    -0.000908172       12.3885969 
    -0.000681129       12.3869495 
    -0.000454086       12.3857728 
    -0.000227043       12.3850668 
               0       12.3848315 
     0.000227043       12.3850668 
     0.000454086       12.3857728 
     0.000681129       12.3869495 
     0.000908172       12.3885969 
     0.001135215        12.390715 
     0.001362258        12.393511 
     0.001589301       12.3963943 
     0.001816344       12.3997212 
     0.002043387       12.4034916 
      0.00227043       12.4077057 
     0.002497473       12.4132619 
     0.002724516       12.4183277 
     0.002951559       12.4238269 
     0.003178602       12.4297596 
     0.003405645       12.4361256 
     0.003632688       12.4429738 
     0.003859731       12.4502021 
     0.004086774       12.4578547 
     0.004313817       12.4659317 
      0.00454086       12.4744329 
     0.004767903       12.4833585 
     0.004994946       12.4927383 
     0.005221989       12.5024949 
     0.005449032       12.5126621 
     0.005676075       12.5232399 
     0.005903118       12.5342284 
     0.006130161       12.5456658 
     0.006357204       12.5574565 
     0.006584247       12.5696389 
      0.00681129       12.5822131 
     0.007038333       12.5951792 
     0.007265376        12.608587 
     0.007492419       12.6223179 
     0.007719462       12.6364151 
     0.007946505       12.6508785 
     0.008173548       12.6657082 
     0.008400591       12.6809698 
     0.008627634       12.6965165 
     0.008854677       12.7123953 
      0.00908172       12.7286062 
     0.009308763       12.7451491 
     0.009535806       12.7620241 
     0.009762849       12.7793064 
     0.009989892       12.7967924 
     0.010216935       12.8145651 
     0.010443978       12.8326245 
     0.010671021       12.8509707 
     0.010898064       12.8697101 
     0.011125107       12.8885766 
      0.01135215       12.9076702 
     0.011579193       12.9269908 
     0.011806236       12.9465386 
     0.012033279       12.9664564 
     0.012260322       12.9864111 
     0.012487365       13.0065151 
     0.012714408       13.0267685 
     0.012941451       13.0471712 
     0.013168494       13.0677232 
     0.013395537       13.0885743 
      0.01362258        13.109292 
     0.013849623       13.1300586 
     0.014076666        13.150874 
     0.014303709       13.1717383 
     0.014530752       13.1928664 
     0.014757795       13.2136946 
     0.014984838       13.2344431 
     0.015211881       13.2551118 
     0.015438924       13.2757009 
     0.015665967       13.2964988 
      0.01589301        13.316805 
     0.016120053       13.3368685 
     0.016347096       13.3566894 
     0.016574139       13.3762677 
     0.016801182       13.3959685 
     0.017028225       13.4149648 
     0.017255268       13.4335144 
     0.017482311       13.4516174 
     0.017709354       13.4692737 
     0.017936397       13.4864834 
      0.01816344       13.5036336 
     0.018390483       13.5196503 
     0.018617526       13.5349683 
     0.018844569       13.5495879 
     0.019071612       13.5635088 
     0.019298655       13.5772425 
     0.019525698       13.5894895 
     0.019752741        13.600732 
     0.019979784       13.6109702 
     0.020206827       13.6202041 
      0.02043387        13.629057 
     0.020660913       13.6360565 
     0.020887956       13.6416882 
     0.021114999       13.6459522 
     0.021342042       13.6488483 
     0.021569085       13.6503768 
     0.021796128       13.6510915 
     0.022023171       13.6493228 
     0.022250214        13.645766 
     0.022477257        13.640421 
       0.0227043       13.6332879 
     0.022931343       13.6250278 
     0.023158386       13.6138254 
     0.023385429       13.6003654 
     0.023612472       13.5846479 
     0.023839515       13.5666729 
     0.024066558       13.5471003 
     0.024293601       13.5242283 
     0.024520644       13.4985991 
     0.024747687       13.4702128 
      0.02497473       13.4390694 
     0.025201773       13.4056301 
     0.025428816       13.3687351 
     0.025655859       13.3285851 
     0.025882902       13.2851801 
     0.026109945       13.2385203 
     0.026336988       13.1886056 
     0.026564031       13.1341513 
     0.026791074       13.0771623 
     0.027018117       13.0164269 
      0.02724516       12.9519452 
     0.027472203        12.883717 
     0.027699246       12.8138043 
     0.027926289       12.7374626 
     0.028153332       12.6570647 
     0.028380375       12.5726105 
     0.028607418       12.4841002 
     0.028834461       12.3666505 
     0.029061504       12.2699181 
     0.029288547       12.1706212 
      0.02951559       12.0687598 
     0.029742633       11.9643339 
     0.029969676       11.8573434 
     0.030196719       11.8005252 
     0.030423762       11.6868019 
     0.030650805       11.5671343 
     0.030877848       11.4415225 
     0.031104891       11.3099663 
     0.031331934       11.1637687 
     0.031558977       11.0189479 
      0.03178602       10.8669833 
     0.032013063       10.7018288 
     0.032240106       10.5470356 
     0.032467149       10.3972646 
     0.032694192       10.2396356 
     0.032921235       10.0781349 
     0.033148278       9.91487705 
     0.033375321       9.73902412 
     0.033602364       9.56423982 
     0.033829407       9.38808143 
      0.03405645       9.21008586 
     0.034283493       9.03073694 
     0.034510536       8.84999061 
     0.034737579       8.66753114 
     0.034964622       8.48421651 
     0.035191665       8.29991912 
     0.035418708       8.11484162 
     0.035645751       7.92920693 
     0.035872794        7.7428052 
     0.036099837       7.55674846 
      0.03632688       7.37081703 
     0.036553923       7.18523327 
     0.036780966       6.99994724 
     0.037008009       6.81576121 
     0.037235052       6.63245654 
     0.037462095       6.44963773 
     0.037689138       6.26905482 
     0.037916181       6.08665469 
     0.038143224       5.91427549 
     0.038370267       5.73625528 
      0.03859731       5.56268769 
     0.038824353       5.39205542 
     0.039051396       5.21782737 
     0.039278439       5.05402908 
     0.039505482       4.90361143 
     0.039732525       4.74804306 
     0.039959568       4.59534271 
     0.040186611       4.44181761 
     0.040413654       4.29427534 
     0.040640697       4.14991909 
      0.04086774       4.00874886 
     0.041094783       3.87076466 
     0.041321826       3.74229839 
     0.041548869       3.61097314 
     0.041775912       3.48290864 
     0.042002955       3.35810488 
     0.042229998       3.23656185 
     0.042457041       3.12222935 
     0.042684084       3.00736015 
     0.042911127        2.8957837 
      0.04313817       2.78749999 
     0.043365213       2.68250904 
     0.043592256       2.58081083 
     0.043819299       2.48423237 
     0.044046342       2.38886078 
     0.044273385       2.29654998 
     0.044500428       2.20729999 
     0.044727471       2.12111079 
     0.044954514       2.03906848 
     0.045181557       1.95866985 
       0.0454086        1.8810058 
     0.045635643       1.80607635 
     0.045862686       1.73388149 
     0.046089729       1.66535928 
     0.046316772       1.59833447 
     0.046543815       1.53368409 
     0.046770858       1.47140814 
     0.046997901       1.41150663 
     0.047224944       1.35479587 
     0.047451987       1.29941711 
      0.04767903       1.24605536 
     0.047906073       1.19471064 
     0.048133116       1.14538293 
     0.048360159       1.09807225 
     0.048587202       1.05332887 
     0.048814245        1.0095783 
     0.049041288      0.967512872 
     0.049268331      0.927132578 
     0.049495374      0.888437418 
     0.049722417      0.851929183 
      0.04994946        0.8162448 
     0.050176503      0.781950742 
     0.050403546      0.749047009 
     0.050630589      0.717533602 
     0.050857632      0.687853646 
     0.051084675      0.658864765 
     0.051311718      0.631012246 
     0.051538761      0.604296088 
     0.051765804      0.578716292 
     0.051992847      0.554651517 
      0.05221989      0.531174039 
     0.052446933      0.508618857 
     0.052673976      0.486985971 
     0.052901019      0.466275381 
     0.053128062      0.446800546 
     0.053355105      0.427831078 
     0.053582148      0.409606272 
     0.053809191      0.392126127 
     0.054036234      0.375390645 
     0.054263277      0.359399824 
      0.05449032      0.344351596 
     0.054717363      0.329650702 
     0.054944406      0.315548728 
     0.055171449      0.302045675 
     0.055398492      0.289141542 
     0.055625535      0.277013833 
     0.055852578      0.265170774 
     0.056079621      0.253808044 
     0.056306664      0.242925642 
     0.056533707      0.232523568 
      0.05676075      0.222754855 
     0.056987793      0.213223471 
     0.057214836      0.204076495 
     0.057441879      0.195313924 
     0.057668922      0.186935761 
     0.057895965      0.179069623 
     0.058123008      0.171404484 
     0.058350051      0.164046507 
     0.058577094      0.156995693 
     0.058804137      0.150252041 
      0.05903118      0.143815553 
     0.059258223       0.13775811 
     0.059485266      0.131842548 
     0.059712309      0.126172147 
     0.059939352      0.120746905 
     0.060166395      0.115566822 
     0.060393438       0.11069867 
     0.060620481      0.105944843 
     0.060847524      0.101386523 
     0.061074567     0.0970237099 
      0.06130161     0.0928564046 
     0.061528653     0.0889435675 
     0.061755696     0.0851246463 
     0.061982739     0.0814615394 
     0.062209782     0.0779542469 
     0.062436825     0.0746027687 
     0.062663868     0.0714572016 
     0.062890911     0.0683901725 
     0.063117954     0.0654472668 
     0.063344997     0.0626284844 
      0.06357204     0.0599338254 
     0.063799083      0.057404505 
     0.064026126     0.0549418843 
     0.064253169     0.0525781084 
     0.064480212     0.0503131772 
     0.064707255     0.0481470907 
     0.064934298      0.046079849 
     0.065161341     0.0441358217 
     0.065388384     0.0422375627 
     0.065615427     0.0404179984 
      0.06584247     0.0386771289 
     0.066069513     0.0370149542 
     0.066296556     0.0354536833 
     0.066523599     0.0339295044 
     0.066750642     0.0324679665 
     0.066977685     0.0310690696 
     0.067204728     0.0297328137 
     0.067431771     0.0284785188 
     0.067658814     0.0272548695 
     0.067885857     0.0260810759 
       0.0681129     0.0249571378 
     0.068339943     0.0238830552 
     0.068566986      0.022875037 
     0.068794029     0.0218927793 
     0.069021072     0.0209501975 
     0.069248115     0.0200472914 
     0.069475158     0.0191840611 
     0.069702201     0.0183736894 
     0.069929244     0.0175852893 
     0.070156287     0.0168284614 
      0.07038333     0.0161032057 
     0.070610373     0.0154095223 
     0.070837416     0.0147474111 
     0.071064459      0.014125086 
     0.071291502     0.0135174691 
     0.071518545     0.0129349745 
     0.071745588     0.0123776024 
     0.071972631     0.0118453527 
     0.072199674      0.011345573 
     0.072426717      0.010857797 
      0.07265376     0.0103900104 
     0.072880803    0.00994221316 
     0.073107846    0.00951440537 
     0.073334889    0.00911288819 
     0.073561932    0.00872135253 
     0.073788975    0.00834572159 
     0.074016018    0.00798599538 
     0.074243061    0.00764217388 
     0.074470104    0.00731948023 
     0.074697147    0.00700522364 
      0.07492419    0.00670362146 
     0.075151233    0.00641467371 
     0.075378276    0.00613838037 
     0.075605319    0.00587474145 
     0.075832362    0.00562673322 
     0.076059405    0.00538459199 
     0.076286448    0.00515251894 
     0.076513491    0.00493051407 
     0.076740534    0.00471857737 
     0.076967577     0.0045194629 
      0.07719462    0.00432507666 
     0.077421663    0.00413870082 
     0.077648706    0.00396033538 
     0.077875749    0.00378998033 
     0.078102792     0.0036300572 
     0.078329835     0.0034740208 
     0.078556878    0.00332435754 
     0.078783921    0.00318106741 
     0.079010964    0.00304415041 
     0.079238007    0.00291565526 
      0.07946505      0.002790413 
     0.079692093    0.00267024122 
     0.079919136    0.00255513992 
     0.080146179    0.00244510908 
     0.080373222    0.00234182717 
     0.080600265    0.00224130978 
     0.080827308    0.00214482643 
     0.081054351    0.00205237714 
     0.081281394    0.00196396189 
     0.081508437     0.0018795807 
      0.08173548    0.00180024858 
     0.081962523    0.00172279072 
     0.082189566    0.00164854232 
     0.082416609    0.00157750337 
     0.082643652    0.00150967388 
     0.082870695    0.00144597293 
     0.083097738     0.0013837941 
     0.083324781    0.00132416867 
     0.083551824    0.00126709665 
     0.083778867    0.00121257805 
      0.08400591    0.00116140826 
     0.084232953    0.00111149866 
     0.084459996    0.00106362052 
     0.084687039    0.00101777384 
     0.084914082   0.000973958621 
     0.085141125   0.000932839234 
     0.085368168    0.00089278114 
     0.085595211   0.000854339245 
     0.085822254   0.000817513548 
     0.086049297   0.000782304051 
      0.08627634   0.000748710753 
     0.086503383   0.000717100337 
     0.086730426   0.000686237621 
     0.086957469   0.000656660728 
     0.087184512   0.000628369659 
     0.087411555   0.000601364414 
     0.087638598    0.00057598913 
     0.087865641   0.000551213479 
     0.088092684   0.000527460813 
     0.088319727   0.000504731131 
      0.08854677   0.000483024434 
     0.088773813   0.000462646367 
     0.089000856   0.000442759026 
     0.089227899   0.000423685563 
     0.089454942   0.000405425977 
     0.089681985   0.000387980269 
     0.089909028   0.000371609118 
     0.090136071   0.000355647112 
     0.090363114   0.000340332628 
     0.090590157   0.000325665666 
       0.0908172   0.000311646225 
     0.091044243    0.00029848939 
     0.091271286   0.000285679235 
     0.091498329    0.00027338426 
     0.091725372   0.000261604464 
     0.091952415   0.000250339849 
     0.092179458   0.000239590413 
     0.092406501   0.000229483162 
     0.092633544   0.000219613549 
     0.092860587   0.000210153836 
      0.09308763   0.000201104025 
     0.093314673   0.000192464115 
     0.093541716   0.000184350386 
     0.093768759   0.000176428814 
     0.093995802   0.000168833399 
     0.094222845   0.000161564141 
     0.094449888    0.00015462104 
     0.094676931   0.000148105578 
     0.094903974   0.000141748643 
     0.095131017   0.000135651256 
      0.09535806   0.000129813417 
     0.095585103   0.000124235127 
     0.095812146   0.000119001749 
     0.096039189   0.000113901539 
     0.096266232   0.000109007906 
     0.096493275    0.00010432085 
     0.096720318   9.98403711e-05 
     0.096947361    9.5636055e-05 
     0.097174404   9.15453447e-05 
     0.097401447   8.76190947e-05 
      0.09762849    8.3857305e-05 
     0.097855533   8.02599755e-05 
     0.098082576   7.68271062e-05 
     0.098309619   7.36025437e-05 
     0.098536662   7.04538792e-05 
     0.098763705   6.74362004e-05 
     0.098990748   6.45495074e-05 
     0.099217791   6.17938002e-05 
     0.099444834   5.92083239e-05 
     0.099671877   5.66849147e-05 
      0.09989892   5.42659009e-05 
     0.100125963   5.19512823e-05 
     0.100353006    4.9741059e-05 
     0.100580049   4.76688964e-05 
     0.100807092   4.56485647e-05 
     0.101034135   4.37115249e-05 
     0.101261178   4.18577771e-05 
     0.101488221   4.00873211e-05 
     0.101715264   3.84280593e-05 
     0.101942307   3.68129065e-05 
      0.10216935   3.52643206e-05 
     0.102396393   3.37823016e-05 
     0.102623436   3.23668495e-05 
     0.102850479   3.10179643e-05 
     0.103077522   2.97520908e-05 
     0.103304565   2.85171285e-05 
     0.103531608   2.73355077e-05 
     0.103758651   2.62072284e-05 
     0.103985694   2.51322906e-05 
     0.104212737   2.41258181e-05 
      0.10443978   2.31447503e-05 
     0.104666823   2.22066029e-05 
     0.104893866   2.13113761e-05 
     0.105120909   2.04590698e-05 
     0.105347952   1.96629462e-05 
     0.105574995   1.88882763e-05 
     0.105802038   1.81483622e-05 
     0.106029081    1.7443204e-05 
     0.106256124   1.67728017e-05 
     0.106483167   1.61484503e-05 
      0.10671021   1.55426302e-05 
     0.106937253   1.49652271e-05 
     0.107164296   1.44162411e-05 
     0.107391339   1.38956722e-05 
     0.107618382   1.34131721e-05 
     0.107845425   1.29467929e-05 
     0.108072468   1.25039801e-05 
     0.108299511   1.20847338e-05 
     0.108526554    1.1689054e-05 
     0.108753597   1.13169406e-05 
      0.10898064   1.09761789e-05 
     0.109207683   1.06464812e-05 
     0.109434726   1.03367026e-05 
     0.109661769   1.00468432e-05 
     0.109888812   9.77690301e-06 
     0.110115855   9.57132153e-06 
     0.110342898   9.34096646e-06 
     0.110569941   9.12649794e-06 
     0.110796984   8.92791597e-06 
     0.111024027   8.74522056e-06 
      0.11125107   8.54595319e-06 
     0.111478113   8.39487251e-06 
     0.111705156   8.25969507e-06 
     0.111932199   8.14042085e-06 
     0.112159242   8.03704986e-06 
     0.112386285   7.93165368e-06 
     0.112613328   7.85593325e-06 
     0.112840371   7.79703958e-06 
     0.113067414   7.75497267e-06 
     0.113294457   7.72973253e-06 
       0.1135215   7.72131914e-06 
