       -0.116207   5.72449911e-06 
    -0.115974586   5.73104032e-06 
    -0.115742172   5.75066392e-06 
    -0.115509758   5.78336992e-06 
    -0.115277344   5.82915833e-06 
     -0.11504493   5.88802914e-06 
    -0.114812516   5.96911185e-06 
    -0.114580102   6.04946021e-06 
    -0.114347688   6.14216986e-06 
    -0.114115274   6.24724079e-06 
     -0.11388286   6.36467302e-06 
    -0.113650446   6.51865301e-06 
    -0.113418032   6.66066345e-06 
    -0.113185618   6.81502262e-06 
    -0.112953204   6.98173053e-06 
     -0.11272079   7.16078717e-06 
    -0.112488376     7.323317e-06 
    -0.112255962   7.53411294e-06 
    -0.112023548   7.76041085e-06 
    -0.111791134    8.0022107e-06 
     -0.11155872   8.25951251e-06 
    -0.111326306   8.52616044e-06 
    -0.111093892    8.8176879e-06 
    -0.110861478   9.12756994e-06 
    -0.110629064   9.45580655e-06 
     -0.11039665   9.80239774e-06 
    -0.110164236   1.01605054e-05 
    -0.109931822   1.05475418e-05 
    -0.109699408   1.09567282e-05 
    -0.109466994   1.13880647e-05 
     -0.10923458   1.18415512e-05 
    -0.109002166   1.23087912e-05 
    -0.108769752   1.28108364e-05 
    -0.108537338   1.33399939e-05 
    -0.108304924   1.38962637e-05 
     -0.10807251   1.44796459e-05 
    -0.107840096   1.50795086e-05 
    -0.107607682   1.57218298e-05 
    -0.107375268   1.63976582e-05 
    -0.107142854   1.71069938e-05 
     -0.10691044   1.78498366e-05 
    -0.106678026   1.86127059e-05 
    -0.106445612   1.94276164e-05 
    -0.106213198   2.02842008e-05 
    -0.105980784   2.11824591e-05 
     -0.10574837   2.21223914e-05 
    -0.105515956    2.3087007e-05 
    -0.105283542   2.41154919e-05 
    -0.105051128   2.51960211e-05 
    -0.104818714   2.63285947e-05 
      -0.1045863   2.75132127e-05 
    -0.104353886    2.8749875e-05 
    -0.104121472   3.00224055e-05 
    -0.103889058   3.13813461e-05 
    -0.103656644   3.28054536e-05 
     -0.10342423    3.4294728e-05 
    -0.103191816   3.58491692e-05 
    -0.102959402   3.74469351e-05 
    -0.102726988   3.91527716e-05 
    -0.102494574    4.0940343e-05 
     -0.10226216   4.28096495e-05 
    -0.102029746   4.47606909e-05 
    -0.101797332   4.67643818e-05 
    -0.101564918   4.89030603e-05 
    -0.101332504   5.11443631e-05 
     -0.10110009   5.34882901e-05 
    -0.100867676   5.59348413e-05 
    -0.100635262   5.84457444e-05 
    -0.100402848   6.11249937e-05 
    -0.100170434   6.39331813e-05 
     -0.09993802   6.68703073e-05 
    -0.099705606   6.99363716e-05 
    -0.099473192   7.30815354e-05 
    -0.099240778   7.64362805e-05 
    -0.099008364   7.99530932e-05 
     -0.09877595   8.36319736e-05 
    -0.098543536   8.74729216e-05 
    -0.098311122   9.14116389e-05 
    -0.098078708   9.56107799e-05 
    -0.097846294   0.000100013683 
     -0.09761388    0.00010462035 
    -0.097381466   0.000109430778 
    -0.097149052   0.000114362725 
    -0.096916638   0.000119617621 
    -0.096684224   0.000125128743 
     -0.09645181    0.00013089609 
    -0.096219396   0.000136919663 
    -0.095986982   0.000143095112 
    -0.095754568   0.000149670192 
    -0.095522154   0.000156567502 
     -0.09528974   0.000163787041 
    -0.095057326   0.000171328809 
    -0.094824912   0.000179061442 
    -0.094592498   0.000187287482 
    -0.094360084   0.000195918782 
     -0.09412767   0.000204955342 
    -0.093895256   0.000214397161 
    -0.093662842   0.000224244239 
    -0.093430428   0.000234370871 
    -0.093198014   0.000245171294 
      -0.0929656   0.000256481421 
    -0.092733186   0.000268301251 
    -0.092500772   0.000280630784 
    -0.092268358   0.000293300255 
    -0.092035944   0.000306814153 
     -0.09180353   0.000320969127 
    -0.091571116    0.00033576518 
    -0.091338702    0.00035120231 
    -0.091106288   0.000367054372 
    -0.090873874   0.000383962683 
     -0.09064146   0.000401677317 
    -0.090409046   0.000420198274 
    -0.090176632   0.000439525553 
    -0.089944218     0.0004593614 
    -0.089711804   0.000480515886 
     -0.08947939    0.00050268454 
    -0.089246976   0.000525867361 
    -0.089014562    0.00055006435 
    -0.088782148   0.000574887458 
    -0.088549734   0.000601353507 
     -0.08831732   0.000629095147 
    -0.088084906   0.000658112377 
    -0.087852492   0.000688405199 
    -0.087620078   0.000719472541 
    -0.087387664   0.000752582692 
     -0.08715525   0.000787297246 
    -0.086922836     0.0008236162 
    -0.086690422   0.000861539556 
    -0.086458008     0.0009004258 
    -0.086225594   0.000941846675 
     -0.08599318   0.000985285518 
    -0.085760766    0.00103074233 
    -0.085528352     0.0010782171 
    -0.085295938    0.00112689514 
    -0.085063524    0.00117871112 
     -0.08483111    0.00123306523 
    -0.084598696    0.00128995748 
    -0.084366282    0.00134938785 
    -0.084133868    0.00141032979 
    -0.083901454    0.00147514764 
     -0.08366904    0.00154315786 
    -0.083436626    0.00161436043 
    -0.083204212    0.00168875537 
    -0.082971798    0.00176634268 
    -0.082739384    0.00184613891 
     -0.08250697    0.00193123379 
    -0.082274556     0.0020203439 
    -0.082042142    0.00211346921 
    -0.081809728    0.00221060975 
    -0.081577314    0.00231043596 
      -0.0813449    0.00241690423 
    -0.081112486    0.00252842264 
    -0.080880072    0.00264499119 
    -0.080647658    0.00276660988 
    -0.080415244    0.00289150592 
     -0.08018283    0.00302471202 
    -0.079950416    0.00316426991 
    -0.079718002    0.00331017957 
    -0.079485588    0.00346244102 
    -0.079253174    0.00361871806 
     -0.07902076    0.00378537175 
    -0.078788346    0.00396001429 
    -0.078555932    0.00414264568 
    -0.078323518    0.00433326591 
    -0.078091104    0.00452882794 
     -0.07785869    0.00473732129 
    -0.077626276    0.00495586238 
    -0.077393862    0.00518445122 
    -0.077161448    0.00542308779 
    -0.076929034    0.00566783459 
     -0.07669662    0.00592866327 
    -0.076464206    0.00620212906 
    -0.076231792    0.00648823196 
    -0.075999378    0.00678697196 
    -0.075766964    0.00709330421 
     -0.07553455    0.00741959414 
    -0.075302136    0.00776177756 
    -0.075069722    0.00811985448 
    -0.074837308     0.0084938249 
    -0.074604894    0.00887727735 
     -0.07437248    0.00928544276 
    -0.074140066    0.00971359675 
    -0.073907652     0.0101617393 
    -0.073675238     0.0106298705 
    -0.073442824     0.0111099056 
     -0.07321041     0.0116204714 
    -0.072977996     0.0121561753 
    -0.072745582     0.0127170172 
    -0.072513168     0.0133029971 
    -0.072280754     0.0139141152 
     -0.07204834     0.0145426288 
    -0.071815926     0.0152128706 
    -0.071583512     0.0159147254 
    -0.071351098     0.0166481931 
    -0.071118684     0.0174132737 
     -0.07088627     0.0181994925 
    -0.070653856     0.0190380213 
    -0.070421442     0.0199163036 
    -0.070189028     0.0208343393 
    -0.069956614     0.0217921284 
      -0.0697242     0.0227756954 
    -0.069491786     0.0238247088 
    -0.069259372     0.0249237088 
    -0.069026958     0.0260726954 
    -0.068794544     0.0272716685 
     -0.06856213     0.0285022014 
    -0.068329716     0.0298144514 
    -0.068097302     0.0311895492 
    -0.067864888     0.0326274947 
    -0.067632474      0.034128288 
     -0.06740006     0.0356678844 
    -0.067167646     0.0373093019 
    -0.066935232     0.0390297271 
    -0.066702818     0.0408291599 
    -0.066470404     0.0427076003 
     -0.06623799      0.044633966 
    -0.066005576     0.0466869288 
    -0.065773162     0.0488391966 
    -0.065540748     0.0510907692 
    -0.065308334     0.0534416468 
     -0.06507592     0.0558519968 
    -0.064843506     0.0584193921 
    -0.064611092     0.0611115735 
    -0.064378678     0.0639285412 
    -0.064146264     0.0668702951 
     -0.06391385     0.0698862098 
    -0.063681436     0.0730964732 
    -0.063449022     0.0764634907 
    -0.063216608     0.0799872623 
    -0.062984194     0.0836677881 
     -0.06275178     0.0874412416 
    -0.062519366     0.0914545912 
    -0.062286952     0.0956647639 
    -0.062054538       0.10007176 
    -0.061822124      0.104675579 
     -0.06158971       0.10947622 
    -0.061357296      0.114412514 
    -0.061124882      0.119675615 
    -0.060892468      0.125185699 
    -0.060660054      0.130942766 
     -0.06042764      0.136946816 
    -0.060195226      0.143115248 
    -0.059962812      0.149692362 
    -0.059730398      0.156579145 
    -0.059497984      0.163775597 
     -0.05926557      0.171281718 
    -0.059033156       0.17898762 
    -0.058800742       0.18720311 
    -0.058568328      0.195806427 
    -0.058335914       0.20479757 
      -0.0581035      0.214176539 
    -0.057871086      0.223799068 
    -0.057638672      0.234054935 
    -0.057406258      0.244795766 
    -0.057173844      0.256021562 
     -0.05694143      0.267732321 
    -0.056709016      0.279740955 
    -0.056476602      0.292533789 
    -0.056244188      0.305931789 
    -0.056011774      0.319934958 
     -0.05577936      0.334543293 
    -0.055546946      0.349517065 
    -0.055314532      0.365457584 
    -0.055082118      0.382151135 
    -0.054849704      0.399597717 
     -0.05461729      0.417797329 
    -0.054384876      0.436446511 
    -0.054152462      0.456281307 
    -0.053920048      0.477049542 
    -0.053687634      0.498751217 
     -0.05345522      0.521386332 
    -0.053222806      0.544575705 
    -0.052990392      0.569210062 
    -0.052757978      0.594995518 
    -0.052525564       0.62193207 
     -0.05229315      0.650019721 
    -0.052060736      0.678791384 
    -0.051828322      0.709310921 
    -0.051595908      0.741240111 
    -0.051363494      0.774578953 
     -0.05113108      0.809327447 
    -0.050898666      0.845485594 
    -0.050666252      0.882606354 
    -0.050433838      0.922003588 
    -0.050201424       0.96311105 
     -0.04996901       1.00592874 
    -0.049736596       1.05045665 
    -0.049504182       1.09611997 
    -0.049271768        1.1445069 
    -0.049039354       1.19494299 
     -0.04880694       1.24742825 
    -0.048574526       1.30196269 
    -0.048342112       1.35782792 
    -0.048109698       1.41689774 
    -0.047877284       1.47838248 
     -0.04764487       1.54228214 
    -0.047412456       1.60859673 
    -0.047180042        1.6764496 
    -0.046947628       1.74800142 
    -0.046715214       1.82233766 
      -0.0464828       1.89945833 
    -0.046250386       1.97936343 
    -0.046017972        2.0609858 
    -0.045785558       2.14680348 
    -0.045553144       2.23574148 
     -0.04532073       2.32779979 
    -0.045088316       2.42297842 
    -0.044855902       2.51946867 
    -0.044623488       2.62113414 
    -0.044391074        2.7261603 
     -0.04415866       2.83454714 
    -0.043926246       2.94629467 
    -0.043693832       3.05754947 
    -0.043461418       3.17613259 
    -0.043229004        3.2980463 
     -0.04299659       3.42329061 
    -0.042764176       3.55186553 
    -0.042531762       3.67775726 
    -0.042299348       3.81317703 
    -0.042066934       3.95185266 
     -0.04183452       4.09378415 
    -0.041602106       4.23897151 
    -0.041369692       4.39050721 
    -0.041137278       4.54119866 
    -0.040904864       4.69484125 
     -0.04067245       4.84301896 
    -0.040440036       5.00444989 
    -0.040207622       5.17015305 
    -0.039975208       5.34548726 
    -0.039742794       5.51746538 
     -0.03951038        5.6949744 
    -0.039277966       5.86632662 
    -0.039045552       6.04339762 
    -0.038813138       6.22687168 
    -0.038580724       6.40891334 
     -0.03834831       6.59153113 
    -0.038115896       6.77536815 
    -0.037883482       6.95989602 
    -0.037651068       7.14504585 
    -0.037418654       7.33060321 
     -0.03718624       7.51633552 
    -0.036953826       7.70244901 
    -0.036721412       7.88783601 
    -0.036488998       8.07267882 
    -0.036256584       8.25674258 
     -0.03602417       8.43981239 
    -0.035791756       8.62200348 
    -0.035559342       8.80244834 
    -0.035326928       8.98144528 
    -0.035094514       9.15902873 
      -0.0348621        9.3347339 
    -0.034629686       9.50900971 
    -0.034397272       9.68410056 
    -0.034164858       9.84644352 
    -0.033932444        10.007068 
     -0.03370003       10.1637013 
    -0.033467616       10.3129855 
    -0.033235202       10.4671293 
    -0.033002788        10.631569 
    -0.032770374       10.7813626 
     -0.03253796       10.9238252 
    -0.032305546       11.0673218 
    -0.032073132       11.1964892 
    -0.031840718       11.3195647 
    -0.031608304       11.4365483 
     -0.03137589         11.54744 
    -0.031143476       11.6040543 
    -0.030911062       11.7092451 
    -0.030678648       11.8117886 
    -0.030446234       11.9116847 
     -0.03021382       12.0089334 
    -0.029981406       12.1272625 
    -0.029748992        12.216864 
    -0.029516578       12.3022965 
    -0.029284164       12.3835599 
     -0.02905175       12.4606544 
    -0.028819336       12.5313476 
    -0.028586922       12.5999857 
    -0.028354508       12.6647729 
    -0.028122094       12.7257092 
     -0.02788968       12.7827946 
    -0.027657266        12.836029 
    -0.027424852       12.8868411 
    -0.027192438       12.9331618 
    -0.026960024       12.9761362 
     -0.02672761       13.0157643 
    -0.026495196       13.0520461 
    -0.026262782       13.0847014 
    -0.026030368       13.1149789 
    -0.025797954       13.1424215 
     -0.02556554       13.1670291 
    -0.025333126       13.1888017 
    -0.025100712         13.20718 
    -0.024868298       13.2238832 
    -0.024635884       13.2382646 
     -0.02440347       13.2503241 
    -0.024171056       13.2600618 
    -0.023938642       13.2668098 
    -0.023706228       13.2723839 
    -0.023473814        13.276118 
      -0.0232414       13.2780123 
    -0.023008986       13.2780666 
    -0.022776572       13.2756082 
    -0.022544158       13.2723375 
    -0.022311744       13.2676584 
     -0.02207933       13.2615707 
    -0.021846916       13.2540746 
    -0.021614502       13.2445538 
    -0.021382088       13.2344827 
    -0.021149674       13.2233759 
     -0.02091726       13.2112335 
    -0.020684846       13.1980554 
    -0.020452432       13.1838416 
    -0.020220018       13.1682103 
    -0.019987604       13.1523881 
     -0.01975519       13.1358436 
    -0.019522776        13.118577 
    -0.019290362       13.1005882 
    -0.019057948       13.0815183 
    -0.018825534       13.0624217 
     -0.01859312       13.0428611 
    -0.018360706       13.0228364 
    -0.018128292       13.0023476 
    -0.017895878       12.9810753 
    -0.017663464       12.9598947 
     -0.01743105       12.9384588 
    -0.017198636       12.9167678 
    -0.016966222       12.8948215 
    -0.016733808       12.8723472 
    -0.016501394       12.8500503 
     -0.01626898       12.8276648 
    -0.016036566       12.8051906 
    -0.015804152       12.7826278 
    -0.015571738       12.7597513 
    -0.015339324       12.7371146 
     -0.01510691       12.7145207 
    -0.014874496       12.6919694 
    -0.014642082       12.6694608 
    -0.014409668       12.6468143 
    -0.014177254       12.6244542 
     -0.01394484        12.602239 
    -0.013712426        12.580169 
    -0.013480012       12.5582439 
    -0.013247598        12.536464 
    -0.013015184       12.5147233 
     -0.01278277       12.4933477 
    -0.012550356       12.4721963 
    -0.012317942       12.4512689 
    -0.012085528       12.4305656 
    -0.011853114       12.4099958 
      -0.0116207       12.3898178 
    -0.011388286       12.3699245 
    -0.011155872       12.3503158 
    -0.010923458       12.3309916 
    -0.010691044        12.311877 
     -0.01045863       12.2931727 
    -0.010226216       12.2747989 
    -0.009993802       12.2567555 
    -0.009761388       12.2390425 
    -0.009528974       12.2215997 
     -0.00929656       12.2045798 
    -0.009064146       12.1879249 
    -0.008831732       12.1716348 
    -0.008599318       12.1557097 
    -0.008366904       12.1401018 
     -0.00813449       12.1249261 
    -0.007902076       12.1101409 
    -0.007669662       12.0957462 
    -0.007437248       12.0817421 
    -0.007204834       12.0680912 
     -0.00697242       12.0548795 
    -0.006740006       12.0420772 
    -0.006507592       12.0296844 
    -0.006275178        12.017701 
    -0.006042764       12.0061271 
     -0.00581035       11.9949379 
    -0.005577936       11.9842026 
    -0.005345522       11.9738906 
    -0.005113108       11.9640017 
    -0.004880694       11.9545361 
     -0.00464828       11.9454703 
    -0.004415866       11.9368638 
    -0.004183452       11.9286905 
    -0.003951038       11.9209504 
    -0.003718624       11.9136436 
     -0.00348621       11.9067288 
    -0.003253796        11.900296 
    -0.003021382       11.8943029 
    -0.002788968       11.8887494 
    -0.002556554       11.8836356 
     -0.00232414       11.8780898 
    -0.002091726       11.8738373 
    -0.001859312       11.8700324 
    -0.001626898       11.8666751 
    -0.001394484       11.8637655 
     -0.00116207       11.8609649 
    -0.000929656       11.8588288 
    -0.000697242       11.8571674 
    -0.000464828       11.8559806 
    -0.000232414       11.8552686 
               0       11.8550312 
     0.000232414       11.8552686 
     0.000464828       11.8559806 
     0.000697242       11.8571674 
     0.000929656       11.8588288 
      0.00116207       11.8609649 
     0.001394484       11.8637655 
     0.001626898       11.8666751 
     0.001859312       11.8700324 
     0.002091726       11.8738373 
      0.00232414       11.8780898 
     0.002556554       11.8836356 
     0.002788968       11.8887494 
     0.003021382       11.8943029 
     0.003253796        11.900296 
      0.00348621       11.9067288 
     0.003718624       11.9136436 
     0.003951038       11.9209504 
     0.004183452       11.9286905 
     0.004415866       11.9368638 
      0.00464828       11.9454703 
     0.004880694       11.9545361 
     0.005113108       11.9640017 
     0.005345522       11.9738906 
     0.005577936       11.9842026 
      0.00581035       11.9949379 
     0.006042764       12.0061271 
     0.006275178        12.017701 
     0.006507592       12.0296844 
     0.006740006       12.0420772 
      0.00697242       12.0548795 
     0.007204834       12.0680912 
     0.007437248       12.0817421 
     0.007669662       12.0957462 
     0.007902076       12.1101409 
      0.00813449       12.1249261 
     0.008366904       12.1401018 
     0.008599318       12.1557097 
     0.008831732       12.1716348 
     0.009064146       12.1879249 
      0.00929656       12.2045798 
     0.009528974       12.2215997 
     0.009761388       12.2390425 
     0.009993802       12.2567555 
     0.010226216       12.2747989 
      0.01045863       12.2931727 
     0.010691044        12.311877 
     0.010923458       12.3309916 
     0.011155872       12.3503158 
     0.011388286       12.3699245 
       0.0116207       12.3898178 
     0.011853114       12.4099958 
     0.012085528       12.4305656 
     0.012317942       12.4512689 
     0.012550356       12.4721963 
      0.01278277       12.4933477 
     0.013015184       12.5147233 
     0.013247598        12.536464 
     0.013480012       12.5582439 
     0.013712426        12.580169 
      0.01394484        12.602239 
     0.014177254       12.6244542 
     0.014409668       12.6468143 
     0.014642082       12.6694608 
     0.014874496       12.6919694 
      0.01510691       12.7145207 
     0.015339324       12.7371146 
     0.015571738       12.7597513 
     0.015804152       12.7826278 
     0.016036566       12.8051906 
      0.01626898       12.8276648 
     0.016501394       12.8500503 
     0.016733808       12.8723472 
     0.016966222       12.8948215 
     0.017198636       12.9167678 
      0.01743105       12.9384588 
     0.017663464       12.9598947 
     0.017895878       12.9810753 
     0.018128292       13.0023476 
     0.018360706       13.0228364 
      0.01859312       13.0428611 
     0.018825534       13.0624217 
     0.019057948       13.0815183 
     0.019290362       13.1005882 
     0.019522776        13.118577 
      0.01975519       13.1358436 
     0.019987604       13.1523881 
     0.020220018       13.1682103 
     0.020452432       13.1838416 
     0.020684846       13.1980554 
      0.02091726       13.2112335 
     0.021149674       13.2233759 
     0.021382088       13.2344827 
     0.021614502       13.2445538 
     0.021846916       13.2540746 
      0.02207933       13.2615707 
     0.022311744       13.2676584 
     0.022544158       13.2723375 
     0.022776572       13.2756082 
     0.023008986       13.2780666 
       0.0232414       13.2780123 
     0.023473814        13.276118 
     0.023706228       13.2723839 
     0.023938642       13.2668098 
     0.024171056       13.2600618 
      0.02440347       13.2503241 
     0.024635884       13.2382646 
     0.024868298       13.2238832 
     0.025100712         13.20718 
     0.025333126       13.1888017 
      0.02556554       13.1670291 
     0.025797954       13.1424215 
     0.026030368       13.1149789 
     0.026262782       13.0847014 
     0.026495196       13.0520461 
      0.02672761       13.0157643 
     0.026960024       12.9761362 
     0.027192438       12.9331618 
     0.027424852       12.8868411 
     0.027657266        12.836029 
      0.02788968       12.7827946 
     0.028122094       12.7257092 
     0.028354508       12.6647729 
     0.028586922       12.5999857 
     0.028819336       12.5313476 
      0.02905175       12.4606544 
     0.029284164       12.3835599 
     0.029516578       12.3022965 
     0.029748992        12.216864 
     0.029981406       12.1272625 
      0.03021382       12.0089334 
     0.030446234       11.9116847 
     0.030678648       11.8117886 
     0.030911062       11.7092451 
     0.031143476       11.6040543 
      0.03137589         11.54744 
     0.031608304       11.4365483 
     0.031840718       11.3195647 
     0.032073132       11.1964892 
     0.032305546       11.0673218 
      0.03253796       10.9238252 
     0.032770374       10.7813626 
     0.033002788        10.631569 
     0.033235202       10.4671293 
     0.033467616       10.3129855 
      0.03370003       10.1637013 
     0.033932444        10.007068 
     0.034164858       9.84644352 
     0.034397272       9.68410056 
     0.034629686       9.50900971 
       0.0348621        9.3347339 
     0.035094514       9.15902873 
     0.035326928       8.98144528 
     0.035559342       8.80244834 
     0.035791756       8.62200348 
      0.03602417       8.43981239 
     0.036256584       8.25674258 
     0.036488998       8.07267882 
     0.036721412       7.88783601 
     0.036953826       7.70244901 
      0.03718624       7.51633552 
     0.037418654       7.33060321 
     0.037651068       7.14504585 
     0.037883482       6.95989602 
     0.038115896       6.77536815 
      0.03834831       6.59153113 
     0.038580724       6.40891334 
     0.038813138       6.22687168 
     0.039045552       6.04339762 
     0.039277966       5.86632662 
      0.03951038        5.6949744 
     0.039742794       5.51746538 
     0.039975208       5.34548726 
     0.040207622       5.17015305 
     0.040440036       5.00444989 
      0.04067245       4.84301896 
     0.040904864       4.69484125 
     0.041137278       4.54119866 
     0.041369692       4.39050721 
     0.041602106       4.23897151 
      0.04183452       4.09378415 
     0.042066934       3.95185266 
     0.042299348       3.81317703 
     0.042531762       3.67775726 
     0.042764176       3.55186553 
      0.04299659       3.42329061 
     0.043229004        3.2980463 
     0.043461418       3.17613259 
     0.043693832       3.05754947 
     0.043926246       2.94629467 
      0.04415866       2.83454714 
     0.044391074        2.7261603 
     0.044623488       2.62113414 
     0.044855902       2.51946867 
     0.045088316       2.42297842 
      0.04532073       2.32779979 
     0.045553144       2.23574148 
     0.045785558       2.14680348 
     0.046017972        2.0609858 
     0.046250386       1.97936343 
       0.0464828       1.89945833 
     0.046715214       1.82233766 
     0.046947628       1.74800142 
     0.047180042        1.6764496 
     0.047412456       1.60859673 
      0.04764487       1.54228214 
     0.047877284       1.47838248 
     0.048109698       1.41689774 
     0.048342112       1.35782792 
     0.048574526       1.30196269 
      0.04880694       1.24742825 
     0.049039354       1.19494299 
     0.049271768        1.1445069 
     0.049504182       1.09611997 
     0.049736596       1.05045665 
      0.04996901       1.00592874 
     0.050201424       0.96311105 
     0.050433838      0.922003588 
     0.050666252      0.882606354 
     0.050898666      0.845485594 
      0.05113108      0.809327447 
     0.051363494      0.774578953 
     0.051595908      0.741240111 
     0.051828322      0.709310921 
     0.052060736      0.678791384 
      0.05229315      0.650019721 
     0.052525564       0.62193207 
     0.052757978      0.594995518 
     0.052990392      0.569210062 
     0.053222806      0.544575705 
      0.05345522      0.521386332 
     0.053687634      0.498751217 
     0.053920048      0.477049542 
     0.054152462      0.456281307 
     0.054384876      0.436446511 
      0.05461729      0.417797329 
     0.054849704      0.399597717 
     0.055082118      0.382151135 
     0.055314532      0.365457584 
     0.055546946      0.349517065 
      0.05577936      0.334543293 
     0.056011774      0.319934958 
     0.056244188      0.305931789 
     0.056476602      0.292533789 
     0.056709016      0.279740955 
      0.05694143      0.267732321 
     0.057173844      0.256021562 
     0.057406258      0.244795766 
     0.057638672      0.234054935 
     0.057871086      0.223799068 
       0.0581035      0.214176539 
     0.058335914       0.20479757 
     0.058568328      0.195806427 
     0.058800742       0.18720311 
     0.059033156       0.17898762 
      0.05926557      0.171281718 
     0.059497984      0.163775597 
     0.059730398      0.156579145 
     0.059962812      0.149692362 
     0.060195226      0.143115248 
      0.06042764      0.136946816 
     0.060660054      0.130942766 
     0.060892468      0.125185699 
     0.061124882      0.119675615 
     0.061357296      0.114412514 
      0.06158971       0.10947622 
     0.061822124      0.104675579 
     0.062054538       0.10007176 
     0.062286952     0.0956647639 
     0.062519366     0.0914545912 
      0.06275178     0.0874412416 
     0.062984194     0.0836677881 
     0.063216608     0.0799872623 
     0.063449022     0.0764634907 
     0.063681436     0.0730964732 
      0.06391385     0.0698862098 
     0.064146264     0.0668702951 
     0.064378678     0.0639285412 
     0.064611092     0.0611115735 
     0.064843506     0.0584193921 
      0.06507592     0.0558519968 
     0.065308334     0.0534416468 
     0.065540748     0.0510907692 
     0.065773162     0.0488391966 
     0.066005576     0.0466869288 
      0.06623799      0.044633966 
     0.066470404     0.0427076003 
     0.066702818     0.0408291599 
     0.066935232     0.0390297271 
     0.067167646     0.0373093019 
      0.06740006     0.0356678844 
     0.067632474      0.034128288 
     0.067864888     0.0326274947 
     0.068097302     0.0311895492 
     0.068329716     0.0298144514 
      0.06856213     0.0285022014 
     0.068794544     0.0272716685 
     0.069026958     0.0260726954 
     0.069259372     0.0249237088 
     0.069491786     0.0238247088 
       0.0697242     0.0227756954 
     0.069956614     0.0217921284 
     0.070189028     0.0208343393 
     0.070421442     0.0199163036 
     0.070653856     0.0190380213 
      0.07088627     0.0181994925 
     0.071118684     0.0174132737 
     0.071351098     0.0166481931 
     0.071583512     0.0159147254 
     0.071815926     0.0152128706 
      0.07204834     0.0145426288 
     0.072280754     0.0139141152 
     0.072513168     0.0133029971 
     0.072745582     0.0127170172 
     0.072977996     0.0121561753 
      0.07321041     0.0116204714 
     0.073442824     0.0111099056 
     0.073675238     0.0106298705 
     0.073907652     0.0101617393 
     0.074140066    0.00971359675 
      0.07437248    0.00928544276 
     0.074604894    0.00887727735 
     0.074837308     0.0084938249 
     0.075069722    0.00811985448 
     0.075302136    0.00776177756 
      0.07553455    0.00741959414 
     0.075766964    0.00709330421 
     0.075999378    0.00678697196 
     0.076231792    0.00648823196 
     0.076464206    0.00620212906 
      0.07669662    0.00592866327 
     0.076929034    0.00566783459 
     0.077161448    0.00542308779 
     0.077393862    0.00518445122 
     0.077626276    0.00495586238 
      0.07785869    0.00473732129 
     0.078091104    0.00452882794 
     0.078323518    0.00433326591 
     0.078555932    0.00414264568 
     0.078788346    0.00396001429 
      0.07902076    0.00378537175 
     0.079253174    0.00361871806 
     0.079485588    0.00346244102 
     0.079718002    0.00331017957 
     0.079950416    0.00316426991 
      0.08018283    0.00302471202 
     0.080415244    0.00289150592 
     0.080647658    0.00276660988 
     0.080880072    0.00264499119 
     0.081112486    0.00252842264 
       0.0813449    0.00241690423 
     0.081577314    0.00231043596 
     0.081809728    0.00221060975 
     0.082042142    0.00211346921 
     0.082274556     0.0020203439 
      0.08250697    0.00193123379 
     0.082739384    0.00184613891 
     0.082971798    0.00176634268 
     0.083204212    0.00168875537 
     0.083436626    0.00161436043 
      0.08366904    0.00154315786 
     0.083901454    0.00147514764 
     0.084133868    0.00141032979 
     0.084366282    0.00134938785 
     0.084598696    0.00128995748 
      0.08483111    0.00123306523 
     0.085063524    0.00117871112 
     0.085295938    0.00112689514 
     0.085528352     0.0010782171 
     0.085760766    0.00103074233 
      0.08599318   0.000985285518 
     0.086225594   0.000941846675 
     0.086458008     0.0009004258 
     0.086690422   0.000861539556 
     0.086922836     0.0008236162 
      0.08715525   0.000787297246 
     0.087387664   0.000752582692 
     0.087620078   0.000719472541 
     0.087852492   0.000688405199 
     0.088084906   0.000658112377 
      0.08831732   0.000629095147 
     0.088549734   0.000601353507 
     0.088782148   0.000574887458 
     0.089014562    0.00055006435 
     0.089246976   0.000525867361 
      0.08947939    0.00050268454 
     0.089711804   0.000480515886 
     0.089944218     0.0004593614 
     0.090176632   0.000439525553 
     0.090409046   0.000420198274 
      0.09064146   0.000401677317 
     0.090873874   0.000383962683 
     0.091106288   0.000367054372 
     0.091338702    0.00035120231 
     0.091571116    0.00033576518 
      0.09180353   0.000320969127 
     0.092035944   0.000306814153 
     0.092268358   0.000293300255 
     0.092500772   0.000280630784 
     0.092733186   0.000268301251 
       0.0929656   0.000256481421 
     0.093198014   0.000245171294 
     0.093430428   0.000234370871 
     0.093662842   0.000224244239 
     0.093895256   0.000214397161 
      0.09412767   0.000204955342 
     0.094360084   0.000195918782 
     0.094592498   0.000187287482 
     0.094824912   0.000179061442 
     0.095057326   0.000171328809 
      0.09528974   0.000163787041 
     0.095522154   0.000156567502 
     0.095754568   0.000149670192 
     0.095986982   0.000143095112 
     0.096219396   0.000136919663 
      0.09645181    0.00013089609 
     0.096684224   0.000125128743 
     0.096916638   0.000119617621 
     0.097149052   0.000114362725 
     0.097381466   0.000109430778 
      0.09761388    0.00010462035 
     0.097846294   0.000100013683 
     0.098078708   9.56107799e-05 
     0.098311122   9.14116389e-05 
     0.098543536   8.74729216e-05 
      0.09877595   8.36319736e-05 
     0.099008364   7.99530932e-05 
     0.099240778   7.64362805e-05 
     0.099473192   7.30815354e-05 
     0.099705606   6.99363716e-05 
      0.09993802   6.68703073e-05 
     0.100170434   6.39331813e-05 
     0.100402848   6.11249937e-05 
     0.100635262   5.84457444e-05 
     0.100867676   5.59348413e-05 
      0.10110009   5.34882901e-05 
     0.101332504   5.11443631e-05 
     0.101564918   4.89030603e-05 
     0.101797332   4.67643818e-05 
     0.102029746   4.47606909e-05 
      0.10226216   4.28096495e-05 
     0.102494574    4.0940343e-05 
     0.102726988   3.91527716e-05 
     0.102959402   3.74469351e-05 
     0.103191816   3.58491692e-05 
      0.10342423    3.4294728e-05 
     0.103656644   3.28054536e-05 
     0.103889058   3.13813461e-05 
     0.104121472   3.00224055e-05 
     0.104353886    2.8749875e-05 
       0.1045863   2.75132127e-05 
     0.104818714   2.63285947e-05 
     0.105051128   2.51960211e-05 
     0.105283542   2.41154919e-05 
     0.105515956    2.3087007e-05 
      0.10574837   2.21223914e-05 
     0.105980784   2.11824591e-05 
     0.106213198   2.02842008e-05 
     0.106445612   1.94276164e-05 
     0.106678026   1.86127059e-05 
      0.10691044   1.78498366e-05 
     0.107142854   1.71069938e-05 
     0.107375268   1.63976582e-05 
     0.107607682   1.57218298e-05 
     0.107840096   1.50795086e-05 
      0.10807251   1.44796459e-05 
     0.108304924   1.38962637e-05 
     0.108537338   1.33399939e-05 
     0.108769752   1.28108364e-05 
     0.109002166   1.23087912e-05 
      0.10923458   1.18415512e-05 
     0.109466994   1.13880647e-05 
     0.109699408   1.09567282e-05 
     0.109931822   1.05475418e-05 
     0.110164236   1.01605054e-05 
      0.11039665   9.80239774e-06 
     0.110629064   9.45580655e-06 
     0.110861478   9.12756994e-06 
     0.111093892    8.8176879e-06 
     0.111326306   8.52616044e-06 
      0.11155872   8.25951251e-06 
     0.111791134    8.0022107e-06 
     0.112023548   7.76041085e-06 
     0.112255962   7.53411294e-06 
     0.112488376     7.323317e-06 
      0.11272079   7.16078717e-06 
     0.112953204   6.98173053e-06 
     0.113185618   6.81502262e-06 
     0.113418032   6.66066345e-06 
     0.113650446   6.51865301e-06 
      0.11388286   6.36467302e-06 
     0.114115274   6.24724079e-06 
     0.114347688   6.14216986e-06 
     0.114580102   6.04946021e-06 
     0.114812516   5.96911185e-06 
      0.11504493   5.88802914e-06 
     0.115277344   5.82915833e-06 
     0.115509758   5.78336992e-06 
     0.115742172   5.75066392e-06 
     0.115974586   5.73104032e-06 
        0.116207   5.72449911e-06 
