      -0.1357215     8.417758e-07 
    -0.135450057   8.43084998e-07 
    -0.135178614   8.47012593e-07 
    -0.134907171   8.53558583e-07 
    -0.134635728    8.6272297e-07 
    -0.134364285   8.75867224e-07 
    -0.134092842   8.89484277e-07 
    -0.133821399   9.05577158e-07 
    -0.133549956   9.24145867e-07 
    -0.133278513   9.48637955e-07 
     -0.13300707   9.72132241e-07 
    -0.132735627    9.9809961e-07 
    -0.132464184   1.02654006e-06 
    -0.132192741    1.0574536e-06 
    -0.131921298   1.08715632e-06 
    -0.131649855   1.12449583e-06 
    -0.131378412   1.16492933e-06 
    -0.131106969   1.20845683e-06 
    -0.130835526   1.25426784e-06 
    -0.130564083   1.30465641e-06 
     -0.13029264   1.35870027e-06 
    -0.130021197   1.41639942e-06 
    -0.129749754   1.47677475e-06 
    -0.129478311   1.54240324e-06 
    -0.129206868   1.61243292e-06 
    -0.128935425   1.68686378e-06 
    -0.128663982   1.76569582e-06 
    -0.128392539   1.84817758e-06 
    -0.128121096   1.93724944e-06 
    -0.127849653   2.03169637e-06 
     -0.12757821   2.13151836e-06 
    -0.127306767   2.23545781e-06 
    -0.127035324   2.34744211e-06 
    -0.126763881    2.4660547e-06 
    -0.126492438   2.59129556e-06 
    -0.126220995   2.72134814e-06 
    -0.125949552   2.86109166e-06 
    -0.125678109   3.00906138e-06 
    -0.125406666   3.16525729e-06 
    -0.125135223   3.32967941e-06 
     -0.12486378   3.50085794e-06 
    -0.124592337   3.68463767e-06 
    -0.124320894   3.87866938e-06 
    -0.124049451   4.08295306e-06 
    -0.123778008   4.29498429e-06 
    -0.123506565   4.52255955e-06 
    -0.123235122   4.76294576e-06 
    -0.122963679    5.0161429e-06 
    -0.122692236   5.27855397e-06 
    -0.122420793   5.55977668e-06 
     -0.12214935   5.85703551e-06 
    -0.121877907   6.17033044e-06 
    -0.121606464   6.49966148e-06 
    -0.121335021   6.84205219e-06 
    -0.121063578   7.20914524e-06 
    -0.120792135    7.5963334e-06 
    -0.120520692   8.00361667e-06 
    -0.120249249   8.42599681e-06 
    -0.119977806   8.87887361e-06 
    -0.119706363   9.35694929e-06 
     -0.11943492   9.86022385e-06 
    -0.119163477    1.0381589e-05 
    -0.118892034   1.09398534e-05 
    -0.118620591   1.15297305e-05 
    -0.118349148   1.21512202e-05 
    -0.118077705   1.28043226e-05 
    -0.117806262   1.34830204e-05 
    -0.117534819   1.42104148e-05 
    -0.117263376    1.4977479e-05 
    -0.116991933   1.57842129e-05 
     -0.11672049   1.66206554e-05 
    -0.116449047   1.75171653e-05 
    -0.116177604    1.8463464e-05 
    -0.115906161   1.94595514e-05 
    -0.115634718   2.04913838e-05 
    -0.115363275   2.15958091e-05 
    -0.115091832     2.276273e-05 
    -0.114820389   2.39921465e-05 
    -0.114548946   2.52840585e-05 
    -0.114277503   2.66263116e-05 
     -0.11400606   2.80647163e-05 
    -0.113734617   2.95815714e-05 
    -0.113463174   3.11768768e-05 
    -0.113191731   3.28307772e-05 
    -0.112920288   3.46031363e-05 
    -0.112648845   3.64739775e-05 
    -0.112377402   3.84433009e-05 
    -0.112105959   4.04833389e-05 
    -0.111834516   4.26663405e-05 
    -0.111563073   4.49729739e-05 
     -0.11129163   4.74032391e-05 
    -0.111020187   4.99571362e-05 
    -0.110748744    5.2610119e-05 
    -0.110477301   5.54530593e-05 
    -0.110205858   5.84512056e-05 
    -0.109934415    6.1604558e-05 
    -0.109662972   6.48735209e-05 
    -0.109391529   6.83762097e-05 
    -0.109120086   7.20737439e-05 
    -0.108848643   7.59661235e-05 
      -0.1085772   7.99984053e-05 
    -0.108305757   8.43123641e-05 
    -0.108034314   8.88709322e-05 
    -0.107762871   9.36741095e-05 
    -0.107491428    9.8721896e-05 
    -0.107219985   0.000103964731 
    -0.106948542   0.000109582934 
    -0.106677099    0.00011550822 
    -0.106405656   0.000121740589 
    -0.106134213   0.000128201056 
     -0.10586277   0.000135122782 
    -0.105591327   0.000142430021 
    -0.105319884   0.000150122772 
    -0.105048441   0.000158092269 
    -0.104776998    0.00016661687 
    -0.104505555   0.000175625443 
    -0.104234112    0.00018511799 
    -0.103962669   0.000195094511 
    -0.103691226   0.000205454969 
    -0.103419783   0.000216557262 
     -0.10314834   0.000228267134 
    -0.102876897   0.000240584585 
    -0.102605454   0.000253352034 
    -0.102334011   0.000267029885 
    -0.102062568    0.00028147049 
    -0.101791125   0.000296673848 
    -0.101519682   0.000312424581 
    -0.101248239   0.000329269387 
    -0.100976796    0.00034707175 
    -0.100705353   0.000365831671 
     -0.10043391   0.000385549149 
    -0.100162467   0.000406022358 
    -0.099891024   0.000427961714 
    -0.099619581   0.000451103181 
    -0.099348138   0.000475446757 
    -0.099076695    0.00050067806 
    -0.098805252    0.00052770635 
    -0.098533809   0.000556243757 
    -0.098262366   0.000586290282 
    -0.097990923   0.000617419379 
     -0.09771948   0.000650704948 
    -0.097448037   0.000685885044 
    -0.097176594   0.000722959667 
    -0.096905151   0.000761928817 
    -0.096633708   0.000802385501 
    -0.096362265     0.0008457399 
    -0.096090822   0.000891472659 
    -0.095819379   0.000939583778 
    -0.095547936   0.000989446104 
    -0.095276493    0.00104285547 
     -0.09500505    0.00109925059 
    -0.094733607    0.00115863146 
    -0.094462164    0.00122015331 
    -0.094190721    0.00128592576 
    -0.093919278    0.00135544645 
    -0.093647835    0.00142871538 
    -0.093376392    0.00150573256 
    -0.093104949    0.00158567767 
    -0.092833506    0.00167134985 
    -0.092562063    0.00176172747 
     -0.09229062    0.00185681054 
    -0.092019177    0.00195534813 
    -0.091747734    0.00206088714 
    -0.091476291    0.00217233323 
    -0.091204848    0.00228968639 
    -0.090933405    0.00241127355 
    -0.090661962    0.00254123899 
    -0.090390519    0.00267861993 
    -0.090119076    0.00282341639 
    -0.089847633    0.00297562835 
     -0.08957619    0.00313360318 
    -0.089304747    0.00330289675 
    -0.089033304    0.00348149941 
    -0.088761861    0.00366941115 
    -0.088490418    0.00386413709 
    -0.088218975    0.00407268266 
    -0.087947532     0.0042929143 
    -0.087676089    0.00452483203 
    -0.087404646    0.00476512225 
    -0.087133203    0.00502192624 
     -0.08686176    0.00529340007 
    -0.086590317    0.00557954372 
    -0.086318874    0.00588035721 
    -0.086047431    0.00619251219 
    -0.085775988    0.00652703585 
    -0.085504545    0.00687997463 
    -0.085233102    0.00725132853 
    -0.084961659    0.00763612195 
    -0.084690216    0.00804819114 
    -0.084418773    0.00848337642 
     -0.08414733    0.00894167779 
    -0.083875887    0.00941653222 
    -0.083604444    0.00992393299 
    -0.083333001       0.01046035 
    -0.083061558     0.0110257833 
    -0.082790115     0.0116202328 
    -0.082518672     0.0122369974 
    -0.082247229     0.0128979615 
    -0.081975786     0.0135953465 
    -0.081704343     0.0143291524 
      -0.0814329     0.0150894568 
    -0.081161457     0.0159035851 
    -0.080890014     0.0167634262 
    -0.080618571       0.01766898 
    -0.080347128     0.0186202465 
    -0.080075685     0.0196096433 
    -0.079804242     0.0206694107 
    -0.079532799     0.0217865489 
    -0.079261356     0.0229610581 
    -0.078989913     0.0241794495 
     -0.07871847     0.0254851424 
    -0.078447027     0.0268628306 
    -0.078175584     0.0283125139 
    -0.077904141     0.0298144082 
    -0.077632698     0.0314224597 
    -0.077361255     0.0331208465 
    -0.077089812     0.0349095687 
    -0.076818369     0.0367886261 
    -0.076546926     0.0387424753 
    -0.076275483     0.0408353952 
     -0.07600404      0.043041642 
    -0.075732597     0.0453612157 
    -0.075461154     0.0477669795 
    -0.075189711     0.0503449945 
    -0.074918268     0.0530651446 
    -0.074646825     0.0559274301 
    -0.074375382     0.0588924334 
    -0.074103939     0.0620665212 
    -0.073832496     0.0654188167 
    -0.073561053     0.0689493198 
     -0.07328961     0.0726580307 
    -0.073018167     0.0765131158 
    -0.072746724     0.0806424639 
    -0.072475281     0.0849951465 
    -0.072203838     0.0895711636 
    -0.071932395     0.0943160112 
    -0.071660952     0.0993997688 
    -0.071389509      0.104763244 
    -0.071118066      0.110406438 
    -0.070846623      0.116251029 
     -0.07057518      0.122505933 
    -0.070303737      0.129110883 
    -0.070032294      0.136065881 
    -0.069760851      0.143370926 
    -0.069489408      0.150960961 
    -0.069217965      0.159088944 
    -0.068946522      0.167654497 
    -0.068675079       0.17665762 
    -0.068403636      0.185989389 
    -0.068132193      0.195983188 
     -0.06786075      0.206523135 
    -0.067589307      0.217609232 
    -0.067317864      0.229087104 
    -0.067046421      0.241362725 
    -0.066774978      0.254318626 
    -0.066503535      0.267954807 
    -0.066232092      0.282271269 
    -0.065960649      0.297135876 
    -0.065689206      0.313041229 
    -0.065417763      0.329791604 
     -0.06514632         0.347387 
    -0.064874877      0.365612769 
    -0.064603434      0.385108519 
    -0.064331991      0.405650036 
    -0.064060548      0.427237322 
    -0.063789105      0.449572523 
    -0.063517662      0.473423156 
    -0.063246219      0.498561558 
    -0.062974776      0.524987729 
    -0.062703333      0.552701669 
     -0.06243189      0.581439278 
    -0.062160447      0.612123488 
    -0.061889004      0.644382914 
    -0.061617561      0.678217556 
    -0.061346118      0.713217845 
    -0.061074675      0.750550092 
    -0.060803232      0.789792046 
    -0.060531789      0.830943708 
    -0.060260346       0.87345418 
    -0.059988903       0.91869178 
     -0.05971746      0.966217237 
    -0.059446017       1.01603055 
    -0.059174574       1.06813173 
    -0.058903131       1.12199453 
    -0.058631688       1.17923557 
    -0.058360245       1.23917466 
    -0.058088802       1.30181179 
    -0.057817359        1.3663602 
    -0.057545916       1.43483441 
    -0.057274473       1.50642585 
     -0.05700303       1.58113452 
    -0.056731587        1.6575251 
    -0.056460144       1.73875926 
    -0.056188701       1.82349039 
    -0.055917258       1.91171849 
    -0.055645815       2.00344355 
    -0.055374372       2.09535365 
    -0.055102929       2.19441007 
    -0.054831486       2.29711462 
    -0.054560043       2.40346732 
      -0.0542886       2.51037777 
    -0.054017157       2.62426586 
    -0.053745714       2.74183338 
    -0.053474271       2.86308033 
    -0.053202828       2.98882337 
    -0.052931385       3.11738452 
    -0.052659942        3.2497679 
    -0.052388499       3.38169607 
    -0.052117056       3.52448678 
    -0.051845613        3.6764924 
     -0.05157417       3.82784534 
    -0.051302727       3.98444144 
    -0.051031284       4.13865176 
    -0.050759841        4.3026586 
    -0.050488398       4.46755956 
    -0.050216955       4.63479652 
    -0.049945512       4.80474974 
    -0.049674069       4.97705219 
    -0.049402626       5.15153128 
    -0.049131183       5.32794209 
     -0.04885974       5.50601364 
    -0.048588297       5.68545497 
    -0.048316854        5.8659592 
    -0.048045411       6.04720718 
    -0.047773968       6.22887101 
    -0.047502525       6.41103457 
    -0.047231082       6.59253393 
    -0.046959639       6.77344724 
    -0.046688196       6.95345272 
    -0.046416753       7.13225123 
     -0.04614531       7.30958714 
    -0.045873867       7.48528145 
    -0.045602424       7.65928948 
    -0.045330981       7.83125217 
    -0.045059538       8.00151625 
    -0.044788095       8.17065715 
    -0.044516652       8.32726516 
    -0.044245209       8.48176349 
    -0.043973766       8.62823804 
    -0.043702323       8.77894338 
     -0.04343088        8.9377581 
    -0.043159437       9.08156282 
    -0.042887994       9.22400202 
    -0.042616551       9.35205077 
    -0.042345108       9.47304709 
    -0.042073665       9.58699099 
    -0.041802222       9.69388247 
    -0.041530779       9.75597734 
    -0.041259336       9.85702331 
    -0.040987893        9.9549535 
     -0.04071645       10.0497679 
    -0.040445007       10.1609174 
    -0.040173564       10.2467455 
    -0.039902121       10.3276882 
    -0.039630678       10.4037454 
    -0.039359235       10.4732269 
    -0.039087792       10.5393724 
    -0.038816349       10.6009643 
    -0.038544906       10.6580028 
    -0.038273463       10.7104878 
     -0.03800202       10.7595804 
    -0.037730577       10.8036336 
    -0.037459134       10.8436849 
    -0.037187691       10.8797341 
    -0.036916248       10.9114738 
    -0.036644805        10.939968 
    -0.036373362       10.9650272 
    -0.036101919       10.9866512 
    -0.035830476         11.00484 
    -0.035559033       11.0192992 
     -0.03528759       11.0314219 
    -0.035016147       11.0406864 
    -0.034744704       11.0470925 
    -0.034473261       11.0501237 
    -0.034201818       11.0513602 
    -0.033930375       11.0502871 
    -0.033658932       11.0469044 
    -0.033387489       11.0406437 
    -0.033116046         11.03294 
    -0.032844603       11.0234238 
     -0.03257316        11.012095 
    -0.032301717       10.9989536 
    -0.032030274       10.9835892 
    -0.031758831        10.967346 
    -0.031487388        10.949725 
    -0.031215945       10.9307262 
    -0.030944502       10.9099161 
    -0.030673059       10.8884603 
    -0.030401616       10.8659965 
    -0.030130173       10.8425246 
     -0.02985873       10.8180447 
    -0.029587287       10.7923038 
    -0.029315844       10.7662427 
    -0.029044401       10.7394815 
    -0.028772958       10.7120202 
    -0.028501515       10.6835769 
    -0.028230072       10.6549714 
    -0.027958629       10.6259177 
    -0.027687186       10.5964157 
    -0.027415743       10.5662101 
      -0.0271443       10.5359377 
    -0.026872857       10.5054199 
    -0.026601414       10.4746568 
    -0.026329971       10.4436484 
    -0.026058528       10.4122309 
    -0.025787085       10.3809297 
    -0.025515642       10.3495445 
    -0.025244199       10.3180752 
    -0.024972756       10.2863652 
    -0.024701313       10.2548333 
     -0.02442987        10.223344 
    -0.024158427       10.1918974 
    -0.023886984       10.1604934 
    -0.023615541       10.1290469 
    -0.023344098       10.0978695 
    -0.023072655       10.0668329 
    -0.022801212       10.0359372 
    -0.022529769        10.005094 
    -0.022258326       9.97455849 
    -0.021986883       9.94423907 
     -0.02171544       9.91413572 
    -0.021443997       9.88417299 
    -0.021172554       9.85453865 
    -0.020901111       9.82517709 
    -0.020629668       9.79608832 
    -0.020358225       9.76727234 
    -0.020086782       9.73868391 
    -0.019815339       9.71046639 
    -0.019543896       9.68256371 
    -0.019272453       9.65497588 
     -0.01900101       9.62766258 
    -0.018729567       9.60073086 
    -0.018458124       9.57414451 
    -0.018186681       9.54790353 
    -0.017915238       9.52200793 
    -0.017643795       9.49643734 
    -0.017372352       9.47126424 
    -0.017100909       9.44645805 
    -0.016829466       9.42201876 
    -0.016558023       9.39792751 
     -0.01628658       9.37423789 
    -0.016015137       9.35092979 
    -0.015743694       9.32800321 
    -0.015472251       9.30544404 
    -0.015200808       9.28328701 
    -0.014929365       9.26152082 
    -0.014657922       9.24014547 
    -0.014386479       9.21916096 
    -0.014115036        9.1985602 
    -0.013843593       9.17836446 
     -0.01357215       9.15856494 
    -0.013300707       9.13916162 
    -0.013029264       9.12014988 
    -0.012757821       9.10154136 
    -0.012486378       9.08333152 
    -0.012214935       9.06552034 
    -0.011943492       9.04810785 
    -0.011672049       9.03109238 
    -0.011400606         9.014478 
    -0.011129163        8.9982627 
     -0.01085772       8.98244647 
    -0.010586277       8.96702915 
    -0.010314834       8.95201014 
    -0.010043391        8.9373892 
    -0.009771948       8.92316635 
    -0.009500505       8.90934262 
    -0.009229062       8.89591476 
    -0.008957619       8.88288313 
    -0.008686176       8.87024773 
    -0.008414733       8.85800857 
     -0.00814329       8.84616641 
    -0.007871847       8.83471684 
    -0.007600404       8.82366123 
    -0.007328961       8.81299958 
    -0.007057518       8.80273275 
    -0.006786075       8.79285693 
    -0.006514632       8.78337272 
    -0.006243189       8.77428013 
    -0.005971746       8.76557914 
    -0.005700303       8.75726801 
     -0.00542886       8.74934696 
    -0.005157417       8.74181533 
    -0.004885974       8.73467313 
    -0.004614531       8.72791715 
    -0.004343088       8.72155186 
    -0.004071645        8.7155743 
    -0.003800202       8.70998446 
    -0.003528759       8.70476537 
    -0.003257316       8.69995005 
    -0.002985873       8.69552084 
     -0.00271443       8.69147776 
    -0.002442987       8.68782079 
    -0.002171544       8.68404163 
    -0.001900101       8.68114216 
    -0.001628658       8.67862928 
    -0.001357215       8.67650301 
    -0.001085772       8.67451712 
    -0.000814329       8.67308714 
    -0.000542886       8.67206572 
    -0.000271443       8.67145288 
               0       8.67124859 
     0.000271443       8.67145288 
     0.000542886       8.67206572 
     0.000814329       8.67308714 
     0.001085772       8.67451712 
     0.001357215       8.67650301 
     0.001628658       8.67862928 
     0.001900101       8.68114216 
     0.002171544       8.68404163 
     0.002442987       8.68782079 
      0.00271443       8.69147776 
     0.002985873       8.69552084 
     0.003257316       8.69995005 
     0.003528759       8.70476537 
     0.003800202       8.70998446 
     0.004071645        8.7155743 
     0.004343088       8.72155186 
     0.004614531       8.72791715 
     0.004885974       8.73467313 
     0.005157417       8.74181533 
      0.00542886       8.74934696 
     0.005700303       8.75726801 
     0.005971746       8.76557914 
     0.006243189       8.77428013 
     0.006514632       8.78337272 
     0.006786075       8.79285693 
     0.007057518       8.80273275 
     0.007328961       8.81299958 
     0.007600404       8.82366123 
     0.007871847       8.83471684 
      0.00814329       8.84616641 
     0.008414733       8.85800857 
     0.008686176       8.87024773 
     0.008957619       8.88288313 
     0.009229062       8.89591476 
     0.009500505       8.90934262 
     0.009771948       8.92316635 
     0.010043391        8.9373892 
     0.010314834       8.95201014 
     0.010586277       8.96702915 
      0.01085772       8.98244647 
     0.011129163        8.9982627 
     0.011400606         9.014478 
     0.011672049       9.03109238 
     0.011943492       9.04810785 
     0.012214935       9.06552034 
     0.012486378       9.08333152 
     0.012757821       9.10154136 
     0.013029264       9.12014988 
     0.013300707       9.13916162 
      0.01357215       9.15856494 
     0.013843593       9.17836446 
     0.014115036        9.1985602 
     0.014386479       9.21916096 
     0.014657922       9.24014547 
     0.014929365       9.26152082 
     0.015200808       9.28328701 
     0.015472251       9.30544404 
     0.015743694       9.32800321 
     0.016015137       9.35092979 
      0.01628658       9.37423789 
     0.016558023       9.39792751 
     0.016829466       9.42201876 
     0.017100909       9.44645805 
     0.017372352       9.47126424 
     0.017643795       9.49643734 
     0.017915238       9.52200793 
     0.018186681       9.54790353 
     0.018458124       9.57414451 
     0.018729567       9.60073086 
      0.01900101       9.62766258 
     0.019272453       9.65497588 
     0.019543896       9.68256371 
     0.019815339       9.71046639 
     0.020086782       9.73868391 
     0.020358225       9.76727234 
     0.020629668       9.79608832 
     0.020901111       9.82517709 
     0.021172554       9.85453865 
     0.021443997       9.88417299 
      0.02171544       9.91413572 
     0.021986883       9.94423907 
     0.022258326       9.97455849 
     0.022529769        10.005094 
     0.022801212       10.0359372 
     0.023072655       10.0668329 
     0.023344098       10.0978695 
     0.023615541       10.1290469 
     0.023886984       10.1604934 
     0.024158427       10.1918974 
      0.02442987        10.223344 
     0.024701313       10.2548333 
     0.024972756       10.2863652 
     0.025244199       10.3180752 
     0.025515642       10.3495445 
     0.025787085       10.3809297 
     0.026058528       10.4122309 
     0.026329971       10.4436484 
     0.026601414       10.4746568 
     0.026872857       10.5054199 
       0.0271443       10.5359377 
     0.027415743       10.5662101 
     0.027687186       10.5964157 
     0.027958629       10.6259177 
     0.028230072       10.6549714 
     0.028501515       10.6835769 
     0.028772958       10.7120202 
     0.029044401       10.7394815 
     0.029315844       10.7662427 
     0.029587287       10.7923038 
      0.02985873       10.8180447 
     0.030130173       10.8425246 
     0.030401616       10.8659965 
     0.030673059       10.8884603 
     0.030944502       10.9099161 
     0.031215945       10.9307262 
     0.031487388        10.949725 
     0.031758831        10.967346 
     0.032030274       10.9835892 
     0.032301717       10.9989536 
      0.03257316        11.012095 
     0.032844603       11.0234238 
     0.033116046         11.03294 
     0.033387489       11.0406437 
     0.033658932       11.0469044 
     0.033930375       11.0502871 
     0.034201818       11.0513602 
     0.034473261       11.0501237 
     0.034744704       11.0470925 
     0.035016147       11.0406864 
      0.03528759       11.0314219 
     0.035559033       11.0192992 
     0.035830476         11.00484 
     0.036101919       10.9866512 
     0.036373362       10.9650272 
     0.036644805        10.939968 
     0.036916248       10.9114738 
     0.037187691       10.8797341 
     0.037459134       10.8436849 
     0.037730577       10.8036336 
      0.03800202       10.7595804 
     0.038273463       10.7104878 
     0.038544906       10.6580028 
     0.038816349       10.6009643 
     0.039087792       10.5393724 
     0.039359235       10.4732269 
     0.039630678       10.4037454 
     0.039902121       10.3276882 
     0.040173564       10.2467455 
     0.040445007       10.1609174 
      0.04071645       10.0497679 
     0.040987893        9.9549535 
     0.041259336       9.85702331 
     0.041530779       9.75597734 
     0.041802222       9.69388247 
     0.042073665       9.58699099 
     0.042345108       9.47304709 
     0.042616551       9.35205077 
     0.042887994       9.22400202 
     0.043159437       9.08156282 
      0.04343088        8.9377581 
     0.043702323       8.77894338 
     0.043973766       8.62823804 
     0.044245209       8.48176349 
     0.044516652       8.32726516 
     0.044788095       8.17065715 
     0.045059538       8.00151625 
     0.045330981       7.83125217 
     0.045602424       7.65928948 
     0.045873867       7.48528145 
      0.04614531       7.30958714 
     0.046416753       7.13225123 
     0.046688196       6.95345272 
     0.046959639       6.77344724 
     0.047231082       6.59253393 
     0.047502525       6.41103457 
     0.047773968       6.22887101 
     0.048045411       6.04720718 
     0.048316854        5.8659592 
     0.048588297       5.68545497 
      0.04885974       5.50601364 
     0.049131183       5.32794209 
     0.049402626       5.15153128 
     0.049674069       4.97705219 
     0.049945512       4.80474974 
     0.050216955       4.63479652 
     0.050488398       4.46755956 
     0.050759841        4.3026586 
     0.051031284       4.13865176 
     0.051302727       3.98444144 
      0.05157417       3.82784534 
     0.051845613        3.6764924 
     0.052117056       3.52448678 
     0.052388499       3.38169607 
     0.052659942        3.2497679 
     0.052931385       3.11738452 
     0.053202828       2.98882337 
     0.053474271       2.86308033 
     0.053745714       2.74183338 
     0.054017157       2.62426586 
       0.0542886       2.51037777 
     0.054560043       2.40346732 
     0.054831486       2.29711462 
     0.055102929       2.19441007 
     0.055374372       2.09535365 
     0.055645815       2.00344355 
     0.055917258       1.91171849 
     0.056188701       1.82349039 
     0.056460144       1.73875926 
     0.056731587        1.6575251 
      0.05700303       1.58113452 
     0.057274473       1.50642585 
     0.057545916       1.43483441 
     0.057817359        1.3663602 
     0.058088802       1.30181179 
     0.058360245       1.23917466 
     0.058631688       1.17923557 
     0.058903131       1.12199453 
     0.059174574       1.06813173 
     0.059446017       1.01603055 
      0.05971746      0.966217237 
     0.059988903       0.91869178 
     0.060260346       0.87345418 
     0.060531789      0.830943708 
     0.060803232      0.789792046 
     0.061074675      0.750550092 
     0.061346118      0.713217845 
     0.061617561      0.678217556 
     0.061889004      0.644382914 
     0.062160447      0.612123488 
      0.06243189      0.581439278 
     0.062703333      0.552701669 
     0.062974776      0.524987729 
     0.063246219      0.498561558 
     0.063517662      0.473423156 
     0.063789105      0.449572523 
     0.064060548      0.427237322 
     0.064331991      0.405650036 
     0.064603434      0.385108519 
     0.064874877      0.365612769 
      0.06514632         0.347387 
     0.065417763      0.329791604 
     0.065689206      0.313041229 
     0.065960649      0.297135876 
     0.066232092      0.282271269 
     0.066503535      0.267954807 
     0.066774978      0.254318626 
     0.067046421      0.241362725 
     0.067317864      0.229087104 
     0.067589307      0.217609232 
      0.06786075      0.206523135 
     0.068132193      0.195983188 
     0.068403636      0.185989389 
     0.068675079       0.17665762 
     0.068946522      0.167654497 
     0.069217965      0.159088944 
     0.069489408      0.150960961 
     0.069760851      0.143370926 
     0.070032294      0.136065881 
     0.070303737      0.129110883 
      0.07057518      0.122505933 
     0.070846623      0.116251029 
     0.071118066      0.110406438 
     0.071389509      0.104763244 
     0.071660952     0.0993997688 
     0.071932395     0.0943160112 
     0.072203838     0.0895711636 
     0.072475281     0.0849951465 
     0.072746724     0.0806424639 
     0.073018167     0.0765131158 
      0.07328961     0.0726580307 
     0.073561053     0.0689493198 
     0.073832496     0.0654188167 
     0.074103939     0.0620665212 
     0.074375382     0.0588924334 
     0.074646825     0.0559274301 
     0.074918268     0.0530651446 
     0.075189711     0.0503449945 
     0.075461154     0.0477669795 
     0.075732597     0.0453612157 
      0.07600404      0.043041642 
     0.076275483     0.0408353952 
     0.076546926     0.0387424753 
     0.076818369     0.0367886261 
     0.077089812     0.0349095687 
     0.077361255     0.0331208465 
     0.077632698     0.0314224597 
     0.077904141     0.0298144082 
     0.078175584     0.0283125139 
     0.078447027     0.0268628306 
      0.07871847     0.0254851424 
     0.078989913     0.0241794495 
     0.079261356     0.0229610581 
     0.079532799     0.0217865489 
     0.079804242     0.0206694107 
     0.080075685     0.0196096433 
     0.080347128     0.0186202465 
     0.080618571       0.01766898 
     0.080890014     0.0167634262 
     0.081161457     0.0159035851 
       0.0814329     0.0150894568 
     0.081704343     0.0143291524 
     0.081975786     0.0135953465 
     0.082247229     0.0128979615 
     0.082518672     0.0122369974 
     0.082790115     0.0116202328 
     0.083061558     0.0110257833 
     0.083333001       0.01046035 
     0.083604444    0.00992393299 
     0.083875887    0.00941653222 
      0.08414733    0.00894167779 
     0.084418773    0.00848337642 
     0.084690216    0.00804819114 
     0.084961659    0.00763612195 
     0.085233102    0.00725132853 
     0.085504545    0.00687997463 
     0.085775988    0.00652703585 
     0.086047431    0.00619251219 
     0.086318874    0.00588035721 
     0.086590317    0.00557954372 
      0.08686176    0.00529340007 
     0.087133203    0.00502192624 
     0.087404646    0.00476512225 
     0.087676089    0.00452483203 
     0.087947532     0.0042929143 
     0.088218975    0.00407268266 
     0.088490418    0.00386413709 
     0.088761861    0.00366941115 
     0.089033304    0.00348149941 
     0.089304747    0.00330289675 
      0.08957619    0.00313360318 
     0.089847633    0.00297562835 
     0.090119076    0.00282341639 
     0.090390519    0.00267861993 
     0.090661962    0.00254123899 
     0.090933405    0.00241127355 
     0.091204848    0.00228968639 
     0.091476291    0.00217233323 
     0.091747734    0.00206088714 
     0.092019177    0.00195534813 
      0.09229062    0.00185681054 
     0.092562063    0.00176172747 
     0.092833506    0.00167134985 
     0.093104949    0.00158567767 
     0.093376392    0.00150573256 
     0.093647835    0.00142871538 
     0.093919278    0.00135544645 
     0.094190721    0.00128592576 
     0.094462164    0.00122015331 
     0.094733607    0.00115863146 
      0.09500505    0.00109925059 
     0.095276493    0.00104285547 
     0.095547936   0.000989446104 
     0.095819379   0.000939583778 
     0.096090822   0.000891472659 
     0.096362265     0.0008457399 
     0.096633708   0.000802385501 
     0.096905151   0.000761928817 
     0.097176594   0.000722959667 
     0.097448037   0.000685885044 
      0.09771948   0.000650704948 
     0.097990923   0.000617419379 
     0.098262366   0.000586290282 
     0.098533809   0.000556243757 
     0.098805252    0.00052770635 
     0.099076695    0.00050067806 
     0.099348138   0.000475446757 
     0.099619581   0.000451103181 
     0.099891024   0.000427961714 
     0.100162467   0.000406022358 
      0.10043391   0.000385549149 
     0.100705353   0.000365831671 
     0.100976796    0.00034707175 
     0.101248239   0.000329269387 
     0.101519682   0.000312424581 
     0.101791125   0.000296673848 
     0.102062568    0.00028147049 
     0.102334011   0.000267029885 
     0.102605454   0.000253352034 
     0.102876897   0.000240584585 
      0.10314834   0.000228267134 
     0.103419783   0.000216557262 
     0.103691226   0.000205454969 
     0.103962669   0.000195094511 
     0.104234112    0.00018511799 
     0.104505555   0.000175625443 
     0.104776998    0.00016661687 
     0.105048441   0.000158092269 
     0.105319884   0.000150122772 
     0.105591327   0.000142430021 
      0.10586277   0.000135122782 
     0.106134213   0.000128201056 
     0.106405656   0.000121740589 
     0.106677099    0.00011550822 
     0.106948542   0.000109582934 
     0.107219985   0.000103964731 
     0.107491428    9.8721896e-05 
     0.107762871   9.36741095e-05 
     0.108034314   8.88709322e-05 
     0.108305757   8.43123641e-05 
       0.1085772   7.99984053e-05 
     0.108848643   7.59661235e-05 
     0.109120086   7.20737439e-05 
     0.109391529   6.83762097e-05 
     0.109662972   6.48735209e-05 
     0.109934415    6.1604558e-05 
     0.110205858   5.84512056e-05 
     0.110477301   5.54530593e-05 
     0.110748744    5.2610119e-05 
     0.111020187   4.99571362e-05 
      0.11129163   4.74032391e-05 
     0.111563073   4.49729739e-05 
     0.111834516   4.26663405e-05 
     0.112105959   4.04833389e-05 
     0.112377402   3.84433009e-05 
     0.112648845   3.64739775e-05 
     0.112920288   3.46031363e-05 
     0.113191731   3.28307772e-05 
     0.113463174   3.11768768e-05 
     0.113734617   2.95815714e-05 
      0.11400606   2.80647163e-05 
     0.114277503   2.66263116e-05 
     0.114548946   2.52840585e-05 
     0.114820389   2.39921465e-05 
     0.115091832     2.276273e-05 
     0.115363275   2.15958091e-05 
     0.115634718   2.04913838e-05 
     0.115906161   1.94595514e-05 
     0.116177604    1.8463464e-05 
     0.116449047   1.75171653e-05 
      0.11672049   1.66206554e-05 
     0.116991933   1.57842129e-05 
     0.117263376    1.4977479e-05 
     0.117534819   1.42104148e-05 
     0.117806262   1.34830204e-05 
     0.118077705   1.28043226e-05 
     0.118349148   1.21512202e-05 
     0.118620591   1.15297305e-05 
     0.118892034   1.09398534e-05 
     0.119163477    1.0381589e-05 
      0.11943492   9.86022385e-06 
     0.119706363   9.35694929e-06 
     0.119977806   8.87887361e-06 
     0.120249249   8.42599681e-06 
     0.120520692   8.00361667e-06 
     0.120792135    7.5963334e-06 
     0.121063578   7.20914524e-06 
     0.121335021   6.84205219e-06 
     0.121606464   6.49966148e-06 
     0.121877907   6.17033044e-06 
      0.12214935   5.85703551e-06 
     0.122420793   5.55977668e-06 
     0.122692236   5.27855397e-06 
     0.122963679    5.0161429e-06 
     0.123235122   4.76294576e-06 
     0.123506565   4.52255955e-06 
     0.123778008   4.29498429e-06 
     0.124049451   4.08295306e-06 
     0.124320894   3.87866938e-06 
     0.124592337   3.68463767e-06 
      0.12486378   3.50085794e-06 
     0.125135223   3.32967941e-06 
     0.125406666   3.16525729e-06 
     0.125678109   3.00906138e-06 
     0.125949552   2.86109166e-06 
     0.126220995   2.72134814e-06 
     0.126492438   2.59129556e-06 
     0.126763881    2.4660547e-06 
     0.127035324   2.34744211e-06 
     0.127306767   2.23545781e-06 
      0.12757821   2.13151836e-06 
     0.127849653   2.03169637e-06 
     0.128121096   1.93724944e-06 
     0.128392539   1.84817758e-06 
     0.128663982   1.76569582e-06 
     0.128935425   1.68686378e-06 
     0.129206868   1.61243292e-06 
     0.129478311   1.54240324e-06 
     0.129749754   1.47677475e-06 
     0.130021197   1.41639942e-06 
      0.13029264   1.35870027e-06 
     0.130564083   1.30465641e-06 
     0.130835526   1.25426784e-06 
     0.131106969   1.20845683e-06 
     0.131378412   1.16492933e-06 
     0.131649855   1.12449583e-06 
     0.131921298   1.08715632e-06 
     0.132192741    1.0574536e-06 
     0.132464184   1.02654006e-06 
     0.132735627    9.9809961e-07 
      0.13300707   9.72132241e-07 
     0.133278513   9.48637955e-07 
     0.133549956   9.24145867e-07 
     0.133821399   9.05577158e-07 
     0.134092842   8.89484277e-07 
     0.134364285   8.75867224e-07 
     0.134635728    8.6272297e-07 
     0.134907171   8.53558583e-07 
     0.135178614   8.47012593e-07 
     0.135450057   8.43084998e-07 
       0.1357215     8.417758e-07 
