       -0.135798   8.35876398e-07 
    -0.135526404      8.37178e-07 
    -0.135254808   8.41082807e-07 
    -0.134983212   8.47590817e-07 
    -0.134711616   8.56702032e-07 
     -0.13444002   8.69769597e-07 
    -0.134168424   8.83307256e-07 
    -0.133896828   8.99306307e-07 
    -0.133625232   9.17766751e-07 
    -0.133353636    9.4211654e-07 
     -0.13308204   9.65473929e-07 
    -0.132810444    9.9128999e-07 
    -0.132538848   1.01956472e-06 
    -0.132267252   1.05029813e-06 
    -0.131995656    1.0798313e-06 
     -0.13172406   1.11695601e-06 
    -0.131452464   1.15715711e-06 
    -0.131180868   1.20043458e-06 
    -0.130909272   1.24598392e-06 
    -0.130637676    1.2960861e-06 
     -0.13036608   1.34982308e-06 
    -0.130094484   1.40719488e-06 
    -0.129822888   1.46722856e-06 
    -0.129551292   1.53248941e-06 
    -0.129279696   1.60212717e-06 
      -0.1290081   1.67614185e-06 
    -0.128736504   1.75453345e-06 
    -0.128464908   1.83655994e-06 
    -0.128193312   1.92514158e-06 
    -0.127921716   2.01906915e-06 
     -0.12765012   2.11834263e-06 
    -0.127378524   2.22171601e-06 
    -0.127106928   2.33309544e-06 
    -0.126835332    2.4510678e-06 
    -0.126563736   2.57563308e-06 
     -0.12629214   2.70498691e-06 
    -0.126020544   2.84399105e-06 
    -0.125748948    2.9911782e-06 
    -0.125477352   3.14654838e-06 
    -0.125205756   3.31010157e-06 
     -0.12493416   3.48039201e-06 
    -0.124662564     3.663221e-06 
    -0.124390968   3.85624901e-06 
    -0.124119372   4.05947603e-06 
    -0.123847776   4.27042437e-06 
     -0.12357618   4.49684985e-06 
    -0.123304584   4.73602112e-06 
    -0.123032988   4.98793819e-06 
    -0.122761392   5.24902911e-06 
    -0.122489796   5.52886633e-06 
      -0.1222182    5.8246594e-06 
    -0.121946604    6.1364083e-06 
    -0.121675008   6.46411304e-06 
    -0.121403412    6.8048549e-06 
    -0.121131816   7.17018448e-06 
     -0.12086022   7.55551015e-06 
    -0.120588624   7.96083191e-06 
    -0.120317028   8.38121109e-06 
    -0.120045432   8.83197144e-06 
    -0.119773836   9.30780845e-06 
     -0.11950224   9.80872214e-06 
    -0.119230644   1.03276547e-05 
    -0.118959048   1.08833848e-05 
    -0.118687452   1.14705767e-05 
    -0.118415856   1.20892303e-05 
     -0.11814426   1.27393457e-05 
    -0.117872664   1.34150385e-05 
    -0.117601068   1.41392188e-05 
    -0.117329472   1.49028825e-05 
    -0.117057876   1.57060296e-05 
     -0.11678628   1.65388282e-05 
    -0.116514684   1.74314987e-05 
    -0.116243088    1.8373728e-05 
    -0.115971492   1.93655159e-05 
    -0.115699896   2.03929182e-05 
      -0.1154283   2.14927671e-05 
    -0.115156704   2.26548274e-05 
    -0.114885108   2.38790993e-05 
    -0.114613512   2.51655827e-05 
    -0.114341916   2.65024203e-05 
     -0.11407032   2.79350316e-05 
    -0.113798724   2.94457426e-05 
    -0.113527128   3.10345535e-05 
    -0.113255532   3.26818845e-05 
    -0.112983936   3.44473535e-05 
     -0.11271234   3.63108721e-05 
    -0.112440744   3.82724401e-05 
    -0.112169148   4.03044843e-05 
    -0.111897552   4.24793111e-05 
    -0.111625956   4.47772359e-05 
     -0.11135436   4.71982588e-05 
    -0.111082764   4.97423797e-05 
    -0.110811168   5.23857048e-05 
    -0.110539572    5.5218313e-05 
    -0.110267976   5.82054688e-05 
     -0.10999638   6.13471724e-05 
    -0.109724784   6.46044091e-05 
    -0.109453188   6.80948714e-05 
    -0.109181592   7.17793673e-05 
    -0.108909996   7.56578967e-05 
      -0.1086384   7.96758895e-05 
    -0.108366804   8.39754214e-05 
    -0.108095208   8.85185618e-05 
    -0.107823612   9.33053109e-05 
    -0.107552016   9.83356685e-05 
     -0.10728042   0.000103561483 
    -0.107008824   0.000109161483 
    -0.106737228   0.000115067334 
    -0.106465632   0.000121279035 
    -0.106194036    0.00012771881 
     -0.10592244   0.000134619128 
    -0.105650844    0.00014190344 
    -0.105379248   0.000149571747 
    -0.105107652   0.000157515982 
    -0.104836056   0.000166015495 
     -0.10456446   0.000174997111 
    -0.104292864    0.00018446083 
    -0.104021268   0.000194406652 
    -0.103749672    0.00020473755 
    -0.103478076   0.000215808258 
     -0.10320648   0.000227484244 
    -0.102934884   0.000239765508 
    -0.102663288   0.000252496958 
    -0.102391692   0.000266137956 
    -0.102120096   0.000280538875 
      -0.1018485   0.000295699716 
    -0.101576904   0.000311406395 
    -0.101305308   0.000328208398 
    -0.101033712   0.000345964475 
    -0.100762116   0.000364674625 
     -0.10049052    0.00038433885 
    -0.100218924   0.000404761675 
    -0.099947328   0.000426647299 
    -0.099675732    0.00044973075 
    -0.099404136    0.00047401203 
     -0.09913254   0.000499181841 
    -0.098860944   0.000526148091 
    -0.098589348   0.000554618197 
    -0.098317752   0.000584592159 
    -0.098046156   0.000615645772 
     -0.09777456   0.000648860159 
    -0.097502964    0.00068396261 
    -0.097231368   0.000720953125 
    -0.096959772   0.000759831705 
    -0.096688176   0.000800204666 
     -0.09641658   0.000843470061 
    -0.096144984   0.000889105883 
    -0.095873388   0.000937112132 
    -0.095601792   0.000986871962 
    -0.095330196    0.00104018008 
      -0.0950586    0.00109646421 
    -0.094787004    0.00115572436 
    -0.094515408    0.00121711985 
    -0.094243812    0.00128277814 
    -0.093972216    0.00135217275 
     -0.09370062    0.00142530367 
    -0.093429024    0.00150217089 
    -0.093157428    0.00158198179 
    -0.092885832    0.00166751207 
    -0.092614236    0.00175773317 
     -0.09234264    0.00185264509 
    -0.092071044    0.00195101763 
    -0.091799448    0.00205639879 
    -0.091527852    0.00216766911 
    -0.091256256    0.00228482857 
     -0.09098466    0.00240621099 
    -0.090713064    0.00253600333 
    -0.090441468    0.00267318924 
    -0.090169872    0.00281776873 
    -0.089898276    0.00296974181 
     -0.08962668    0.00312751298 
    -0.089355084    0.00329659342 
    -0.089083488    0.00347495611 
    -0.088811892    0.00366260106 
    -0.088540296    0.00385707474 
      -0.0882687    0.00406539194 
    -0.087997104    0.00428536242 
    -0.087725508    0.00451698618 
    -0.087453912    0.00475696042 
    -0.087182316    0.00501352617 
     -0.08691072    0.00528472169 
    -0.086639124    0.00557054699 
    -0.086367528    0.00587100207 
    -0.086095932    0.00618287601 
    -0.085824336    0.00651711158 
     -0.08555274    0.00686971338 
    -0.085281144     0.0072406814 
    -0.085009548    0.00762512207 
    -0.084737952    0.00803690532 
    -0.084466356    0.00847174504 
     -0.08419476    0.00892964124 
    -0.083923164    0.00940404594 
    -0.083651568    0.00991118131 
    -0.083379972     0.0104472603 
    -0.083108376     0.0110122829 
     -0.08283678     0.0116062492 
    -0.082565184     0.0122226977 
    -0.082293588     0.0128833558 
    -0.082021992     0.0135803464 
    -0.081750396     0.0143136695 
      -0.0814788     0.0150735641 
    -0.081207204     0.0158874544 
    -0.080935608       0.01674695 
    -0.080664012     0.0176520509 
    -0.080392416     0.0185897736 
     -0.08012082     0.0195920517 
    -0.079849224     0.0206515702 
    -0.079577628     0.0217683291 
    -0.079306032     0.0229423286 
    -0.079034436     0.0241605669 
     -0.07876284     0.0254661757 
    -0.078491244     0.0268436215 
    -0.078219648     0.0282929043 
    -0.077948052     0.0297945547 
    -0.077676456      0.031402782 
     -0.07740486     0.0331011531 
    -0.077133264      0.034889668 
    -0.076861668     0.0367425852 
    -0.076590072     0.0387227457 
    -0.076318476     0.0408160017 
     -0.07604688     0.0430223532 
    -0.075775284     0.0453418001 
    -0.075503688     0.0477481887 
    -0.075232092     0.0503270637 
    -0.074960496     0.0530477949 
      -0.0746889     0.0559103822 
    -0.074417304     0.0588760169 
    -0.074145708     0.0620517232 
    -0.073874112     0.0654053014 
    -0.073602516     0.0689367515 
     -0.07333092     0.0725950878 
    -0.073059324     0.0765037942 
    -0.072787728     0.0806354322 
    -0.072516132     0.0849900019 
    -0.072244536     0.0895675032 
     -0.07197294     0.0943153966 
    -0.071701344     0.0994028612 
    -0.071429748      0.104769562 
    -0.071158152      0.110415499 
    -0.070886556      0.116263512 
     -0.07061496      0.122524084 
    -0.070343364      0.129134129 
    -0.070071768      0.136093648 
    -0.069800172      0.143402641 
    -0.069528576      0.151000783 
     -0.06925698      0.159136432 
    -0.068985384      0.167708971 
    -0.068713788        0.1767184 
    -0.068442192      0.186059652 
    -0.068170596      0.196064602 
       -0.067899      0.206614903 
    -0.067627404      0.217710553 
    -0.067355808      0.229199335 
    -0.067084212      0.241490773 
    -0.066812616      0.254461559 
     -0.06654102      0.268111694 
    -0.066269424      0.282441177 
    -0.065997828      0.297327074 
    -0.065726232       0.31325333 
    -0.065454636      0.330023532 
     -0.06518304       0.34763768 
    -0.064911444       0.36588839 
    -0.064639848      0.385412912 
    -0.064368252       0.40598198 
    -0.064096656      0.427595593 
     -0.06382506      0.449959705 
    -0.063553464       0.47384923 
    -0.063281868      0.499025164 
    -0.063010272      0.525487506 
    -0.062738676      0.553236256 
     -0.06246708      0.582023935 
    -0.062195484       0.61275832 
    -0.061923888      0.645066448 
    -0.061652292      0.678948319 
    -0.061380696      0.714006784 
      -0.0611091      0.751404824 
    -0.060837504      0.790711041 
    -0.060565908      0.831925436 
    -0.060294312      0.874503073 
    -0.060022716      0.919825145 
     -0.05975112      0.967433579 
    -0.059479524       1.01732838 
    -0.059207928       1.06950954 
    -0.058936332       1.12347569 
    -0.058664736       1.18082127 
     -0.05839314       1.24086358 
    -0.058121544       1.30360262 
    -0.057849948       1.36826816 
    -0.057578352       1.43687036 
    -0.057306756       1.50858884 
     -0.05703516       1.58342361 
    -0.056763564       1.65994708 
    -0.056491968       1.74133193 
    -0.056220372        1.8262134 
    -0.055948776       1.91459146 
     -0.05567718       2.00646614 
    -0.055405584       2.09854361 
    -0.055133988       2.19776034 
    -0.054862392       2.30062546 
    -0.054590796       2.40713897 
      -0.0543192       2.51423917 
    -0.054047604       2.62829101 
    -0.053776008       2.74602293 
    -0.053504412       2.86743493 
    -0.053232816       2.99332042 
     -0.05296122       3.12206508 
    -0.052689624       3.24909249 
    -0.052418028       3.38692555 
    -0.052146432       3.53001474 
    -0.051874836       3.68221468 
     -0.05160324       3.83378341 
    -0.051331644       3.99040797 
    -0.051060048       4.14483141 
    -0.050788452       4.30905852 
    -0.050516856       4.47412222 
     -0.05024526       4.64150787 
    -0.049973664       4.81159899 
    -0.049702068       4.98402708 
    -0.049430472        5.1586187 
    -0.049158876       5.33512725 
     -0.04888728       5.51328044 
    -0.048615684       5.69278609 
    -0.048344088       5.87333626 
    -0.048072492       6.05461089 
    -0.047800896       6.23628126 
      -0.0475293       6.41801377 
    -0.047257704       6.59989052 
    -0.046986108       6.78074401 
    -0.046714512       6.96066868 
    -0.046442916       7.13936622 
     -0.04617132       7.31658276 
    -0.045899724       7.49214288 
    -0.045628128       7.66600902 
    -0.045356532         7.837847 
    -0.045084936       8.00997193 
     -0.04481334       8.17666598 
    -0.044541744       8.33286823 
    -0.044270148       8.48703663 
    -0.043998552       8.63344507 
    -0.043726956        8.7840951 
     -0.04345536       8.94274819 
    -0.043183764       9.08595405 
    -0.042912168       9.22777774 
    -0.042640572       9.35529987 
    -0.042368976       9.47576834 
     -0.04209738       9.58918316 
    -0.041825784       9.69554432 
    -0.041554188       9.75752752 
    -0.041282592       9.85831639 
    -0.041010996       9.95598839 
      -0.0407394       10.0505435 
    -0.040467804       10.1613257 
    -0.040196208       10.2467706 
    -0.039924612       10.3273283 
    -0.039653016       10.4029988 
     -0.03938142        10.472064 
    -0.039109824       10.5378415 
    -0.038838228       10.5990645 
    -0.038566632       10.6557331 
    -0.038295036       10.7078472 
     -0.03802344       10.7565929 
    -0.037751844       10.8003099 
    -0.037480248        10.840025 
    -0.037208652       10.8757381 
    -0.036937056       10.9071496 
     -0.03666546       10.9353437 
    -0.036393864       10.9601037 
    -0.036122268       10.9814294 
    -0.035850672        10.999321 
    -0.035579076       11.0135127 
     -0.03530748       11.0253757 
    -0.035035884        11.034382 
    -0.034764288       11.0405317 
    -0.034492692       11.0433219 
    -0.034221096       11.0443376 
      -0.0339495       11.0430458 
    -0.033677904       11.0394465 
    -0.033406308       11.0329726 
    -0.033134712       11.0250847 
    -0.032863116       11.0153867 
     -0.03259152       11.0038785 
    -0.032319924       10.9905603 
    -0.032048328       10.9750366 
    -0.031776732       10.9586449 
    -0.031505136        10.940878 
     -0.03123354       10.9217357 
    -0.030961944       10.9007896 
    -0.030690348       10.8792146 
    -0.030418752       10.8566341 
    -0.030147156        10.833048 
     -0.02987556       10.8084563 
    -0.029603964       10.7826194 
    -0.029332368       10.7564667 
    -0.029060772       10.7296162 
    -0.028789176       10.7020679 
     -0.02851758       10.6735458 
    -0.028245984         10.64487 
    -0.027974388        10.615748 
    -0.027702792       10.5861798 
    -0.027431196       10.5559111 
      -0.0271596        10.525586 
    -0.026888004       10.4950175 
    -0.026616408       10.4642055 
    -0.026344812       10.4331501 
    -0.026073216       10.4016925 
     -0.02580162       10.3703549 
    -0.025530024       10.3389349 
    -0.025258428       10.3074325 
    -0.024986832       10.2756928 
    -0.024715236       10.2441362 
     -0.02444364       10.2126236 
    -0.024172044       10.1811551 
    -0.023900448       10.1497307 
    -0.023628852       10.1182687 
    -0.023357256       10.0870771 
     -0.02308566       10.0560276 
    -0.022814064       10.0251202 
    -0.022542468       9.99426795 
    -0.022270872       9.96372569 
    -0.021999276       9.93340046 
     -0.02172768       9.90329224 
    -0.021456084       9.87332596 
    -0.021184488       9.84369058 
    -0.020912892       9.81432873 
    -0.020641296       9.78524044 
      -0.0203697       9.75642569 
    -0.020098104       9.72784035 
    -0.019826508       9.69962679 
    -0.019554912       9.67172865 
    -0.019283316       9.64414595 
     -0.01901172       9.61683879 
    -0.018740124        9.5899142 
    -0.018468528       9.56333543 
    -0.018196932       9.53710245 
    -0.017925336       9.51121528 
     -0.01765374       9.48565422 
    -0.017382144       9.46049086 
    -0.017110548       9.43569471 
    -0.016838952       9.41126576 
    -0.016567356       9.38718546 
     -0.01629576       9.36350706 
    -0.016024164       9.34021037 
    -0.015752568       9.31729537 
    -0.015480972        9.2947481 
    -0.015209376       9.27260319 
     -0.01493778       9.25084921 
    -0.014666184       9.22948616 
    -0.014394588       9.20851403 
    -0.014122992       9.18792589 
    -0.013851396       9.16774272 
      -0.0135798       9.14795575 
    -0.013308204         9.128565 
    -0.013036608       9.10956591 
    -0.012765012       9.09096994 
    -0.012493416       9.07277258 
     -0.01222182       9.05497381 
    -0.011950224       9.03757365 
    -0.011678628       9.02057049 
    -0.011407032       9.00396822 
    -0.011135436       8.98776489 
     -0.01086384        8.9719605 
    -0.010592244       8.95655493 
    -0.010320648       8.94154741 
    -0.010049052       8.92693779 
    -0.009777456       8.91272607 
     -0.00950586       8.89891334 
    -0.009234264       8.88549618 
    -0.008962668       8.87247503 
    -0.008691072       8.85984988 
    -0.008419476       8.84762075 
     -0.00814788        8.8357884 
    -0.007876284       8.82434832 
    -0.007604688       8.81330195 
    -0.007333092       8.80264927 
    -0.007061496       8.79239119 
      -0.0067899       8.78252377 
    -0.006518304       8.77304767 
    -0.006246708       8.76396289 
    -0.005975112       8.75526943 
    -0.005703516       8.74696555 
     -0.00543192        8.7390514 
    -0.005160324       8.73152636 
    -0.004888728       8.72439044 
    -0.004617132       8.71764045 
    -0.004345536       8.71128078 
     -0.00407394       8.70530851 
    -0.003802344       8.69972365 
    -0.003530748        8.6945092 
    -0.003259152       8.68969817 
    -0.002987556       8.68527292 
     -0.00271596       8.68123345 
    -0.002444364       8.67757976 
    -0.002172768       8.67380275 
    -0.001901172       8.67090581 
    -0.001629576       8.66839513 
     -0.00135798       8.66627071 
    -0.001086384       8.66428581 
    -0.000814788       8.66285691 
    -0.000543192       8.66183627 
    -0.000271596       8.66122388 
               0       8.66101975 
     0.000271596       8.66122388 
     0.000543192       8.66183627 
     0.000814788       8.66285691 
     0.001086384       8.66428581 
      0.00135798       8.66627071 
     0.001629576       8.66839513 
     0.001901172       8.67090581 
     0.002172768       8.67380275 
     0.002444364       8.67757976 
      0.00271596       8.68123345 
     0.002987556       8.68527292 
     0.003259152       8.68969817 
     0.003530748        8.6945092 
     0.003802344       8.69972365 
      0.00407394       8.70530851 
     0.004345536       8.71128078 
     0.004617132       8.71764045 
     0.004888728       8.72439044 
     0.005160324       8.73152636 
      0.00543192        8.7390514 
     0.005703516       8.74696555 
     0.005975112       8.75526943 
     0.006246708       8.76396289 
     0.006518304       8.77304767 
       0.0067899       8.78252377 
     0.007061496       8.79239119 
     0.007333092       8.80264927 
     0.007604688       8.81330195 
     0.007876284       8.82434832 
      0.00814788        8.8357884 
     0.008419476       8.84762075 
     0.008691072       8.85984988 
     0.008962668       8.87247503 
     0.009234264       8.88549618 
      0.00950586       8.89891334 
     0.009777456       8.91272607 
     0.010049052       8.92693779 
     0.010320648       8.94154741 
     0.010592244       8.95655493 
      0.01086384        8.9719605 
     0.011135436       8.98776489 
     0.011407032       9.00396822 
     0.011678628       9.02057049 
     0.011950224       9.03757365 
      0.01222182       9.05497381 
     0.012493416       9.07277258 
     0.012765012       9.09096994 
     0.013036608       9.10956591 
     0.013308204         9.128565 
       0.0135798       9.14795575 
     0.013851396       9.16774272 
     0.014122992       9.18792589 
     0.014394588       9.20851403 
     0.014666184       9.22948616 
      0.01493778       9.25084921 
     0.015209376       9.27260319 
     0.015480972        9.2947481 
     0.015752568       9.31729537 
     0.016024164       9.34021037 
      0.01629576       9.36350706 
     0.016567356       9.38718546 
     0.016838952       9.41126576 
     0.017110548       9.43569471 
     0.017382144       9.46049086 
      0.01765374       9.48565422 
     0.017925336       9.51121528 
     0.018196932       9.53710245 
     0.018468528       9.56333543 
     0.018740124        9.5899142 
      0.01901172       9.61683879 
     0.019283316       9.64414595 
     0.019554912       9.67172865 
     0.019826508       9.69962679 
     0.020098104       9.72784035 
       0.0203697       9.75642569 
     0.020641296       9.78524044 
     0.020912892       9.81432873 
     0.021184488       9.84369058 
     0.021456084       9.87332596 
      0.02172768       9.90329224 
     0.021999276       9.93340046 
     0.022270872       9.96372569 
     0.022542468       9.99426795 
     0.022814064       10.0251202 
      0.02308566       10.0560276 
     0.023357256       10.0870771 
     0.023628852       10.1182687 
     0.023900448       10.1497307 
     0.024172044       10.1811551 
      0.02444364       10.2126236 
     0.024715236       10.2441362 
     0.024986832       10.2756928 
     0.025258428       10.3074325 
     0.025530024       10.3389349 
      0.02580162       10.3703549 
     0.026073216       10.4016925 
     0.026344812       10.4331501 
     0.026616408       10.4642055 
     0.026888004       10.4950175 
       0.0271596        10.525586 
     0.027431196       10.5559111 
     0.027702792       10.5861798 
     0.027974388        10.615748 
     0.028245984         10.64487 
      0.02851758       10.6735458 
     0.028789176       10.7020679 
     0.029060772       10.7296162 
     0.029332368       10.7564667 
     0.029603964       10.7826194 
      0.02987556       10.8084563 
     0.030147156        10.833048 
     0.030418752       10.8566341 
     0.030690348       10.8792146 
     0.030961944       10.9007896 
      0.03123354       10.9217357 
     0.031505136        10.940878 
     0.031776732       10.9586449 
     0.032048328       10.9750366 
     0.032319924       10.9905603 
      0.03259152       11.0038785 
     0.032863116       11.0153867 
     0.033134712       11.0250847 
     0.033406308       11.0329726 
     0.033677904       11.0394465 
       0.0339495       11.0430458 
     0.034221096       11.0443376 
     0.034492692       11.0433219 
     0.034764288       11.0405317 
     0.035035884        11.034382 
      0.03530748       11.0253757 
     0.035579076       11.0135127 
     0.035850672        10.999321 
     0.036122268       10.9814294 
     0.036393864       10.9601037 
      0.03666546       10.9353437 
     0.036937056       10.9071496 
     0.037208652       10.8757381 
     0.037480248        10.840025 
     0.037751844       10.8003099 
      0.03802344       10.7565929 
     0.038295036       10.7078472 
     0.038566632       10.6557331 
     0.038838228       10.5990645 
     0.039109824       10.5378415 
      0.03938142        10.472064 
     0.039653016       10.4029988 
     0.039924612       10.3273283 
     0.040196208       10.2467706 
     0.040467804       10.1613257 
       0.0407394       10.0505435 
     0.041010996       9.95598839 
     0.041282592       9.85831639 
     0.041554188       9.75752752 
     0.041825784       9.69554432 
      0.04209738       9.58918316 
     0.042368976       9.47576834 
     0.042640572       9.35529987 
     0.042912168       9.22777774 
     0.043183764       9.08595405 
      0.04345536       8.94274819 
     0.043726956        8.7840951 
     0.043998552       8.63344507 
     0.044270148       8.48703663 
     0.044541744       8.33286823 
      0.04481334       8.17666598 
     0.045084936       8.00997193 
     0.045356532         7.837847 
     0.045628128       7.66600902 
     0.045899724       7.49214288 
      0.04617132       7.31658276 
     0.046442916       7.13936622 
     0.046714512       6.96066868 
     0.046986108       6.78074401 
     0.047257704       6.59989052 
       0.0475293       6.41801377 
     0.047800896       6.23628126 
     0.048072492       6.05461089 
     0.048344088       5.87333626 
     0.048615684       5.69278609 
      0.04888728       5.51328044 
     0.049158876       5.33512725 
     0.049430472        5.1586187 
     0.049702068       4.98402708 
     0.049973664       4.81159899 
      0.05024526       4.64150787 
     0.050516856       4.47412222 
     0.050788452       4.30905852 
     0.051060048       4.14483141 
     0.051331644       3.99040797 
      0.05160324       3.83378341 
     0.051874836       3.68221468 
     0.052146432       3.53001474 
     0.052418028       3.38692555 
     0.052689624       3.24909249 
      0.05296122       3.12206508 
     0.053232816       2.99332042 
     0.053504412       2.86743493 
     0.053776008       2.74602293 
     0.054047604       2.62829101 
       0.0543192       2.51423917 
     0.054590796       2.40713897 
     0.054862392       2.30062546 
     0.055133988       2.19776034 
     0.055405584       2.09854361 
      0.05567718       2.00646614 
     0.055948776       1.91459146 
     0.056220372        1.8262134 
     0.056491968       1.74133193 
     0.056763564       1.65994708 
      0.05703516       1.58342361 
     0.057306756       1.50858884 
     0.057578352       1.43687036 
     0.057849948       1.36826816 
     0.058121544       1.30360262 
      0.05839314       1.24086358 
     0.058664736       1.18082127 
     0.058936332       1.12347569 
     0.059207928       1.06950954 
     0.059479524       1.01732838 
      0.05975112      0.967433579 
     0.060022716      0.919825145 
     0.060294312      0.874503073 
     0.060565908      0.831925436 
     0.060837504      0.790711041 
       0.0611091      0.751404824 
     0.061380696      0.714006784 
     0.061652292      0.678948319 
     0.061923888      0.645066448 
     0.062195484       0.61275832 
      0.06246708      0.582023935 
     0.062738676      0.553236256 
     0.063010272      0.525487506 
     0.063281868      0.499025164 
     0.063553464       0.47384923 
      0.06382506      0.449959705 
     0.064096656      0.427595593 
     0.064368252       0.40598198 
     0.064639848      0.385412912 
     0.064911444       0.36588839 
      0.06518304       0.34763768 
     0.065454636      0.330023532 
     0.065726232       0.31325333 
     0.065997828      0.297327074 
     0.066269424      0.282441177 
      0.06654102      0.268111694 
     0.066812616      0.254461559 
     0.067084212      0.241490773 
     0.067355808      0.229199335 
     0.067627404      0.217710553 
        0.067899      0.206614903 
     0.068170596      0.196064602 
     0.068442192      0.186059652 
     0.068713788        0.1767184 
     0.068985384      0.167708971 
      0.06925698      0.159136432 
     0.069528576      0.151000783 
     0.069800172      0.143402641 
     0.070071768      0.136093648 
     0.070343364      0.129134129 
      0.07061496      0.122524084 
     0.070886556      0.116263512 
     0.071158152      0.110415499 
     0.071429748      0.104769562 
     0.071701344     0.0994028612 
      0.07197294     0.0943153966 
     0.072244536     0.0895675032 
     0.072516132     0.0849900019 
     0.072787728     0.0806354322 
     0.073059324     0.0765037942 
      0.07333092     0.0725950878 
     0.073602516     0.0689367515 
     0.073874112     0.0654053014 
     0.074145708     0.0620517232 
     0.074417304     0.0588760169 
       0.0746889     0.0559103822 
     0.074960496     0.0530477949 
     0.075232092     0.0503270637 
     0.075503688     0.0477481887 
     0.075775284     0.0453418001 
      0.07604688     0.0430223532 
     0.076318476     0.0408160017 
     0.076590072     0.0387227457 
     0.076861668     0.0367425852 
     0.077133264      0.034889668 
      0.07740486     0.0331011531 
     0.077676456      0.031402782 
     0.077948052     0.0297945547 
     0.078219648     0.0282929043 
     0.078491244     0.0268436215 
      0.07876284     0.0254661757 
     0.079034436     0.0241605669 
     0.079306032     0.0229423286 
     0.079577628     0.0217683291 
     0.079849224     0.0206515702 
      0.08012082     0.0195920517 
     0.080392416     0.0185897736 
     0.080664012     0.0176520509 
     0.080935608       0.01674695 
     0.081207204     0.0158874544 
       0.0814788     0.0150735641 
     0.081750396     0.0143136695 
     0.082021992     0.0135803464 
     0.082293588     0.0128833558 
     0.082565184     0.0122226977 
      0.08283678     0.0116062492 
     0.083108376     0.0110122829 
     0.083379972     0.0104472603 
     0.083651568    0.00991118131 
     0.083923164    0.00940404594 
      0.08419476    0.00892964124 
     0.084466356    0.00847174504 
     0.084737952    0.00803690532 
     0.085009548    0.00762512207 
     0.085281144     0.0072406814 
      0.08555274    0.00686971338 
     0.085824336    0.00651711158 
     0.086095932    0.00618287601 
     0.086367528    0.00587100207 
     0.086639124    0.00557054699 
      0.08691072    0.00528472169 
     0.087182316    0.00501352617 
     0.087453912    0.00475696042 
     0.087725508    0.00451698618 
     0.087997104    0.00428536242 
       0.0882687    0.00406539194 
     0.088540296    0.00385707474 
     0.088811892    0.00366260106 
     0.089083488    0.00347495611 
     0.089355084    0.00329659342 
      0.08962668    0.00312751298 
     0.089898276    0.00296974181 
     0.090169872    0.00281776873 
     0.090441468    0.00267318924 
     0.090713064    0.00253600333 
      0.09098466    0.00240621099 
     0.091256256    0.00228482857 
     0.091527852    0.00216766911 
     0.091799448    0.00205639879 
     0.092071044    0.00195101763 
      0.09234264    0.00185264509 
     0.092614236    0.00175773317 
     0.092885832    0.00166751207 
     0.093157428    0.00158198179 
     0.093429024    0.00150217089 
      0.09370062    0.00142530367 
     0.093972216    0.00135217275 
     0.094243812    0.00128277814 
     0.094515408    0.00121711985 
     0.094787004    0.00115572436 
       0.0950586    0.00109646421 
     0.095330196    0.00104018008 
     0.095601792   0.000986871962 
     0.095873388   0.000937112132 
     0.096144984   0.000889105883 
      0.09641658   0.000843470061 
     0.096688176   0.000800204666 
     0.096959772   0.000759831705 
     0.097231368   0.000720953125 
     0.097502964    0.00068396261 
      0.09777456   0.000648860159 
     0.098046156   0.000615645772 
     0.098317752   0.000584592159 
     0.098589348   0.000554618197 
     0.098860944   0.000526148091 
      0.09913254   0.000499181841 
     0.099404136    0.00047401203 
     0.099675732    0.00044973075 
     0.099947328   0.000426647299 
     0.100218924   0.000404761675 
      0.10049052    0.00038433885 
     0.100762116   0.000364674625 
     0.101033712   0.000345964475 
     0.101305308   0.000328208398 
     0.101576904   0.000311406395 
       0.1018485   0.000295699716 
     0.102120096   0.000280538875 
     0.102391692   0.000266137956 
     0.102663288   0.000252496958 
     0.102934884   0.000239765508 
      0.10320648   0.000227484244 
     0.103478076   0.000215808258 
     0.103749672    0.00020473755 
     0.104021268   0.000194406652 
     0.104292864    0.00018446083 
      0.10456446   0.000174997111 
     0.104836056   0.000166015495 
     0.105107652   0.000157515982 
     0.105379248   0.000149571747 
     0.105650844    0.00014190344 
      0.10592244   0.000134619128 
     0.106194036    0.00012771881 
     0.106465632   0.000121279035 
     0.106737228   0.000115067334 
     0.107008824   0.000109161483 
      0.10728042   0.000103561483 
     0.107552016   9.83356685e-05 
     0.107823612   9.33053109e-05 
     0.108095208   8.85185618e-05 
     0.108366804   8.39754214e-05 
       0.1086384   7.96758895e-05 
     0.108909996   7.56578967e-05 
     0.109181592   7.17793673e-05 
     0.109453188   6.80948714e-05 
     0.109724784   6.46044091e-05 
      0.10999638   6.13471724e-05 
     0.110267976   5.82054688e-05 
     0.110539572    5.5218313e-05 
     0.110811168   5.23857048e-05 
     0.111082764   4.97423797e-05 
      0.11135436   4.71982588e-05 
     0.111625956   4.47772359e-05 
     0.111897552   4.24793111e-05 
     0.112169148   4.03044843e-05 
     0.112440744   3.82724401e-05 
      0.11271234   3.63108721e-05 
     0.112983936   3.44473535e-05 
     0.113255532   3.26818845e-05 
     0.113527128   3.10345535e-05 
     0.113798724   2.94457426e-05 
      0.11407032   2.79350316e-05 
     0.114341916   2.65024203e-05 
     0.114613512   2.51655827e-05 
     0.114885108   2.38790993e-05 
     0.115156704   2.26548274e-05 
       0.1154283   2.14927671e-05 
     0.115699896   2.03929182e-05 
     0.115971492   1.93655159e-05 
     0.116243088    1.8373728e-05 
     0.116514684   1.74314987e-05 
      0.11678628   1.65388282e-05 
     0.117057876   1.57060296e-05 
     0.117329472   1.49028825e-05 
     0.117601068   1.41392188e-05 
     0.117872664   1.34150385e-05 
      0.11814426   1.27393457e-05 
     0.118415856   1.20892303e-05 
     0.118687452   1.14705767e-05 
     0.118959048   1.08833848e-05 
     0.119230644   1.03276547e-05 
      0.11950224   9.80872214e-06 
     0.119773836   9.30780845e-06 
     0.120045432   8.83197144e-06 
     0.120317028   8.38121109e-06 
     0.120588624   7.96083191e-06 
      0.12086022   7.55551015e-06 
     0.121131816   7.17018448e-06 
     0.121403412    6.8048549e-06 
     0.121675008   6.46411304e-06 
     0.121946604    6.1364083e-06 
       0.1222182    5.8246594e-06 
     0.122489796   5.52886633e-06 
     0.122761392   5.24902911e-06 
     0.123032988   4.98793819e-06 
     0.123304584   4.73602112e-06 
      0.12357618   4.49684985e-06 
     0.123847776   4.27042437e-06 
     0.124119372   4.05947603e-06 
     0.124390968   3.85624901e-06 
     0.124662564     3.663221e-06 
      0.12493416   3.48039201e-06 
     0.125205756   3.31010157e-06 
     0.125477352   3.14654838e-06 
     0.125748948    2.9911782e-06 
     0.126020544   2.84399105e-06 
      0.12629214   2.70498691e-06 
     0.126563736   2.57563308e-06 
     0.126835332    2.4510678e-06 
     0.127106928   2.33309544e-06 
     0.127378524   2.22171601e-06 
      0.12765012   2.11834263e-06 
     0.127921716   2.01906915e-06 
     0.128193312   1.92514158e-06 
     0.128464908   1.83655994e-06 
     0.128736504   1.75453345e-06 
       0.1290081   1.67614185e-06 
     0.129279696   1.60212717e-06 
     0.129551292   1.53248941e-06 
     0.129822888   1.46722856e-06 
     0.130094484   1.40719488e-06 
      0.13036608   1.34982308e-06 
     0.130637676    1.2960861e-06 
     0.130909272   1.24598392e-06 
     0.131180868   1.20043458e-06 
     0.131452464   1.15715711e-06 
      0.13172406   1.11695601e-06 
     0.131995656    1.0798313e-06 
     0.132267252   1.05029813e-06 
     0.132538848   1.01956472e-06 
     0.132810444    9.9128999e-07 
      0.13308204   9.65473929e-07 
     0.133353636    9.4211654e-07 
     0.133625232   9.17766751e-07 
     0.133896828   8.99306307e-07 
     0.134168424   8.83307256e-07 
      0.13444002   8.69769597e-07 
     0.134711616   8.56702032e-07 
     0.134983212   8.47590817e-07 
     0.135254808   8.41082807e-07 
     0.135526404      8.37178e-07 
        0.135798   8.35876398e-07 
