       -0.127742   1.77699386e-06 
    -0.127486516   1.77944705e-06 
    -0.127231032    1.7868066e-06 
    -0.126975548   1.79907252e-06 
    -0.126720064   1.81624481e-06 
     -0.12646458   1.84179047e-06 
    -0.126209096   1.86728956e-06 
    -0.125953612   1.89742483e-06 
    -0.125698128   1.93219631e-06 
    -0.125442644   1.97160398e-06 
     -0.12518716   2.02313488e-06 
    -0.124931676   2.07176512e-06 
    -0.124676192    2.1250268e-06 
    -0.124420708   2.18291995e-06 
    -0.124165224   2.23566561e-06 
     -0.12390974   2.30462882e-06 
    -0.123654256   2.37940446e-06 
    -0.123398772   2.45999252e-06 
    -0.123143288     2.546393e-06 
    -0.122887804   2.63665065e-06 
     -0.12263232   2.73572433e-06 
    -0.122376836   2.84167876e-06 
    -0.122121352   2.95451393e-06 
    -0.121865868   3.07422984e-06 
    -0.121610384   3.19903423e-06 
      -0.1213549   3.33436499e-06 
    -0.121099416   3.47799777e-06 
    -0.120843932   3.62993258e-06 
    -0.120588448   3.78749526e-06 
    -0.120332964   3.95723044e-06 
     -0.12007748   4.13712563e-06 
    -0.119821996   4.32718084e-06 
    -0.119566512   4.52739607e-06 
    -0.119311028   4.73471632e-06 
    -0.119055544   4.95761809e-06 
     -0.11880006   5.19307399e-06 
    -0.118544576   5.44108403e-06 
    -0.118289092    5.7016482e-06 
    -0.118033608   5.97165073e-06 
    -0.117778124   6.26140537e-06 
     -0.11752264   6.56677118e-06 
    -0.117267156   6.88774814e-06 
    -0.117011672   7.21915378e-06 
    -0.116756188   7.57400669e-06 
    -0.116500704   7.94835219e-06 
     -0.11624522    8.3421903e-06 
    -0.115989736   8.75552101e-06 
    -0.115734252   9.18245514e-06 
    -0.115478768   9.63984383e-06 
    -0.115223284   1.01216359e-05 
      -0.1149678   1.06278313e-05 
    -0.114712316   1.11584302e-05 
    -0.114456832   1.17075839e-05 
    -0.114201348   1.22955634e-05 
    -0.113945864   1.29141457e-05 
     -0.11369038   1.35633306e-05 
    -0.113434896   1.42329608e-05 
    -0.113179412    1.4949085e-05 
    -0.112923928   1.57036269e-05 
    -0.112668444   1.64965864e-05 
     -0.11241296   1.73279634e-05 
    -0.112157476     1.818643e-05 
    -0.111901992   1.91053206e-05 
    -0.111646508   2.00724717e-05 
    -0.111391024   2.10878834e-05 
     -0.11113554   2.21515556e-05 
    -0.110880056    2.3252595e-05 
    -0.110624572   2.44305857e-05 
    -0.110369088   2.56692273e-05 
    -0.110113604   2.69685198e-05 
     -0.10985812   2.83086251e-05 
    -0.109602636   2.97415092e-05 
    -0.109347152   3.12506355e-05 
    -0.109091668   3.28360042e-05 
    -0.108836184   3.44976152e-05 
      -0.1085807     3.621378e-05 
    -0.108325216   3.80502439e-05 
    -0.108069732   3.99825653e-05 
    -0.107814248   4.20107441e-05 
    -0.107558764   4.41025083e-05 
     -0.10730328    4.6334559e-05 
    -0.107047796   4.86871409e-05 
    -0.106792312   5.11602539e-05 
    -0.106536828   5.37538981e-05 
    -0.106281344   5.64294054e-05 
     -0.10602586   5.92903436e-05 
    -0.105770376    6.2302847e-05 
    -0.105514892   6.54669155e-05 
    -0.105259408   6.87825491e-05 
    -0.105003924   7.22083773e-05 
     -0.10474844   7.58739001e-05 
    -0.104492956   7.97300195e-05 
    -0.104237472   8.37767356e-05 
    -0.103981988   8.79502134e-05 
    -0.103726504   9.24051626e-05 
     -0.10347102   9.70997965e-05 
    -0.103215536   0.000102034115 
    -0.102960052   0.000107208119 
    -0.102704568   0.000112546578 
    -0.102449084   0.000118255748 
      -0.1021936   0.000124266338 
    -0.101938116   0.000130578347 
    -0.101682632   0.000137191775 
    -0.101427148    0.00014402803 
    -0.101171664   0.000151341881 
     -0.10091618   0.000159034789 
    -0.100660696   0.000167106753 
    -0.100405212   0.000175431674 
    -0.100149728   0.000184321322 
    -0.099894244   0.000193687661 
     -0.09963876   0.000203530693 
    -0.099383276   0.000213850417 
    -0.099127792   0.000224500817 
    -0.098872308   0.000235892218 
    -0.098616824   0.000247883095 
     -0.09836134   0.000260473449 
    -0.098105856    0.00027366328 
    -0.097850372   0.000287304021 
    -0.097594888   0.000301896129 
    -0.097339404   0.000317242124 
     -0.09708392   0.000333342005 
    -0.096828436   0.000349947124 
    -0.096572952   0.000367684921 
    -0.096317468   0.000386370785 
    -0.096061984   0.000406004717 
      -0.0958065   0.000426586717 
    -0.095551016   0.000447834191 
    -0.095295532   0.000470562306 
    -0.095040048   0.000494482683 
    -0.094784564   0.000519595323 
     -0.09452908   0.000545900226 
    -0.094273596   0.000573118213 
    -0.094018112    0.00060223057 
    -0.093762628   0.000632842278 
    -0.093507144   0.000664953338 
     -0.09325166   0.000698074524 
    -0.092996176   0.000733466508 
    -0.092740692   0.000770744024 
    -0.092485208   0.000809907072 
    -0.092229724   0.000850955653 
     -0.09197424   0.000893344688 
    -0.091718756   0.000938690971 
    -0.091463272   0.000986408428 
    -0.091207788    0.00103649706 
    -0.090952304    0.00108895686 
     -0.09069682    0.00114326693 
    -0.090441336    0.00120134733 
    -0.090185852    0.00126240963 
    -0.089930368    0.00132645381 
    -0.089674884     0.0013925197 
      -0.0894194    0.00146313573 
    -0.089163916    0.00153750164 
    -0.088908432    0.00161561745 
    -0.088652948    0.00169748314 
    -0.088397464    0.00178205138 
     -0.08814198    0.00187252313 
    -0.087886496    0.00196771054 
    -0.087631012    0.00206761362 
    -0.087375528    0.00217066227 
    -0.087120044    0.00228060298 
     -0.08686456    0.00239647385 
    -0.086609076    0.00251827487 
    -0.086353592    0.00264600604 
    -0.086098108    0.00277778793 
    -0.085842624    0.00291868212 
     -0.08558714     0.0030670337 
    -0.085331656    0.00322284265 
    -0.085076172    0.00338610897 
    -0.084820688    0.00355482893 
    -0.084565204    0.00373532761 
     -0.08430972    0.00392520414 
    -0.084054236    0.00412445852 
    -0.083798752    0.00432997159 
    -0.083543268    0.00454933547 
    -0.083287784    0.00478049212 
      -0.0830323    0.00502344152 
    -0.082776816    0.00527818368 
    -0.082521332    0.00554105043 
    -0.082265848    0.00582215492 
    -0.082010364    0.00611808875 
     -0.08175488    0.00642885193 
    -0.081499396    0.00675444445 
    -0.081243912    0.00709105101 
    -0.080988428    0.00745114485 
    -0.080732944     0.0078298862 
     -0.08047746    0.00822727505 
    -0.080221976    0.00863713001 
    -0.079966492    0.00907480087 
    -0.079711008     0.0095359199 
    -0.079455524     0.0100204871 
     -0.07920004     0.0105285025 
    -0.078944556     0.0110528286 
    -0.078689072     0.0116136318 
    -0.078433588     0.0122039188 
    -0.078178104     0.0128236895 
     -0.07792262      0.013472944 
    -0.077667136      0.014144456 
    -0.077411652       0.01486277 
    -0.077156168     0.0156181553 
    -0.076900684      0.016410612 
      -0.0766452      0.017227921 
    -0.076389716     0.0181010442 
    -0.076134232     0.0190207761 
    -0.075878748     0.0199871169 
    -0.075623264     0.0210000664 
     -0.07536778     0.0220457825 
    -0.075112296     0.0231643918 
    -0.074856812     0.0243415963 
    -0.074601328     0.0255773959 
    -0.074345844     0.0268717909 
     -0.07409036     0.0282111744 
    -0.073834876     0.0296437254 
    -0.073579392     0.0311499326 
    -0.073323908      0.032729796 
    -0.073068424     0.0343592292 
     -0.07281294     0.0361005206 
    -0.072557456     0.0379343865 
    -0.072301972     0.0398608271 
    -0.072046488     0.0418798422 
    -0.071791004     0.0439646868 
     -0.07153552     0.0461949867 
    -0.071280036     0.0485416154 
    -0.071024552     0.0510045729 
    -0.070769068     0.0535838591 
    -0.070513584     0.0562540228 
      -0.0702581     0.0591093224 
    -0.070002616       0.06211076 
    -0.069747132     0.0652583357 
    -0.069491648     0.0685047415 
    -0.069236164     0.0719748225 
     -0.06898068     0.0756284211 
    -0.068725196     0.0794655375 
    -0.068469712     0.0834861716 
    -0.068214228     0.0876388927 
    -0.067958744     0.0920810218 
     -0.06770326      0.096753493 
    -0.067447776      0.101656306 
    -0.067192292      0.106711894 
    -0.066936808      0.112105705 
    -0.066681324      0.117788431 
     -0.06642584      0.123760072 
    -0.066170356      0.130020628 
    -0.065914872      0.136477729 
    -0.065659388      0.143379895 
    -0.065403904      0.150644106 
     -0.06514842      0.158270361 
    -0.064892936      0.166258661 
    -0.064637452      0.174510811 
    -0.064381968      0.183334933 
    -0.064126484      0.192612164 
       -0.063871      0.202342506 
    -0.063615516      0.212373151 
    -0.063360032      0.223075477 
    -0.063104548      0.234343909 
    -0.062849064      0.246178448 
     -0.06259358      0.258579093 
    -0.062338096      0.271367631 
    -0.062082612      0.285031282 
    -0.061827128       0.29940057 
    -0.061571644      0.314475494 
     -0.06131616      0.330256054 
    -0.061060676      0.346557206 
    -0.060805192       0.36397037 
    -0.060549708       0.38226032 
    -0.060294224      0.401427057 
     -0.06003874      0.421176147 
    -0.059783256      0.442231595 
    -0.059527772      0.464371863 
    -0.059272288       0.48759695 
    -0.059016804      0.511906857 
     -0.05876132      0.536966911 
    -0.058505836      0.563697878 
    -0.058250352      0.591763383 
    -0.057994868      0.621163427 
    -0.057739384      0.651898009 
      -0.0574839      0.683627246 
    -0.057228416       0.71743311 
    -0.056972932      0.752868127 
    -0.056717448      0.789932298 
    -0.056461964      0.828086338 
     -0.05620648      0.868654889 
    -0.055950996      0.911191882 
    -0.055695512      0.955697317 
    -0.055440028       1.00217119 
    -0.055184544       1.05001733 
     -0.05492906       1.10083887 
    -0.054673576        1.1540064 
    -0.054418092        1.2095199 
    -0.054162608       1.26737939 
    -0.053907124       1.32697131 
     -0.05365164       1.39010438 
    -0.053396156       1.45598306 
    -0.053140672       1.52460734 
    -0.052885188       1.59502803 
    -0.052629704       1.66946967 
     -0.05237422       1.74704943 
    -0.052118736        1.8277673 
    -0.051863252       1.91162329 
    -0.051607768       1.99708075 
    -0.051352284       2.08762718 
      -0.0510968       2.18164169 
    -0.050841316       2.27912428 
    -0.050585832       2.37635977 
    -0.050330348        2.4809559 
    -0.050074864       2.58909956 
     -0.04981938       2.70079074 
    -0.049563896       2.81602944 
    -0.049308412       2.93076598 
    -0.049052928       3.05330535 
    -0.048797444       3.17937938 
     -0.04854196       3.30898805 
    -0.048286476       3.44213138 
    -0.048030992       3.57999509 
    -0.047775508       3.71981232 
    -0.047520024       3.85683576 
     -0.04726454       4.00553949 
    -0.047009056       4.16436415 
    -0.046753572       4.32172979 
    -0.046498088       4.48273475 
    -0.046242604       4.64851203 
     -0.04598712       4.81063847 
    -0.045731636       4.98279769 
    -0.045476152       5.15497261 
    -0.045220668        5.3288564 
    -0.044965184       5.50477646 
      -0.0447097       5.68241903 
    -0.044454216       5.86160466 
    -0.044198732       6.04209485 
    -0.043943248       6.22362865 
    -0.043687764       6.40633548 
     -0.04343228       6.58915191 
    -0.043176796       6.77215985 
    -0.042921312       6.95506238 
    -0.042665828       7.13756314 
    -0.042410344       7.31937318 
     -0.04215486       7.50060212 
    -0.041899376       7.68018024 
    -0.041643892       7.85831389 
    -0.041388408       8.03486706 
    -0.041132924       8.20983779 
     -0.04087744       8.38286966 
    -0.040621956       8.55428147 
    -0.040366472       8.72515727 
    -0.040110988       8.88353965 
    -0.039855504       9.03998015 
     -0.03960002       9.18751893 
    -0.039344536       9.33950176 
    -0.039089052       9.50049981 
    -0.038833568       9.64894739 
    -0.038578084       9.78941137 
      -0.0383226       9.92940979 
    -0.038067116       10.0554539 
    -0.037811632        10.174854 
    -0.037556148       10.2876102 
    -0.037300664       10.3937223 
     -0.03704518       10.4530274 
    -0.036789696       10.5544164 
    -0.036534212       10.6528813 
    -0.036278728        10.748422 
    -0.036023244         10.86243 
     -0.03576776        10.949725 
    -0.035512276       11.0324323 
    -0.035256792        11.110552 
    -0.035001308        11.184084 
    -0.034745824       11.2509893 
     -0.03449034       11.3153781 
    -0.034234856       11.3755097 
    -0.033979372        11.431384 
    -0.033723888       11.4830011 
    -0.033468404       11.5316512 
     -0.03321292        11.575528 
    -0.032957436       11.6156841 
    -0.032701952       11.6521196 
    -0.032446468       11.6844419 
    -0.032190984       11.7138164 
      -0.0319355        11.740018 
    -0.031680016       11.7630468 
    -0.031424532       11.7829027 
    -0.031169048       11.7990477 
    -0.030913564       11.8131012 
     -0.03065808       11.8245352 
    -0.030402596       11.8333497 
    -0.030147112       11.8395448 
    -0.029891628        11.842619 
    -0.029636144       11.8442391 
     -0.02938066       11.8437623 
    -0.029125176       11.8411888 
    -0.028869692       11.8365185 
    -0.028614208       11.8293826 
    -0.028358724       11.8212523 
     -0.02810324       11.8114955 
    -0.027847756       11.8001124 
    -0.027592272       11.7865589 
    -0.027336788         11.77227 
    -0.027081304       11.7567631 
     -0.02682582       11.7400383 
    -0.026570336       11.7220956 
    -0.026314852       11.7025155 
    -0.026059368       11.6825305 
    -0.025803884        11.661673 
      -0.0255484       11.6399428 
    -0.025292916       11.6173399 
    -0.025037432       11.5935771 
    -0.024781948       11.5696374 
    -0.024526464       11.5451106 
     -0.02427098       11.5199967 
    -0.024015496       11.4939641 
    -0.023760012       11.4678433 
    -0.023504528       11.4413673 
    -0.023249044       11.4145363 
     -0.02299356       11.3873501 
    -0.022738076       11.3595607 
    -0.022482592       11.3318523 
    -0.022227108       11.3039744 
    -0.021971624       11.2759272 
     -0.02171614       11.2477106 
    -0.021460656       11.2191546 
    -0.021205172       11.1907904 
    -0.020949688       11.1624035 
    -0.020694204        11.133994 
     -0.02043872       11.1053911 
    -0.020183236       11.0770042 
    -0.019927752       11.0487093 
    -0.019672268       11.0205062 
    -0.019416784       10.9923949 
      -0.0191613       10.9642487 
    -0.018905816       10.9363994 
    -0.018650332       10.9087304 
    -0.018394848       10.8812416 
    -0.018139364       10.8539329 
     -0.01788388       10.8267172 
    -0.017628396       10.7998484 
    -0.017372912       10.7732271 
    -0.017117428       10.7468533 
    -0.016861944       10.7207271 
     -0.01660646       10.6947941 
    -0.016350976       10.6692375 
    -0.016095492       10.6439791 
    -0.015840008        10.619019 
    -0.015584524       10.5942996 
     -0.01532904       10.5699646 
    -0.015073556       10.5459653 
    -0.014818072       10.5223019 
    -0.014562588       10.4989742 
    -0.014307104       10.4759431 
     -0.01405162       10.4533159 
    -0.013796136       10.4310518 
    -0.013540652       10.4091509 
    -0.013285168       10.3876131 
    -0.013029684       10.3664139 
      -0.0127742       10.3456288 
    -0.012518716       10.3252264 
    -0.012263232       10.3052065 
    -0.012007748        10.285547 
    -0.011752264       10.2663013 
     -0.01149678       10.2474518 
    -0.011241296       10.2289985 
    -0.010985812       10.2109414 
    -0.010730328       10.1932656 
    -0.010474844       10.1760096 
     -0.01021936       10.1591588 
    -0.009963876       10.1427133 
    -0.009708392       10.1266732 
    -0.009452908       10.1110291 
    -0.009197424       10.0958068 
     -0.00894194       10.0809957 
    -0.008686456       10.0665958 
    -0.008430972       10.0526071 
    -0.008175488       10.0390238 
    -0.007920004       10.0258629 
     -0.00766452       10.0131167 
    -0.007409036       10.0007852 
    -0.007153552       9.98886277 
    -0.006898068       9.97736249 
    -0.006642584       9.96627897 
      -0.0063871       9.95561222 
    -0.006131616       9.94536224 
    -0.005876132       9.93552305 
    -0.005620648       9.92610784 
    -0.005365164       9.91711046 
     -0.00510968       9.90853092 
    -0.004854196       9.90036922 
    -0.004598712       9.89261808 
    -0.004343228       9.88529298 
    -0.004087744       9.87838638 
     -0.00383226       9.87189829 
    -0.003576776       9.86580456 
    -0.003321292        9.8601538 
    -0.003065808       9.85492151 
    -0.002810324       9.85010769 
     -0.00255484       9.84571233 
    -0.002299356       9.84109004 
    -0.002043872       9.83751439 
    -0.001788388       9.83435941 
    -0.001532904        9.8316251 
     -0.00127742       9.82931145 
    -0.001021936       9.82708225 
    -0.000766452       9.82552388 
    -0.000510968       9.82441075 
    -0.000255484       9.82374287 
               0       9.82352025 
     0.000255484       9.82374287 
     0.000510968       9.82441075 
     0.000766452       9.82552388 
     0.001021936       9.82708225 
      0.00127742       9.82931145 
     0.001532904        9.8316251 
     0.001788388       9.83435941 
     0.002043872       9.83751439 
     0.002299356       9.84109004 
      0.00255484       9.84571233 
     0.002810324       9.85010769 
     0.003065808       9.85492151 
     0.003321292        9.8601538 
     0.003576776       9.86580456 
      0.00383226       9.87189829 
     0.004087744       9.87838638 
     0.004343228       9.88529298 
     0.004598712       9.89261808 
     0.004854196       9.90036922 
      0.00510968       9.90853092 
     0.005365164       9.91711046 
     0.005620648       9.92610784 
     0.005876132       9.93552305 
     0.006131616       9.94536224 
       0.0063871       9.95561222 
     0.006642584       9.96627897 
     0.006898068       9.97736249 
     0.007153552       9.98886277 
     0.007409036       10.0007852 
      0.00766452       10.0131167 
     0.007920004       10.0258629 
     0.008175488       10.0390238 
     0.008430972       10.0526071 
     0.008686456       10.0665958 
      0.00894194       10.0809957 
     0.009197424       10.0958068 
     0.009452908       10.1110291 
     0.009708392       10.1266732 
     0.009963876       10.1427133 
      0.01021936       10.1591588 
     0.010474844       10.1760096 
     0.010730328       10.1932656 
     0.010985812       10.2109414 
     0.011241296       10.2289985 
      0.01149678       10.2474518 
     0.011752264       10.2663013 
     0.012007748        10.285547 
     0.012263232       10.3052065 
     0.012518716       10.3252264 
       0.0127742       10.3456288 
     0.013029684       10.3664139 
     0.013285168       10.3876131 
     0.013540652       10.4091509 
     0.013796136       10.4310518 
      0.01405162       10.4533159 
     0.014307104       10.4759431 
     0.014562588       10.4989742 
     0.014818072       10.5223019 
     0.015073556       10.5459653 
      0.01532904       10.5699646 
     0.015584524       10.5942996 
     0.015840008        10.619019 
     0.016095492       10.6439791 
     0.016350976       10.6692375 
      0.01660646       10.6947941 
     0.016861944       10.7207271 
     0.017117428       10.7468533 
     0.017372912       10.7732271 
     0.017628396       10.7998484 
      0.01788388       10.8267172 
     0.018139364       10.8539329 
     0.018394848       10.8812416 
     0.018650332       10.9087304 
     0.018905816       10.9363994 
       0.0191613       10.9642487 
     0.019416784       10.9923949 
     0.019672268       11.0205062 
     0.019927752       11.0487093 
     0.020183236       11.0770042 
      0.02043872       11.1053911 
     0.020694204        11.133994 
     0.020949688       11.1624035 
     0.021205172       11.1907904 
     0.021460656       11.2191546 
      0.02171614       11.2477106 
     0.021971624       11.2759272 
     0.022227108       11.3039744 
     0.022482592       11.3318523 
     0.022738076       11.3595607 
      0.02299356       11.3873501 
     0.023249044       11.4145363 
     0.023504528       11.4413673 
     0.023760012       11.4678433 
     0.024015496       11.4939641 
      0.02427098       11.5199967 
     0.024526464       11.5451106 
     0.024781948       11.5696374 
     0.025037432       11.5935771 
     0.025292916       11.6173399 
       0.0255484       11.6399428 
     0.025803884        11.661673 
     0.026059368       11.6825305 
     0.026314852       11.7025155 
     0.026570336       11.7220956 
      0.02682582       11.7400383 
     0.027081304       11.7567631 
     0.027336788         11.77227 
     0.027592272       11.7865589 
     0.027847756       11.8001124 
      0.02810324       11.8114955 
     0.028358724       11.8212523 
     0.028614208       11.8293826 
     0.028869692       11.8365185 
     0.029125176       11.8411888 
      0.02938066       11.8437623 
     0.029636144       11.8442391 
     0.029891628        11.842619 
     0.030147112       11.8395448 
     0.030402596       11.8333497 
      0.03065808       11.8245352 
     0.030913564       11.8131012 
     0.031169048       11.7990477 
     0.031424532       11.7829027 
     0.031680016       11.7630468 
       0.0319355        11.740018 
     0.032190984       11.7138164 
     0.032446468       11.6844419 
     0.032701952       11.6521196 
     0.032957436       11.6156841 
      0.03321292        11.575528 
     0.033468404       11.5316512 
     0.033723888       11.4830011 
     0.033979372        11.431384 
     0.034234856       11.3755097 
      0.03449034       11.3153781 
     0.034745824       11.2509893 
     0.035001308        11.184084 
     0.035256792        11.110552 
     0.035512276       11.0324323 
      0.03576776        10.949725 
     0.036023244         10.86243 
     0.036278728        10.748422 
     0.036534212       10.6528813 
     0.036789696       10.5544164 
      0.03704518       10.4530274 
     0.037300664       10.3937223 
     0.037556148       10.2876102 
     0.037811632        10.174854 
     0.038067116       10.0554539 
       0.0383226       9.92940979 
     0.038578084       9.78941137 
     0.038833568       9.64894739 
     0.039089052       9.50049981 
     0.039344536       9.33950176 
      0.03960002       9.18751893 
     0.039855504       9.03998015 
     0.040110988       8.88353965 
     0.040366472       8.72515727 
     0.040621956       8.55428147 
      0.04087744       8.38286966 
     0.041132924       8.20983779 
     0.041388408       8.03486706 
     0.041643892       7.85831389 
     0.041899376       7.68018024 
      0.04215486       7.50060212 
     0.042410344       7.31937318 
     0.042665828       7.13756314 
     0.042921312       6.95506238 
     0.043176796       6.77215985 
      0.04343228       6.58915191 
     0.043687764       6.40633548 
     0.043943248       6.22362865 
     0.044198732       6.04209485 
     0.044454216       5.86160466 
       0.0447097       5.68241903 
     0.044965184       5.50477646 
     0.045220668        5.3288564 
     0.045476152       5.15497261 
     0.045731636       4.98279769 
      0.04598712       4.81063847 
     0.046242604       4.64851203 
     0.046498088       4.48273475 
     0.046753572       4.32172979 
     0.047009056       4.16436415 
      0.04726454       4.00553949 
     0.047520024       3.85683576 
     0.047775508       3.71981232 
     0.048030992       3.57999509 
     0.048286476       3.44213138 
      0.04854196       3.30898805 
     0.048797444       3.17937938 
     0.049052928       3.05330535 
     0.049308412       2.93076598 
     0.049563896       2.81602944 
      0.04981938       2.70079074 
     0.050074864       2.58909956 
     0.050330348        2.4809559 
     0.050585832       2.37635977 
     0.050841316       2.27912428 
       0.0510968       2.18164169 
     0.051352284       2.08762718 
     0.051607768       1.99708075 
     0.051863252       1.91162329 
     0.052118736        1.8277673 
      0.05237422       1.74704943 
     0.052629704       1.66946967 
     0.052885188       1.59502803 
     0.053140672       1.52460734 
     0.053396156       1.45598306 
      0.05365164       1.39010438 
     0.053907124       1.32697131 
     0.054162608       1.26737939 
     0.054418092        1.2095199 
     0.054673576        1.1540064 
      0.05492906       1.10083887 
     0.055184544       1.05001733 
     0.055440028       1.00217119 
     0.055695512      0.955697317 
     0.055950996      0.911191882 
      0.05620648      0.868654889 
     0.056461964      0.828086338 
     0.056717448      0.789932298 
     0.056972932      0.752868127 
     0.057228416       0.71743311 
       0.0574839      0.683627246 
     0.057739384      0.651898009 
     0.057994868      0.621163427 
     0.058250352      0.591763383 
     0.058505836      0.563697878 
      0.05876132      0.536966911 
     0.059016804      0.511906857 
     0.059272288       0.48759695 
     0.059527772      0.464371863 
     0.059783256      0.442231595 
      0.06003874      0.421176147 
     0.060294224      0.401427057 
     0.060549708       0.38226032 
     0.060805192       0.36397037 
     0.061060676      0.346557206 
      0.06131616      0.330256054 
     0.061571644      0.314475494 
     0.061827128       0.29940057 
     0.062082612      0.285031282 
     0.062338096      0.271367631 
      0.06259358      0.258579093 
     0.062849064      0.246178448 
     0.063104548      0.234343909 
     0.063360032      0.223075477 
     0.063615516      0.212373151 
        0.063871      0.202342506 
     0.064126484      0.192612164 
     0.064381968      0.183334933 
     0.064637452      0.174510811 
     0.064892936      0.166258661 
      0.06514842      0.158270361 
     0.065403904      0.150644106 
     0.065659388      0.143379895 
     0.065914872      0.136477729 
     0.066170356      0.130020628 
      0.06642584      0.123760072 
     0.066681324      0.117788431 
     0.066936808      0.112105705 
     0.067192292      0.106711894 
     0.067447776      0.101656306 
      0.06770326      0.096753493 
     0.067958744     0.0920810218 
     0.068214228     0.0876388927 
     0.068469712     0.0834861716 
     0.068725196     0.0794655375 
      0.06898068     0.0756284211 
     0.069236164     0.0719748225 
     0.069491648     0.0685047415 
     0.069747132     0.0652583357 
     0.070002616       0.06211076 
       0.0702581     0.0591093224 
     0.070513584     0.0562540228 
     0.070769068     0.0535838591 
     0.071024552     0.0510045729 
     0.071280036     0.0485416154 
      0.07153552     0.0461949867 
     0.071791004     0.0439646868 
     0.072046488     0.0418798422 
     0.072301972     0.0398608271 
     0.072557456     0.0379343865 
      0.07281294     0.0361005206 
     0.073068424     0.0343592292 
     0.073323908      0.032729796 
     0.073579392     0.0311499326 
     0.073834876     0.0296437254 
      0.07409036     0.0282111744 
     0.074345844     0.0268717909 
     0.074601328     0.0255773959 
     0.074856812     0.0243415963 
     0.075112296     0.0231643918 
      0.07536778     0.0220457825 
     0.075623264     0.0210000664 
     0.075878748     0.0199871169 
     0.076134232     0.0190207761 
     0.076389716     0.0181010442 
       0.0766452      0.017227921 
     0.076900684      0.016410612 
     0.077156168     0.0156181553 
     0.077411652       0.01486277 
     0.077667136      0.014144456 
      0.07792262      0.013472944 
     0.078178104     0.0128236895 
     0.078433588     0.0122039188 
     0.078689072     0.0116136318 
     0.078944556     0.0110528286 
      0.07920004     0.0105285025 
     0.079455524     0.0100204871 
     0.079711008     0.0095359199 
     0.079966492    0.00907480087 
     0.080221976    0.00863713001 
      0.08047746    0.00822727505 
     0.080732944     0.0078298862 
     0.080988428    0.00745114485 
     0.081243912    0.00709105101 
     0.081499396    0.00675444445 
      0.08175488    0.00642885193 
     0.082010364    0.00611808875 
     0.082265848    0.00582215492 
     0.082521332    0.00554105043 
     0.082776816    0.00527818368 
       0.0830323    0.00502344152 
     0.083287784    0.00478049212 
     0.083543268    0.00454933547 
     0.083798752    0.00432997159 
     0.084054236    0.00412445852 
      0.08430972    0.00392520414 
     0.084565204    0.00373532761 
     0.084820688    0.00355482893 
     0.085076172    0.00338610897 
     0.085331656    0.00322284265 
      0.08558714     0.0030670337 
     0.085842624    0.00291868212 
     0.086098108    0.00277778793 
     0.086353592    0.00264600604 
     0.086609076    0.00251827487 
      0.08686456    0.00239647385 
     0.087120044    0.00228060298 
     0.087375528    0.00217066227 
     0.087631012    0.00206761362 
     0.087886496    0.00196771054 
      0.08814198    0.00187252313 
     0.088397464    0.00178205138 
     0.088652948    0.00169748314 
     0.088908432    0.00161561745 
     0.089163916    0.00153750164 
       0.0894194    0.00146313573 
     0.089674884     0.0013925197 
     0.089930368    0.00132645381 
     0.090185852    0.00126240963 
     0.090441336    0.00120134733 
      0.09069682    0.00114326693 
     0.090952304    0.00108895686 
     0.091207788    0.00103649706 
     0.091463272   0.000986408428 
     0.091718756   0.000938690971 
      0.09197424   0.000893344688 
     0.092229724   0.000850955653 
     0.092485208   0.000809907072 
     0.092740692   0.000770744024 
     0.092996176   0.000733466508 
      0.09325166   0.000698074524 
     0.093507144   0.000664953338 
     0.093762628   0.000632842278 
     0.094018112    0.00060223057 
     0.094273596   0.000573118213 
      0.09452908   0.000545900226 
     0.094784564   0.000519595323 
     0.095040048   0.000494482683 
     0.095295532   0.000470562306 
     0.095551016   0.000447834191 
       0.0958065   0.000426586717 
     0.096061984   0.000406004717 
     0.096317468   0.000386370785 
     0.096572952   0.000367684921 
     0.096828436   0.000349947124 
      0.09708392   0.000333342005 
     0.097339404   0.000317242124 
     0.097594888   0.000301896129 
     0.097850372   0.000287304021 
     0.098105856    0.00027366328 
      0.09836134   0.000260473449 
     0.098616824   0.000247883095 
     0.098872308   0.000235892218 
     0.099127792   0.000224500817 
     0.099383276   0.000213850417 
      0.09963876   0.000203530693 
     0.099894244   0.000193687661 
     0.100149728   0.000184321322 
     0.100405212   0.000175431674 
     0.100660696   0.000167106753 
      0.10091618   0.000159034789 
     0.101171664   0.000151341881 
     0.101427148    0.00014402803 
     0.101682632   0.000137191775 
     0.101938116   0.000130578347 
       0.1021936   0.000124266338 
     0.102449084   0.000118255748 
     0.102704568   0.000112546578 
     0.102960052   0.000107208119 
     0.103215536   0.000102034115 
      0.10347102   9.70997965e-05 
     0.103726504   9.24051626e-05 
     0.103981988   8.79502134e-05 
     0.104237472   8.37767356e-05 
     0.104492956   7.97300195e-05 
      0.10474844   7.58739001e-05 
     0.105003924   7.22083773e-05 
     0.105259408   6.87825491e-05 
     0.105514892   6.54669155e-05 
     0.105770376    6.2302847e-05 
      0.10602586   5.92903436e-05 
     0.106281344   5.64294054e-05 
     0.106536828   5.37538981e-05 
     0.106792312   5.11602539e-05 
     0.107047796   4.86871409e-05 
      0.10730328    4.6334559e-05 
     0.107558764   4.41025083e-05 
     0.107814248   4.20107441e-05 
     0.108069732   3.99825653e-05 
     0.108325216   3.80502439e-05 
       0.1085807     3.621378e-05 
     0.108836184   3.44976152e-05 
     0.109091668   3.28360042e-05 
     0.109347152   3.12506355e-05 
     0.109602636   2.97415092e-05 
      0.10985812   2.83086251e-05 
     0.110113604   2.69685198e-05 
     0.110369088   2.56692273e-05 
     0.110624572   2.44305857e-05 
     0.110880056    2.3252595e-05 
      0.11113554   2.21515556e-05 
     0.111391024   2.10878834e-05 
     0.111646508   2.00724717e-05 
     0.111901992   1.91053206e-05 
     0.112157476     1.818643e-05 
      0.11241296   1.73279634e-05 
     0.112668444   1.64965864e-05 
     0.112923928   1.57036269e-05 
     0.113179412    1.4949085e-05 
     0.113434896   1.42329608e-05 
      0.11369038   1.35633306e-05 
     0.113945864   1.29141457e-05 
     0.114201348   1.22955634e-05 
     0.114456832   1.17075839e-05 
     0.114712316   1.11584302e-05 
       0.1149678   1.06278313e-05 
     0.115223284   1.01216359e-05 
     0.115478768   9.63984383e-06 
     0.115734252   9.18245514e-06 
     0.115989736   8.75552101e-06 
      0.11624522    8.3421903e-06 
     0.116500704   7.94835219e-06 
     0.116756188   7.57400669e-06 
     0.117011672   7.21915378e-06 
     0.117267156   6.88774814e-06 
      0.11752264   6.56677118e-06 
     0.117778124   6.26140537e-06 
     0.118033608   5.97165073e-06 
     0.118289092    5.7016482e-06 
     0.118544576   5.44108403e-06 
      0.11880006   5.19307399e-06 
     0.119055544   4.95761809e-06 
     0.119311028   4.73471632e-06 
     0.119566512   4.52739607e-06 
     0.119821996   4.32718084e-06 
      0.12007748   4.13712563e-06 
     0.120332964   3.95723044e-06 
     0.120588448   3.78749526e-06 
     0.120843932   3.62993258e-06 
     0.121099416   3.47799777e-06 
       0.1213549   3.33436499e-06 
     0.121610384   3.19903423e-06 
     0.121865868   3.07422984e-06 
     0.122121352   2.95451393e-06 
     0.122376836   2.84167876e-06 
      0.12263232   2.73572433e-06 
     0.122887804   2.63665065e-06 
     0.123143288     2.546393e-06 
     0.123398772   2.45999252e-06 
     0.123654256   2.37940446e-06 
      0.12390974   2.30462882e-06 
     0.124165224   2.23566561e-06 
     0.124420708   2.18291995e-06 
     0.124676192    2.1250268e-06 
     0.124931676   2.07176512e-06 
      0.12518716   2.02313488e-06 
     0.125442644   1.97160398e-06 
     0.125698128   1.93219631e-06 
     0.125953612   1.89742483e-06 
     0.126209096   1.86728956e-06 
      0.12646458   1.84179047e-06 
     0.126720064   1.81624481e-06 
     0.126975548   1.79907252e-06 
     0.127231032    1.7868066e-06 
     0.127486516   1.77944705e-06 
        0.127742   1.77699386e-06 
