       -0.130261   1.39638394e-06 
    -0.130000478   1.39838692e-06 
    -0.129739956   1.40439586e-06 
    -0.129479434   1.41441077e-06 
    -0.129218912   1.42843164e-06 
     -0.12895839   1.44902788e-06 
    -0.128697868   1.46985265e-06 
    -0.128437346   1.49446374e-06 
    -0.128176824   1.52286115e-06 
    -0.127916302   1.55504489e-06 
     -0.12765578   1.59682034e-06 
    -0.127395258   1.63653471e-06 
    -0.127134736    1.6800314e-06 
    -0.126874214   1.72731041e-06 
    -0.126613692   1.77111943e-06 
     -0.12635317   1.82770542e-06 
    -0.126092648   1.88903246e-06 
    -0.125832126   1.95510056e-06 
    -0.125571604    2.0259097e-06 
    -0.125311082   2.10019442e-06 
     -0.12505056   2.18169187e-06 
    -0.124790038   2.26879743e-06 
    -0.124529516   2.36151109e-06 
    -0.124268994   2.45815186e-06 
    -0.124008472    2.5630242e-06 
     -0.12374795   2.67465765e-06 
    -0.123487428   2.79305221e-06 
    -0.123226906   2.91820786e-06 
    -0.122966384   3.04848282e-06 
    -0.122705862   3.18905968e-06 
     -0.12244534   3.33790421e-06 
    -0.122184818   3.49501642e-06 
    -0.121924296   3.65786397e-06 
    -0.121663774   3.83288551e-06 
    -0.121403252   4.01811501e-06 
     -0.12114273   4.21355248e-06 
    -0.120882208   4.41919791e-06 
    -0.120621686   4.63236674e-06 
    -0.120361164   4.86129558e-06 
    -0.120100642   5.10290854e-06 
     -0.11984012   5.35720564e-06 
    -0.119579598   5.62016726e-06 
    -0.119319076   5.90174719e-06 
    -0.119058554   6.19915335e-06 
    -0.118798032   6.51238576e-06 
     -0.11853751   6.84144439e-06 
    -0.118276988   7.18189063e-06 
    -0.118016466   7.54681944e-06 
    -0.117755944   7.93154744e-06 
    -0.117495422   8.33607463e-06 
      -0.1172349   8.75404957e-06 
    -0.116974378   9.20075454e-06 
    -0.116713856   9.67227098e-06 
    -0.116453334   1.01685989e-05 
    -0.116192812   1.06897383e-05 
     -0.11593229   1.12284167e-05 
    -0.115671768   1.18052928e-05 
    -0.115411246   1.24132949e-05 
    -0.115150724    1.3052423e-05 
    -0.114890202   1.37226771e-05 
     -0.11462968   1.44174516e-05 
    -0.114369158    1.5161262e-05 
    -0.114108636   1.59441464e-05 
    -0.113848114   1.67661049e-05 
    -0.113587592   1.76153264e-05 
     -0.11332707   1.85241986e-05 
    -0.113066548   1.94821435e-05 
    -0.112806026   2.04891611e-05 
    -0.112545504   2.15452513e-05 
    -0.112284982   2.26390594e-05 
     -0.11202446   2.38100355e-05 
    -0.111763938   2.50426577e-05 
    -0.111503416    2.6336926e-05 
    -0.111242894   2.76737976e-05 
    -0.110982372   2.91037899e-05 
     -0.11072185   3.06112363e-05 
    -0.110461328   3.21961367e-05 
    -0.110200806   3.38584912e-05 
    -0.109940284   3.55790643e-05 
    -0.109679762   3.74210004e-05 
     -0.10941924   3.93602621e-05 
    -0.109158718   4.13968493e-05 
    -0.108898196   4.35002573e-05 
    -0.108637674   4.57489068e-05 
    -0.108377152   4.81198593e-05 
     -0.10811663   5.06131146e-05 
    -0.107856108   5.32286728e-05 
    -0.107595586    5.5934333e-05 
    -0.107335064    5.8830683e-05 
    -0.107074542   6.18807292e-05 
     -0.10681402   6.50844715e-05 
    -0.106553498   6.83933359e-05 
    -0.106292976   7.19284753e-05 
    -0.106032454   7.56567665e-05 
    -0.105771932   7.95782094e-05 
     -0.10551141    8.3692804e-05 
    -0.105250888   8.79471806e-05 
    -0.104990366   9.25008525e-05 
    -0.104729844   9.72972635e-05 
    -0.104469322   0.000102336413 
      -0.1042088   0.000107541402 
    -0.103948278   0.000113098451 
    -0.103687756   0.000118960558 
    -0.103427234   0.000125127724 
    -0.103166712   0.000131599949 
     -0.10290619   0.000138289544 
    -0.102645668   0.000145448349 
    -0.102385146   0.000152990534 
    -0.102124624   0.000160916097 
    -0.101864102    0.00016922504 
     -0.10160358    0.00017783888 
    -0.101343058   0.000187055573 
    -0.101082536   0.000196754074 
    -0.100822014   0.000206934382 
    -0.100561492   0.000217453541 
     -0.10030097    0.00022870739 
    -0.100040448   0.000240566745 
    -0.099779926   0.000253031606 
    -0.099519404   0.000266101974 
    -0.099258882   0.000279642048 
     -0.09899836   0.000294132506 
    -0.098737838   0.000309383926 
    -0.098477316   0.000325396309 
    -0.098216794   0.000341938239 
    -0.097956272   0.000359629086 
     -0.09769575    0.00037827626 
    -0.097435228   0.000397879763 
    -0.097174706   0.000418439594 
    -0.096914184   0.000439724378 
    -0.096653662   0.000462505643 
     -0.09639314   0.000486488757 
    -0.096132618   0.000511673719 
    -0.095872096   0.000537688394 
    -0.095611574   0.000565497382 
    -0.095351052   0.000594816769 
     -0.09509053   0.000625646555 
    -0.094830008    0.00065798674 
    -0.094569486   0.000691448066 
    -0.094308964   0.000727262939 
    -0.094048442   0.000764975971 
     -0.09378792   0.000804587162 
    -0.093527398   0.000845501823 
    -0.093266876   0.000889214894 
    -0.093006354   0.000935313427 
    -0.092745832   0.000983797421 
     -0.09248531    0.00103466688 
    -0.092224788    0.00108727388 
    -0.091964266    0.00114357784 
    -0.091703744    0.00120287966 
    -0.091443222    0.00126517934 
      -0.0911827    0.00132953227 
    -0.090922178    0.00139824336 
    -0.090661656    0.00147072191 
    -0.090401134    0.00154696791 
    -0.090140612    0.00162698137 
     -0.08988009    0.00170969376 
    -0.089619568    0.00179820613 
    -0.089359046    0.00189145311 
    -0.089098524    0.00198943469 
    -0.088838002    0.00209215088 
     -0.08857748    0.00219866116 
    -0.088316958    0.00231261297 
    -0.088056436    0.00243251479 
    -0.087795914    0.00255836662 
    -0.087535392    0.00268842057 
     -0.08727487    0.00282756229 
    -0.087014348    0.00297418137 
    -0.086753826    0.00312827782 
    -0.086493304    0.00328985164 
    -0.086232782    0.00345726537 
     -0.08597226      0.003636417 
    -0.085711738    0.00382496535 
    -0.085451216    0.00402291042 
    -0.085190694    0.00422741406 
    -0.084930172    0.00444613837 
     -0.08466965    0.00467667131 
    -0.084409128    0.00491901289 
    -0.084148606    0.00517316312 
    -0.083888084    0.00543631792 
    -0.083627562    0.00571796492 
     -0.08336704    0.00601445137 
    -0.083106518    0.00632577726 
    -0.082845996    0.00664736527 
    -0.082585474    0.00699117584 
    -0.082324952    0.00735363422 
     -0.08206443    0.00773474041 
    -0.081803908    0.00813449441 
    -0.081543386    0.00854815827 
    -0.081282864    0.00899091894 
    -0.081022342     0.0094571126 
     -0.08076182    0.00994673926 
    -0.080501298     0.0104524634 
    -0.080240776     0.0109928655 
    -0.079980254     0.0115627127 
    -0.079719732     0.0121620051 
     -0.07945921     0.0127907427 
    -0.079198688      0.013441009 
    -0.078938166     0.0141369985 
    -0.078677644     0.0148699863 
    -0.078417122     0.0156399724 
      -0.0781566     0.0164352726 
    -0.077896078     0.0172846051 
    -0.077635556     0.0181804239 
    -0.077375034     0.0191227289 
    -0.077114512     0.0201115201 
     -0.07685399     0.0211336971 
    -0.076593468      0.022227624 
    -0.076332946     0.0233799535 
    -0.076072424     0.0245906857 
    -0.075811902     0.0258413207 
     -0.07555138     0.0271760045 
    -0.075290858     0.0285840545 
    -0.075030336     0.0300654706 
    -0.074769814     0.0316202528 
    -0.074509292     0.0332269077 
     -0.07424877     0.0349459757 
    -0.073988248     0.0367571938 
    -0.073727726     0.0386605619 
    -0.073467204     0.0406560801 
    -0.073206682     0.0427238602 
     -0.07294616     0.0449364763 
    -0.072685638      0.047264813 
    -0.072425116     0.0497088703 
    -0.072164594     0.0522336642 
    -0.071904072     0.0549342453 
     -0.07164355     0.0577801082 
    -0.071383028     0.0607712528 
    -0.071122506     0.0639076791 
    -0.070861984     0.0671551764 
    -0.070601462     0.0706305345 
     -0.07034094     0.0742882212 
    -0.070080418     0.0781282366 
    -0.069819896      0.082094083 
    -0.069559374     0.0863341352 
    -0.069298852     0.0908028982 
     -0.06903833     0.0955003721 
    -0.068777808      0.100426557 
    -0.068517286      0.105523506 
    -0.068256764      0.110977866 
    -0.067996242      0.116718928 
     -0.06773572      0.122746692 
    -0.067475198      0.128970681 
    -0.067214676      0.135620882 
    -0.066954154      0.142630158 
    -0.066693632      0.149998507 
     -0.06643311       0.15772593 
    -0.066172588       0.16571569 
    -0.065912066      0.174263529 
    -0.065651544      0.183260534 
    -0.065391022      0.192706705 
      -0.0651305      0.202458593 
    -0.064869978      0.212869375 
    -0.064609456      0.223841091 
    -0.064348934      0.235373743 
    -0.064088412      0.247467329 
     -0.06382789      0.259962858 
    -0.063567368      0.273323387 
    -0.063306846      0.287382864 
    -0.063046324       0.30214129 
    -0.062785802      0.317374265 
     -0.06252528      0.333616904 
    -0.062264758       0.35072783 
    -0.062004236      0.368707043 
    -0.061743714      0.387554544 
    -0.061483192      0.407014124 
     -0.06122267      0.427797756 
    -0.060962148      0.449655646 
    -0.060701626      0.472587796 
    -0.060441104      0.496594205 
    -0.060180582      0.521436803 
     -0.05992006      0.547945421 
    -0.059659538      0.575775851 
    -0.059399016      0.604928093 
    -0.059138494      0.635000573 
    -0.058877972      0.667056831 
     -0.05861745      0.700727564 
    -0.058356928      0.736012773 
    -0.058096406      0.772912457 
    -0.057835884      0.811032495 
    -0.057575362      0.851618404 
     -0.05731484      0.894156931 
    -0.057054318      0.938648075 
    -0.056793796      0.984484622 
    -0.056533274       1.03319014 
    -0.056272752       1.08422645 
     -0.05601223       1.13759356 
    -0.055751708       1.19329147 
    -0.055491186       1.25068744 
    -0.055230664       1.31156618 
    -0.054970142       1.37517922 
     -0.05470962       1.44152656 
    -0.054449098       1.50969179 
    -0.054188576        1.5818144 
    -0.053928054        1.6570729 
    -0.053667532       1.73546731 
     -0.05340701       1.81699761 
    -0.053146488       1.90020017 
    -0.052885966       1.98844746 
    -0.052625444       2.08017707 
    -0.052364922       2.17538901 
      -0.0521044       2.27046299 
    -0.051843878       2.37284231 
    -0.051583356       2.47880668 
    -0.051322834        2.5883561 
    -0.051062312       2.70149058 
     -0.05080179       2.81452098 
    -0.050541268       2.93504077 
    -0.050280746       3.05914658 
    -0.050020224       3.18683842 
    -0.049759702       3.31934811 
     -0.04949918       3.45392996 
    -0.049238658       3.59212884 
    -0.048978136       3.72853501 
    -0.048717614       3.87638665 
    -0.048457092       4.03399329 
     -0.04819657       4.19021922 
    -0.047936048       4.35241804 
    -0.047675526       4.51332938 
    -0.047415004       4.67545601 
    -0.047154482       4.84676918 
     -0.04689396       5.01809381 
    -0.046633438       5.19117674 
    -0.046372916       5.36628333 
    -0.046112394       5.54324555 
    -0.045851872       5.72183111 
     -0.04559135       5.90213334 
    -0.045330828       6.08321237 
    -0.045070306       6.26509049 
    -0.044809784       6.44746968 
    -0.044549262       6.63004456 
     -0.04428874        6.8125064 
    -0.044028218        6.9945479 
    -0.043767696       7.17586993 
    -0.043507174       7.35655711 
    -0.043246652       7.53555805 
     -0.04298613       7.71305898 
    -0.042725608       7.88892412 
    -0.042465086       8.06315715 
    -0.042204564       8.23545607 
    -0.041944042       8.40835174 
     -0.04168352       8.57514901 
    -0.041422998        8.7313925 
    -0.041162476       8.88621925 
    -0.040901954       9.03338061 
    -0.040641432       9.18479827 
     -0.04038091       9.34519464 
    -0.040120388       9.49046776 
    -0.039859866       9.63451748 
    -0.039599344       9.76419892 
    -0.039338822       9.88712546 
      -0.0390783       10.0032971 
    -0.038817778       10.1127138 
    -0.038557256       10.1728256 
    -0.038296734       10.2753151 
    -0.038036212       10.3748245 
     -0.03777569       10.4713536 
    -0.037515168       10.5649025 
    -0.037254646       10.6755138 
    -0.036994124       10.7597879 
    -0.036733602       10.8393875 
     -0.03647308       10.9143125 
    -0.036212558       10.9826114 
    -0.035952036       11.0480895 
    -0.035691514       11.1092291 
    -0.035430992         11.16603 
     -0.03517047       11.2184924 
    -0.034909948       11.2677441 
    -0.034649426       11.3121354 
    -0.034388904       11.3527349 
    -0.034128382       11.3895426 
     -0.03386786       11.4225586 
    -0.033607338       11.4516156 
    -0.033346816       11.4778468 
    -0.033086294       11.5008446 
    -0.032825772       11.5206089 
     -0.03256525       11.5365581 
    -0.032304728       11.5503001 
    -0.032044206       11.5613725 
    -0.031783684       11.5697752 
    -0.031523162       11.5755083 
     -0.03126264       11.5780261 
    -0.031002118        11.579031 
    -0.030741596       11.5778985 
    -0.030481074       11.5746287 
    -0.030220552       11.5692217 
     -0.02996003       11.5612877 
    -0.029699508       11.5523278 
    -0.029438986       11.5417095 
    -0.029178464       11.5294328 
    -0.028917942       11.5149577 
     -0.02865742       11.4997247 
    -0.028396898        11.483249 
    -0.028136376       11.4655305 
    -0.027875854       11.4465693 
    -0.027615332       11.4259691 
     -0.02735481       11.4049536 
    -0.027094288       11.3830465 
    -0.026833766       11.3602478 
    -0.026573244       11.3361488 
    -0.026312722       11.3117378 
      -0.0260522       11.2867254 
    -0.025791678       11.2611116 
    -0.025531156       11.2348964 
    -0.025270634       11.2077674 
    -0.025010112       11.1805734 
     -0.02474959       11.1530136 
    -0.024489068       11.1250881 
    -0.024228546       11.0967968 
    -0.023968024       11.0679304 
    -0.023707502       11.0391549 
     -0.02344698       11.0102021 
    -0.023186458       10.9810722 
    -0.022925936       10.9515508 
    -0.022665414       10.9221665 
    -0.022404892       10.8927538 
     -0.02214437       10.8633125 
    -0.021883848       10.8338429 
    -0.021623326        10.804191 
    -0.021362804       10.7747845 
    -0.021102282       10.7454655 
     -0.02084176        10.716234 
    -0.020581238         10.68709 
    -0.020320716        10.657937 
    -0.020060194       10.6290929 
    -0.019799672       10.6004256 
     -0.01953915       10.5719352 
    -0.019278628        10.543522 
    -0.019018106       10.5154369 
    -0.018757584       10.4875966 
    -0.018497062        10.460001 
     -0.01823654       10.4326502 
    -0.017976018       10.4054767 
    -0.017715496       10.3786726 
    -0.017454974       10.3521642 
    -0.017194452       10.3259514 
     -0.01693393       10.3000344 
    -0.016673408       10.2743734 
    -0.016412886       10.2491036 
    -0.016152364        10.224167 
    -0.015891842       10.1995637 
     -0.01563132       10.1752527 
    -0.015370798       10.1513389 
    -0.015110276       10.1277856 
    -0.014849754       10.1045926 
    -0.014589232       10.0817601 
     -0.01432871       10.0592622 
    -0.014068188       10.0371738 
    -0.013807666       10.0154649 
    -0.013547144       9.99413554 
    -0.013286622       9.97316429 
      -0.0130261       9.95260167 
    -0.012765578       9.93243166 
    -0.012505056       9.91265426 
    -0.012244534       9.89326948 
    -0.011984012       9.87426357 
     -0.01172349       9.85567209 
    -0.011462968       9.83748173 
    -0.011202446       9.81969249 
    -0.010941924       9.80230435 
    -0.010681402       9.78530954 
     -0.01042088       9.76873046 
    -0.010160358       9.75255767 
    -0.009899836       9.73679115 
    -0.009639314       9.72142494 
    -0.009378792       9.70647295 
     -0.00911827       9.69193003 
    -0.008857748       9.67779619 
    -0.008597226       9.66407143 
    -0.008336704       9.65075212 
    -0.008076182       9.63784685 
     -0.00781566       9.62535188 
    -0.007555138       9.61326721 
    -0.007294616       9.60159282 
    -0.007034094       9.59032591 
    -0.006773572       9.57947252 
     -0.00651305       9.56902965 
    -0.006252528       9.55899732 
    -0.005992006       9.54937162 
    -0.005731484       9.54016021 
    -0.005470962       9.53135905 
     -0.00521044       9.52296816 
    -0.004949918       9.51498751 
    -0.004689396       9.50741136 
    -0.004428874       9.50025087 
    -0.004168352       9.49350031 
     -0.00390783        9.4871597 
    -0.003647308       9.48122902 
    -0.003386786       9.47568617 
    -0.003126264       9.47057461 
    -0.002865742       9.46587226 
     -0.00260522       9.46157911 
    -0.002344698       9.45708598 
    -0.002084176       9.45359384 
    -0.001823654       9.45051254 
    -0.001563132       9.44784208 
     -0.00130261       9.44558246 
    -0.001042088       9.44341745 
    -0.000781566       9.44189497 
    -0.000521044       9.44080749 
    -0.000260522         9.440155 
               0        9.4399375 
     0.000260522         9.440155 
     0.000521044       9.44080749 
     0.000781566       9.44189497 
     0.001042088       9.44341745 
      0.00130261       9.44558246 
     0.001563132       9.44784208 
     0.001823654       9.45051254 
     0.002084176       9.45359384 
     0.002344698       9.45708598 
      0.00260522       9.46157911 
     0.002865742       9.46587226 
     0.003126264       9.47057461 
     0.003386786       9.47568617 
     0.003647308       9.48122902 
      0.00390783        9.4871597 
     0.004168352       9.49350031 
     0.004428874       9.50025087 
     0.004689396       9.50741136 
     0.004949918       9.51498751 
      0.00521044       9.52296816 
     0.005470962       9.53135905 
     0.005731484       9.54016021 
     0.005992006       9.54937162 
     0.006252528       9.55899732 
      0.00651305       9.56902965 
     0.006773572       9.57947252 
     0.007034094       9.59032591 
     0.007294616       9.60159282 
     0.007555138       9.61326721 
      0.00781566       9.62535188 
     0.008076182       9.63784685 
     0.008336704       9.65075212 
     0.008597226       9.66407143 
     0.008857748       9.67779619 
      0.00911827       9.69193003 
     0.009378792       9.70647295 
     0.009639314       9.72142494 
     0.009899836       9.73679115 
     0.010160358       9.75255767 
      0.01042088       9.76873046 
     0.010681402       9.78530954 
     0.010941924       9.80230435 
     0.011202446       9.81969249 
     0.011462968       9.83748173 
      0.01172349       9.85567209 
     0.011984012       9.87426357 
     0.012244534       9.89326948 
     0.012505056       9.91265426 
     0.012765578       9.93243166 
       0.0130261       9.95260167 
     0.013286622       9.97316429 
     0.013547144       9.99413554 
     0.013807666       10.0154649 
     0.014068188       10.0371738 
      0.01432871       10.0592622 
     0.014589232       10.0817601 
     0.014849754       10.1045926 
     0.015110276       10.1277856 
     0.015370798       10.1513389 
      0.01563132       10.1752527 
     0.015891842       10.1995637 
     0.016152364        10.224167 
     0.016412886       10.2491036 
     0.016673408       10.2743734 
      0.01693393       10.3000344 
     0.017194452       10.3259514 
     0.017454974       10.3521642 
     0.017715496       10.3786726 
     0.017976018       10.4054767 
      0.01823654       10.4326502 
     0.018497062        10.460001 
     0.018757584       10.4875966 
     0.019018106       10.5154369 
     0.019278628        10.543522 
      0.01953915       10.5719352 
     0.019799672       10.6004256 
     0.020060194       10.6290929 
     0.020320716        10.657937 
     0.020581238         10.68709 
      0.02084176        10.716234 
     0.021102282       10.7454655 
     0.021362804       10.7747845 
     0.021623326        10.804191 
     0.021883848       10.8338429 
      0.02214437       10.8633125 
     0.022404892       10.8927538 
     0.022665414       10.9221665 
     0.022925936       10.9515508 
     0.023186458       10.9810722 
      0.02344698       11.0102021 
     0.023707502       11.0391549 
     0.023968024       11.0679304 
     0.024228546       11.0967968 
     0.024489068       11.1250881 
      0.02474959       11.1530136 
     0.025010112       11.1805734 
     0.025270634       11.2077674 
     0.025531156       11.2348964 
     0.025791678       11.2611116 
       0.0260522       11.2867254 
     0.026312722       11.3117378 
     0.026573244       11.3361488 
     0.026833766       11.3602478 
     0.027094288       11.3830465 
      0.02735481       11.4049536 
     0.027615332       11.4259691 
     0.027875854       11.4465693 
     0.028136376       11.4655305 
     0.028396898        11.483249 
      0.02865742       11.4997247 
     0.028917942       11.5149577 
     0.029178464       11.5294328 
     0.029438986       11.5417095 
     0.029699508       11.5523278 
      0.02996003       11.5612877 
     0.030220552       11.5692217 
     0.030481074       11.5746287 
     0.030741596       11.5778985 
     0.031002118        11.579031 
      0.03126264       11.5780261 
     0.031523162       11.5755083 
     0.031783684       11.5697752 
     0.032044206       11.5613725 
     0.032304728       11.5503001 
      0.03256525       11.5365581 
     0.032825772       11.5206089 
     0.033086294       11.5008446 
     0.033346816       11.4778468 
     0.033607338       11.4516156 
      0.03386786       11.4225586 
     0.034128382       11.3895426 
     0.034388904       11.3527349 
     0.034649426       11.3121354 
     0.034909948       11.2677441 
      0.03517047       11.2184924 
     0.035430992         11.16603 
     0.035691514       11.1092291 
     0.035952036       11.0480895 
     0.036212558       10.9826114 
      0.03647308       10.9143125 
     0.036733602       10.8393875 
     0.036994124       10.7597879 
     0.037254646       10.6755138 
     0.037515168       10.5649025 
      0.03777569       10.4713536 
     0.038036212       10.3748245 
     0.038296734       10.2753151 
     0.038557256       10.1728256 
     0.038817778       10.1127138 
       0.0390783       10.0032971 
     0.039338822       9.88712546 
     0.039599344       9.76419892 
     0.039859866       9.63451748 
     0.040120388       9.49046776 
      0.04038091       9.34519464 
     0.040641432       9.18479827 
     0.040901954       9.03338061 
     0.041162476       8.88621925 
     0.041422998        8.7313925 
      0.04168352       8.57514901 
     0.041944042       8.40835174 
     0.042204564       8.23545607 
     0.042465086       8.06315715 
     0.042725608       7.88892412 
      0.04298613       7.71305898 
     0.043246652       7.53555805 
     0.043507174       7.35655711 
     0.043767696       7.17586993 
     0.044028218        6.9945479 
      0.04428874        6.8125064 
     0.044549262       6.63004456 
     0.044809784       6.44746968 
     0.045070306       6.26509049 
     0.045330828       6.08321237 
      0.04559135       5.90213334 
     0.045851872       5.72183111 
     0.046112394       5.54324555 
     0.046372916       5.36628333 
     0.046633438       5.19117674 
      0.04689396       5.01809381 
     0.047154482       4.84676918 
     0.047415004       4.67545601 
     0.047675526       4.51332938 
     0.047936048       4.35241804 
      0.04819657       4.19021922 
     0.048457092       4.03399329 
     0.048717614       3.87638665 
     0.048978136       3.72853501 
     0.049238658       3.59212884 
      0.04949918       3.45392996 
     0.049759702       3.31934811 
     0.050020224       3.18683842 
     0.050280746       3.05914658 
     0.050541268       2.93504077 
      0.05080179       2.81452098 
     0.051062312       2.70149058 
     0.051322834        2.5883561 
     0.051583356       2.47880668 
     0.051843878       2.37284231 
       0.0521044       2.27046299 
     0.052364922       2.17538901 
     0.052625444       2.08017707 
     0.052885966       1.98844746 
     0.053146488       1.90020017 
      0.05340701       1.81699761 
     0.053667532       1.73546731 
     0.053928054        1.6570729 
     0.054188576        1.5818144 
     0.054449098       1.50969179 
      0.05470962       1.44152656 
     0.054970142       1.37517922 
     0.055230664       1.31156618 
     0.055491186       1.25068744 
     0.055751708       1.19329147 
      0.05601223       1.13759356 
     0.056272752       1.08422645 
     0.056533274       1.03319014 
     0.056793796      0.984484622 
     0.057054318      0.938648075 
      0.05731484      0.894156931 
     0.057575362      0.851618404 
     0.057835884      0.811032495 
     0.058096406      0.772912457 
     0.058356928      0.736012773 
      0.05861745      0.700727564 
     0.058877972      0.667056831 
     0.059138494      0.635000573 
     0.059399016      0.604928093 
     0.059659538      0.575775851 
      0.05992006      0.547945421 
     0.060180582      0.521436803 
     0.060441104      0.496594205 
     0.060701626      0.472587796 
     0.060962148      0.449655646 
      0.06122267      0.427797756 
     0.061483192      0.407014124 
     0.061743714      0.387554544 
     0.062004236      0.368707043 
     0.062264758       0.35072783 
      0.06252528      0.333616904 
     0.062785802      0.317374265 
     0.063046324       0.30214129 
     0.063306846      0.287382864 
     0.063567368      0.273323387 
      0.06382789      0.259962858 
     0.064088412      0.247467329 
     0.064348934      0.235373743 
     0.064609456      0.223841091 
     0.064869978      0.212869375 
       0.0651305      0.202458593 
     0.065391022      0.192706705 
     0.065651544      0.183260534 
     0.065912066      0.174263529 
     0.066172588       0.16571569 
      0.06643311       0.15772593 
     0.066693632      0.149998507 
     0.066954154      0.142630158 
     0.067214676      0.135620882 
     0.067475198      0.128970681 
      0.06773572      0.122746692 
     0.067996242      0.116718928 
     0.068256764      0.110977866 
     0.068517286      0.105523506 
     0.068777808      0.100426557 
      0.06903833     0.0955003721 
     0.069298852     0.0908028982 
     0.069559374     0.0863341352 
     0.069819896      0.082094083 
     0.070080418     0.0781282366 
      0.07034094     0.0742882212 
     0.070601462     0.0706305345 
     0.070861984     0.0671551764 
     0.071122506     0.0639076791 
     0.071383028     0.0607712528 
      0.07164355     0.0577801082 
     0.071904072     0.0549342453 
     0.072164594     0.0522336642 
     0.072425116     0.0497088703 
     0.072685638      0.047264813 
      0.07294616     0.0449364763 
     0.073206682     0.0427238602 
     0.073467204     0.0406560801 
     0.073727726     0.0386605619 
     0.073988248     0.0367571938 
      0.07424877     0.0349459757 
     0.074509292     0.0332269077 
     0.074769814     0.0316202528 
     0.075030336     0.0300654706 
     0.075290858     0.0285840545 
      0.07555138     0.0271760045 
     0.075811902     0.0258413207 
     0.076072424     0.0245906857 
     0.076332946     0.0233799535 
     0.076593468      0.022227624 
      0.07685399     0.0211336971 
     0.077114512     0.0201115201 
     0.077375034     0.0191227289 
     0.077635556     0.0181804239 
     0.077896078     0.0172846051 
       0.0781566     0.0164352726 
     0.078417122     0.0156399724 
     0.078677644     0.0148699863 
     0.078938166     0.0141369985 
     0.079198688      0.013441009 
      0.07945921     0.0127907427 
     0.079719732     0.0121620051 
     0.079980254     0.0115627127 
     0.080240776     0.0109928655 
     0.080501298     0.0104524634 
      0.08076182    0.00994673926 
     0.081022342     0.0094571126 
     0.081282864    0.00899091894 
     0.081543386    0.00854815827 
     0.081803908    0.00813449441 
      0.08206443    0.00773474041 
     0.082324952    0.00735363422 
     0.082585474    0.00699117584 
     0.082845996    0.00664736527 
     0.083106518    0.00632577726 
      0.08336704    0.00601445137 
     0.083627562    0.00571796492 
     0.083888084    0.00543631792 
     0.084148606    0.00517316312 
     0.084409128    0.00491901289 
      0.08466965    0.00467667131 
     0.084930172    0.00444613837 
     0.085190694    0.00422741406 
     0.085451216    0.00402291042 
     0.085711738    0.00382496535 
      0.08597226      0.003636417 
     0.086232782    0.00345726537 
     0.086493304    0.00328985164 
     0.086753826    0.00312827782 
     0.087014348    0.00297418137 
      0.08727487    0.00282756229 
     0.087535392    0.00268842057 
     0.087795914    0.00255836662 
     0.088056436    0.00243251479 
     0.088316958    0.00231261297 
      0.08857748    0.00219866116 
     0.088838002    0.00209215088 
     0.089098524    0.00198943469 
     0.089359046    0.00189145311 
     0.089619568    0.00179820613 
      0.08988009    0.00170969376 
     0.090140612    0.00162698137 
     0.090401134    0.00154696791 
     0.090661656    0.00147072191 
     0.090922178    0.00139824336 
       0.0911827    0.00132953227 
     0.091443222    0.00126517934 
     0.091703744    0.00120287966 
     0.091964266    0.00114357784 
     0.092224788    0.00108727388 
      0.09248531    0.00103466688 
     0.092745832   0.000983797421 
     0.093006354   0.000935313427 
     0.093266876   0.000889214894 
     0.093527398   0.000845501823 
      0.09378792   0.000804587162 
     0.094048442   0.000764975971 
     0.094308964   0.000727262939 
     0.094569486   0.000691448066 
     0.094830008    0.00065798674 
      0.09509053   0.000625646555 
     0.095351052   0.000594816769 
     0.095611574   0.000565497382 
     0.095872096   0.000537688394 
     0.096132618   0.000511673719 
      0.09639314   0.000486488757 
     0.096653662   0.000462505643 
     0.096914184   0.000439724378 
     0.097174706   0.000418439594 
     0.097435228   0.000397879763 
      0.09769575    0.00037827626 
     0.097956272   0.000359629086 
     0.098216794   0.000341938239 
     0.098477316   0.000325396309 
     0.098737838   0.000309383926 
      0.09899836   0.000294132506 
     0.099258882   0.000279642048 
     0.099519404   0.000266101974 
     0.099779926   0.000253031606 
     0.100040448   0.000240566745 
      0.10030097    0.00022870739 
     0.100561492   0.000217453541 
     0.100822014   0.000206934382 
     0.101082536   0.000196754074 
     0.101343058   0.000187055573 
      0.10160358    0.00017783888 
     0.101864102    0.00016922504 
     0.102124624   0.000160916097 
     0.102385146   0.000152990534 
     0.102645668   0.000145448349 
      0.10290619   0.000138289544 
     0.103166712   0.000131599949 
     0.103427234   0.000125127724 
     0.103687756   0.000118960558 
     0.103948278   0.000113098451 
       0.1042088   0.000107541402 
     0.104469322   0.000102336413 
     0.104729844   9.72972635e-05 
     0.104990366   9.25008525e-05 
     0.105250888   8.79471806e-05 
      0.10551141    8.3692804e-05 
     0.105771932   7.95782094e-05 
     0.106032454   7.56567665e-05 
     0.106292976   7.19284753e-05 
     0.106553498   6.83933359e-05 
      0.10681402   6.50844715e-05 
     0.107074542   6.18807292e-05 
     0.107335064    5.8830683e-05 
     0.107595586    5.5934333e-05 
     0.107856108   5.32286728e-05 
      0.10811663   5.06131146e-05 
     0.108377152   4.81198593e-05 
     0.108637674   4.57489068e-05 
     0.108898196   4.35002573e-05 
     0.109158718   4.13968493e-05 
      0.10941924   3.93602621e-05 
     0.109679762   3.74210004e-05 
     0.109940284   3.55790643e-05 
     0.110200806   3.38584912e-05 
     0.110461328   3.21961367e-05 
      0.11072185   3.06112363e-05 
     0.110982372   2.91037899e-05 
     0.111242894   2.76737976e-05 
     0.111503416    2.6336926e-05 
     0.111763938   2.50426577e-05 
      0.11202446   2.38100355e-05 
     0.112284982   2.26390594e-05 
     0.112545504   2.15452513e-05 
     0.112806026   2.04891611e-05 
     0.113066548   1.94821435e-05 
      0.11332707   1.85241986e-05 
     0.113587592   1.76153264e-05 
     0.113848114   1.67661049e-05 
     0.114108636   1.59441464e-05 
     0.114369158    1.5161262e-05 
      0.11462968   1.44174516e-05 
     0.114890202   1.37226771e-05 
     0.115150724    1.3052423e-05 
     0.115411246   1.24132949e-05 
     0.115671768   1.18052928e-05 
      0.11593229   1.12284167e-05 
     0.116192812   1.06897383e-05 
     0.116453334   1.01685989e-05 
     0.116713856   9.67227098e-06 
     0.116974378   9.20075454e-06 
       0.1172349   8.75404957e-06 
     0.117495422   8.33607463e-06 
     0.117755944   7.93154744e-06 
     0.118016466   7.54681944e-06 
     0.118276988   7.18189063e-06 
      0.11853751   6.84144439e-06 
     0.118798032   6.51238576e-06 
     0.119058554   6.19915335e-06 
     0.119319076   5.90174719e-06 
     0.119579598   5.62016726e-06 
      0.11984012   5.35720564e-06 
     0.120100642   5.10290854e-06 
     0.120361164   4.86129558e-06 
     0.120621686   4.63236674e-06 
     0.120882208   4.41919791e-06 
      0.12114273   4.21355248e-06 
     0.121403252   4.01811501e-06 
     0.121663774   3.83288551e-06 
     0.121924296   3.65786397e-06 
     0.122184818   3.49501642e-06 
      0.12244534   3.33790421e-06 
     0.122705862   3.18905968e-06 
     0.122966384   3.04848282e-06 
     0.123226906   2.91820786e-06 
     0.123487428   2.79305221e-06 
      0.12374795   2.67465765e-06 
     0.124008472    2.5630242e-06 
     0.124268994   2.45815186e-06 
     0.124529516   2.36151109e-06 
     0.124790038   2.26879743e-06 
      0.12505056   2.18169187e-06 
     0.125311082   2.10019442e-06 
     0.125571604    2.0259097e-06 
     0.125832126   1.95510056e-06 
     0.126092648   1.88903246e-06 
      0.12635317   1.82770542e-06 
     0.126613692   1.77111943e-06 
     0.126874214   1.72731041e-06 
     0.127134736    1.6800314e-06 
     0.127395258   1.63653471e-06 
      0.12765578   1.59682034e-06 
     0.127916302   1.55504489e-06 
     0.128176824   1.52286115e-06 
     0.128437346   1.49446374e-06 
     0.128697868   1.46985265e-06 
      0.12895839   1.44902788e-06 
     0.129218912   1.42843164e-06 
     0.129479434   1.41441077e-06 
     0.129739956   1.40439586e-06 
     0.130000478   1.39838692e-06 
        0.130261   1.39638394e-06 
