      -0.1471305   3.14919871e-07 
    -0.146836239   3.15495861e-07 
    -0.146541978   3.17223829e-07 
    -0.146247717   3.20103776e-07 
    -0.145953456   3.24135702e-07 
    -0.145659195   3.29721167e-07 
    -0.145364934   3.35710721e-07 
    -0.145070673   3.42789286e-07 
    -0.144776412    3.5095686e-07 
    -0.144482151   3.61510041e-07 
     -0.14418789   3.71844465e-07 
    -0.143893629   3.83266722e-07 
    -0.143599368   3.95776814e-07 
    -0.143305107   4.08008079e-07 
    -0.143010846   4.23323766e-07 
    -0.142716585   4.40001871e-07 
    -0.142422324   4.58042396e-07 
    -0.142128063   4.77210134e-07 
    -0.141833802   4.98347847e-07 
    -0.141539541   5.21096261e-07 
     -0.14124528   5.45455376e-07 
    -0.140951019   5.71189385e-07 
    -0.140656758   5.99251314e-07 
    -0.140362497   6.29254005e-07 
    -0.140068236    6.6119746e-07 
    -0.139773975    6.9480664e-07 
    -0.139479714   7.31249102e-07 
    -0.139185453   7.70063461e-07 
    -0.138891192   8.11249716e-07 
    -0.138596931   8.54465062e-07 
     -0.13830267   9.01177712e-07 
    -0.138008409   9.50817304e-07 
    -0.137714148   1.00338384e-06 
    -0.137419887   1.05844158e-06 
    -0.137125626     1.117846e-06 
    -0.136831365   1.18088543e-06 
    -0.136537104   1.24755988e-06 
    -0.136242843   1.31731241e-06 
    -0.135948582   1.39248789e-06 
    -0.135654321   1.47219651e-06 
     -0.13536006   1.55643827e-06 
    -0.135065799   1.64450067e-06 
    -0.134771538   1.73934393e-06 
    -0.134477277   1.83985546e-06 
    -0.134183016   1.94603525e-06 
    -0.133888755   2.05697219e-06 
    -0.133594494   2.17639941e-06 
    -0.133300233   2.30292634e-06 
    -0.133005972   2.43655299e-06 
    -0.132711711   2.57611512e-06 
     -0.13241745   2.72631681e-06 
    -0.132123189   2.88542077e-06 
    -0.131828928     3.053427e-06 
    -0.131534667   3.22884897e-06 
    -0.131240406   3.41761088e-06 
    -0.130946145   3.61754288e-06 
    -0.130651884     3.828645e-06 
    -0.130357623   4.04902046e-06 
    -0.130063362   4.28612713e-06 
    -0.129769101   4.53725549e-06 
     -0.12947484   4.80240555e-06 
    -0.129180579   5.07915853e-06 
    -0.128886318    5.3769005e-06 
    -0.128592057   5.69224848e-06 
    -0.128297796   6.02520247e-06 
    -0.128003535   6.37267954e-06 
    -0.127709274   6.74649043e-06 
    -0.127415013   7.14241159e-06 
    -0.127120752   7.56044301e-06 
    -0.126826491   7.99665713e-06 
     -0.12653223   8.46591361e-06 
    -0.126237969   8.96293984e-06 
    -0.125943708   9.48773583e-06 
    -0.125649447      1.00353e-05 
    -0.125355186   1.06243262e-05 
    -0.125060925   1.12482324e-05 
    -0.124766664   1.19070188e-05 
    -0.124472403   1.25943185e-05 
    -0.124178142   1.33336467e-05 
    -0.123883881   1.41167875e-05 
     -0.12358962   1.49437411e-05 
    -0.123295359   1.58064058e-05 
    -0.123001098   1.67343592e-05 
    -0.122706837   1.77173466e-05 
    -0.122412576   1.87553681e-05 
    -0.122118315   1.98381187e-05 
    -0.121824054   2.10027976e-05 
    -0.121529793   2.22366069e-05 
    -0.121235532   2.35395467e-05 
    -0.120941271   2.48985135e-05 
     -0.12064701   2.63602888e-05 
    -0.120352749   2.79089021e-05 
    -0.120058488   2.95443533e-05 
    -0.119764227   3.12499866e-05 
    -0.119469966   3.30846287e-05 
    -0.119175705   3.50283524e-05 
    -0.118881444   3.70811576e-05 
    -0.118587183   3.92218801e-05 
    -0.118292922   4.15244864e-05 
    -0.117998661   4.39641157e-05 
      -0.1177044   4.65407679e-05 
    -0.117410139   4.92275593e-05 
    -0.117115878   5.21174832e-05 
    -0.116821617   5.51795287e-05 
    -0.116527356   5.84136957e-05 
    -0.116233095   6.17858459e-05 
    -0.115938834   6.54128831e-05 
    -0.115644573   6.92561309e-05 
    -0.115350312    7.3315589e-05 
    -0.115056051   7.75479218e-05 
     -0.11476179   8.21000746e-05 
    -0.114467529   8.69238196e-05 
    -0.114173268   9.20191569e-05 
    -0.113879007   9.73310924e-05 
    -0.113584746   0.000103044313 
    -0.113290485   0.000109098694 
    -0.112996224   0.000115494234 
    -0.112701963   0.000122161167 
    -0.112407702   0.000129331589 
    -0.112113441   0.000136930557 
     -0.11181918   0.000144958071 
    -0.111524919   0.000153325649 
    -0.111230658   0.000162324934 
    -0.110936397   0.000171862534 
    -0.110642136   0.000181938448 
    -0.110347875   0.000192440495 
    -0.110053614   0.000203735098 
    -0.109759353   0.000215705898 
    -0.109465092   0.000228352896 
    -0.109170831   0.000241533907 
     -0.10887657   0.000255709247 
    -0.108582309   0.000270733986 
    -0.108288048   0.000286608122 
    -0.107993787   0.000303151493 
    -0.107699526   0.000320942302 
    -0.107405265   0.000339800071 
    -0.107111004     0.0003597248 
    -0.106816743   0.000380488267 
    -0.106522482   0.000402816663 
    -0.106228221   0.000426485304 
     -0.10593396   0.000451494189 
    -0.105639699   0.000477554302 
    -0.105345438   0.000505577581 
    -0.105051177   0.000535284387 
    -0.104756916   0.000566674717 
    -0.104462655   0.000599382659 
    -0.104168394   0.000634553276 
    -0.103874133   0.000671838619 
    -0.103579872    0.00071123869 
    -0.103285611   0.000752290347 
     -0.10299135    0.00079643118 
    -0.102697089   0.000843228381 
    -0.102402828    0.00089268195 
    -0.102108567   0.000944205833 
    -0.101814306   0.000999604656 
    -0.101520045    0.00105834021 
    -0.101225784     0.0011204125 
    -0.100931523    0.00118508011 
    -0.100637262    0.00125460814 
    -0.100343001    0.00132832751 
     -0.10004874    0.00140623822 
    -0.099754479    0.00148740257 
    -0.099460218    0.00157466325 
    -0.099165957    0.00166718874 
    -0.098871696    0.00176497905 
    -0.098577435    0.00186684849 
    -0.098283174    0.00197636417 
    -0.097988913    0.00209249306 
    -0.097694652    0.00221523514 
    -0.097400391    0.00234309151 
     -0.09710613    0.00248053777 
    -0.096811869    0.00262629091 
    -0.096517608    0.00278035092 
    -0.096223347    0.00294082334 
    -0.095929086    0.00311332295 
    -0.095634825     0.0032962568 
    -0.095340564    0.00348962489 
    -0.095046303    0.00369103331 
    -0.094752042    0.00390752512 
    -0.094457781    0.00413712322 
     -0.09416352    0.00437982758 
    -0.093869259    0.00463261387 
    -0.093574998    0.00490431564 
    -0.093280737    0.00519247977 
    -0.092986476    0.00549710627 
    -0.092692215    0.00581437507 
    -0.092397954    0.00615536404 
    -0.092103693    0.00651703048 
    -0.091809432     0.0068993744 
    -0.091515171    0.00729757162 
     -0.09122091    0.00772551278 
    -0.090926649    0.00817942517 
    -0.090632388    0.00865930879 
    -0.090338127     0.0091590726 
    -0.090043866    0.00969613196 
    -0.089749605     0.0102658105 
    -0.089455344     0.0108681083 
    -0.089161083     0.0114953362 
    -0.088866822     0.0121693257 
    -0.088572561     0.0128842824 
      -0.0882783     0.0136402063 
    -0.087984039     0.0144273926 
    -0.087689778     0.0152732052 
    -0.087395517     0.0161704662 
    -0.087101256     0.0171191758 
    -0.086806995     0.0181070877 
    -0.086512734     0.0191684942 
    -0.086218473     0.0202945071 
    -0.085924212     0.0214851264 
    -0.085629951     0.0227249021 
     -0.08533569     0.0240568014 
    -0.085041429     0.0254698215 
    -0.084747168     0.0269639623 
    -0.084452907     0.0285197358 
    -0.084158646     0.0301909681 
    -0.083864385     0.0319640418 
    -0.083570124     0.0338389572 
    -0.083275863      0.035791139 
    -0.082981602     0.0378879988 
    -0.082687341     0.0401126886 
     -0.08239308     0.0424652084 
    -0.082098819      0.044914577 
    -0.081804558     0.0475451939 
    -0.081510297     0.0503362183 
    -0.081216036     0.0532876502 
    -0.080921775     0.0563604464 
    -0.080627514     0.0596602321 
    -0.080333253     0.0631612327 
    -0.080038992     0.0668634481 
    -0.079744731     0.0707176965 
     -0.07945047     0.0748560981 
    -0.079156209     0.0792467795 
    -0.078861948     0.0838897406 
    -0.078567687     0.0887230636 
    -0.078273426     0.0939118955 
    -0.077979165     0.0994168216 
    -0.077684904      0.105237842 
    -0.077390643      0.111297063 
    -0.077096382      0.117800723 
    -0.076802121      0.124700079 
     -0.07650786       0.13199513 
    -0.076213599       0.13958798 
    -0.075919338      0.147735871 
    -0.075625077      0.156378503 
    -0.075330816      0.165515874 
    -0.075036555       0.17502511 
    -0.074742294      0.185226545 
    -0.074448033      0.196045542 
    -0.074153772      0.207482099 
    -0.073859511      0.219382255 
     -0.07356525      0.232144046 
    -0.073270989      0.245675004 
    -0.072976728      0.259975128 
    -0.072682467       0.27485193 
    -0.072388206        0.2907986 
    -0.072093945      0.307700404 
    -0.071799684       0.32555734 
    -0.071505423      0.344129422 
    -0.071211162      0.364025536 
    -0.070916901      0.385102964 
     -0.07062264      0.407361705 
    -0.070328379      0.430503504 
    -0.070034118      0.455276793 
    -0.069739857      0.481503292 
    -0.069445596      0.509183002 
    -0.069151335      0.537946402 
    -0.068857074      0.568708996 
    -0.068562813       0.60124644 
    -0.068268552      0.635558733 
    -0.067974291      0.671188327 
     -0.06768003      0.709251304 
    -0.067385769      0.749461155 
    -0.067091508      0.791817882 
    -0.066797247      0.835750858 
    -0.066502986      0.882624206 
    -0.066208725      0.932061305 
    -0.065914464      0.984062154 
    -0.065620203       1.03790066 
    -0.065325942       1.09526745 
    -0.065031681       1.15564505 
     -0.06473742       1.21903345 
    -0.064443159       1.28418001 
    -0.064148898       1.35383596 
    -0.063854637       1.42694075 
    -0.063560376       1.50349438 
    -0.063266115       1.58349683 
    -0.062971854       1.66400853 
    -0.062677593       1.75139196 
    -0.062383332       1.84246256 
    -0.062089071       1.93722034 
     -0.06179481       2.03383344 
    -0.061500549       2.13628749 
    -0.061206288       2.24251845 
    -0.060912027        2.3525263 
    -0.060617766       2.46661125 
    -0.060323505       2.58496197 
    -0.060029244       2.70459481 
    -0.059734983       2.83404844 
    -0.059440722       2.97228941 
    -0.059146461        3.1110753 
      -0.0588522       3.25453549 
    -0.058557939       3.39849298 
    -0.058263678        3.5516943 
    -0.057969417       3.70663137 
    -0.057675156       3.86475178 
    -0.057380895       4.02624866 
    -0.057086634       4.19096625 
    -0.056792373       4.35868589 
    -0.056498112       4.52915473 
    -0.056203851       4.70209116 
     -0.05590959       4.87718828 
    -0.055615329       5.05411706 
    -0.055321068       5.23252924 
    -0.055026807       5.41206035 
    -0.054732546       5.59233299 
    -0.054438285       5.77296044 
    -0.054144024       5.95355106 
    -0.053849763       6.13371386 
    -0.053555502        6.3130665 
    -0.053261241       6.49124809 
     -0.05296698       6.66794067 
    -0.052672719       6.84290413 
    -0.052378458       7.01603874 
    -0.052084197        7.1870098 
    -0.051789936       7.35811175 
    -0.051495675       7.52020975 
    -0.051201414       7.67725711 
    -0.050907153       7.82505201 
    -0.050612892       7.97550078 
    -0.050318631       8.12517574 
     -0.05002437       8.28009523 
    -0.049730109       8.41736703 
    -0.049435848       8.55209182 
    -0.049141587       8.67328336 
    -0.048847326       8.78690417 
    -0.048553065       8.89295423 
    -0.048258804       8.95647951 
    -0.047964543       9.05608557 
    -0.047670282       9.15232788 
    -0.047376021       9.24520646 
     -0.04708176       9.35244996 
    -0.046787499       9.43512489 
    -0.046493238       9.51251646 
    -0.046198977       9.58462465 
    -0.045904716       9.64966785 
    -0.045610455       9.71128146 
    -0.045316194        9.7679668 
    -0.045021933       9.81972384 
    -0.044727672       9.86757891 
    -0.044433411       9.91011299 
     -0.04413915       9.94831428 
    -0.043844889       9.98218278 
    -0.043550628        10.011423 
    -0.043256367       10.0371819 
    -0.042962106       10.0592205 
    -0.042667845       10.0775389 
    -0.042373584       10.0916339 
    -0.042079323       10.1029998 
    -0.041785062       10.1112686 
    -0.041490801         10.11644 
     -0.04119654        10.117941 
    -0.040902279       10.1173089 
    -0.040608018       10.1141715 
    -0.040313757       10.1085291 
    -0.040019496       10.1003814 
    -0.039725235       10.0894523 
    -0.039430974       10.0771179 
    -0.039136713       10.0628142 
    -0.038842452       10.0465412 
    -0.038548191       10.0279833 
     -0.03825393       10.0084337 
    -0.037959669       9.98738285 
    -0.037665408       9.96483074 
    -0.037371147       9.94045818 
    -0.037076886       9.91541775 
    -0.036782625       9.88927398 
    -0.036488364       9.86202687 
    -0.036194103        9.8333757 
    -0.035899842       9.80430927 
    -0.035605581        9.7744705 
     -0.03531132        9.7438594 
    -0.035017059       9.71220636 
    -0.034722798       9.68033423 
    -0.034428537       9.64796028 
    -0.034134276       9.61508452 
    -0.033840015        9.5814742 
    -0.033545754       9.54779663 
    -0.033251493       9.51383498 
    -0.032957232       9.47958925 
    -0.032662971       9.44486469 
     -0.03236871       9.41019005 
    -0.032074449       9.37540418 
    -0.031780188       9.34050708 
    -0.031485927       9.30534024 
    -0.031191666       9.27031341 
    -0.030897405       9.23531078 
    -0.030603144       9.20033235 
    -0.030308883       9.16525239 
    -0.030014622       9.13038141 
    -0.029720361       9.09563934 
      -0.0294261       9.06102616 
    -0.029131839       9.02654187 
    -0.028837578       8.99212465 
    -0.028543317       8.95801331 
    -0.028249056       8.92411061 
    -0.027954795       8.89041657 
    -0.027660534        8.8568773 
    -0.027366273       8.82367963 
    -0.027072012       8.79075032 
    -0.026777751       8.75808938 
     -0.02648349       8.72565222 
    -0.026189229       8.69358076 
    -0.025894968       8.66182144 
    -0.025600707       8.63037425 
    -0.025306446       8.59920403 
    -0.025012185       8.56841502 
    -0.024717924       8.53796934 
    -0.024423663       8.50786697 
    -0.024129402       8.47808156 
    -0.023835141       8.44868657 
     -0.02354088       8.41965624 
    -0.023246619       8.39099057 
    -0.022952358       8.36267098 
    -0.022658097       8.33474641 
    -0.022363836       8.30720021 
    -0.022069575       8.28003239 
    -0.021775314       8.25323095 
    -0.021481053        8.2268258 
    -0.021186792        8.2008069 
    -0.020892531       8.17517422 
     -0.02059827       8.14992116 
    -0.020304009       8.12506332 
    -0.020009748       8.10059515 
    -0.019715487       8.07651667 
    -0.019421226       8.05282786 
    -0.019126965       8.02952665 
    -0.018832704       8.00661773 
    -0.018538443       7.98409865 
    -0.018244182       7.96196942 
    -0.017949921       7.94023013 
     -0.01765566       7.91887784 
    -0.017361399       7.89791317 
    -0.017067138       7.87733611 
    -0.016772877       7.85714876 
    -0.016478616        7.8373424 
    -0.016184355       7.81791976 
    -0.015890094       7.79888084 
    -0.015595833       7.78022937 
    -0.015301572       7.76195259 
    -0.015007311       7.74405453 
     -0.01471305        7.7265352 
    -0.014418789       7.70939953 
    -0.014124528       7.69263226 
    -0.013830267       7.67623805 
    -0.013536006       7.66021691 
    -0.013241745       7.64457457 
    -0.012947484       7.62929456 
    -0.012653223       7.61438163 
    -0.012358962       7.59983581 
    -0.012064701       7.58566318 
     -0.01177044       7.57184721 
    -0.011476179       7.55839232 
    -0.011181918       7.54529851 
    -0.010887657       7.53257188 
    -0.010593396       7.52019671 
    -0.010299135       7.50817682 
    -0.010004874       7.49651218 
    -0.009710613       7.48520281 
    -0.009416352        7.4742517 
    -0.009122091       7.46364471 
     -0.00882783       7.45338754 
    -0.008533569       7.44348016 
    -0.008239308       7.43392561 
    -0.007945047       7.42471104 
    -0.007650786       7.41584133 
    -0.007356525       7.40731647 
    -0.007062264       7.39913897 
    -0.006768003       7.39129838 
    -0.006473742       7.38379833 
    -0.006179481       7.37663883 
     -0.00588522       7.36982087 
    -0.005590959       7.36333833 
    -0.005296698       7.35719272 
    -0.005002437       7.35138404 
    -0.004708176       7.34591139 
    -0.004413915       7.34077374 
    -0.004119654       7.33597031 
    -0.003825393       7.33150109 
    -0.003531132       7.32735397 
    -0.003236871       7.32355125 
     -0.00294261       7.32008043 
    -0.002648349       7.31694151 
    -0.002354088       7.31375175 
    -0.002059827       7.31126341 
    -0.001765566       7.30910686 
    -0.001471305       7.30728208 
    -0.001177044        7.3056163 
    -0.000882783       7.30438695 
    -0.000588522       7.30350885 
    -0.000294261       7.30298199 
               0       7.30280637 
     0.000294261       7.30298199 
     0.000588522       7.30350885 
     0.000882783       7.30438695 
     0.001177044        7.3056163 
     0.001471305       7.30728208 
     0.001765566       7.30910686 
     0.002059827       7.31126341 
     0.002354088       7.31375175 
     0.002648349       7.31694151 
      0.00294261       7.32008043 
     0.003236871       7.32355125 
     0.003531132       7.32735397 
     0.003825393       7.33150109 
     0.004119654       7.33597031 
     0.004413915       7.34077374 
     0.004708176       7.34591139 
     0.005002437       7.35138404 
     0.005296698       7.35719272 
     0.005590959       7.36333833 
      0.00588522       7.36982087 
     0.006179481       7.37663883 
     0.006473742       7.38379833 
     0.006768003       7.39129838 
     0.007062264       7.39913897 
     0.007356525       7.40731647 
     0.007650786       7.41584133 
     0.007945047       7.42471104 
     0.008239308       7.43392561 
     0.008533569       7.44348016 
      0.00882783       7.45338754 
     0.009122091       7.46364471 
     0.009416352        7.4742517 
     0.009710613       7.48520281 
     0.010004874       7.49651218 
     0.010299135       7.50817682 
     0.010593396       7.52019671 
     0.010887657       7.53257188 
     0.011181918       7.54529851 
     0.011476179       7.55839232 
      0.01177044       7.57184721 
     0.012064701       7.58566318 
     0.012358962       7.59983581 
     0.012653223       7.61438163 
     0.012947484       7.62929456 
     0.013241745       7.64457457 
     0.013536006       7.66021691 
     0.013830267       7.67623805 
     0.014124528       7.69263226 
     0.014418789       7.70939953 
      0.01471305        7.7265352 
     0.015007311       7.74405453 
     0.015301572       7.76195259 
     0.015595833       7.78022937 
     0.015890094       7.79888084 
     0.016184355       7.81791976 
     0.016478616        7.8373424 
     0.016772877       7.85714876 
     0.017067138       7.87733611 
     0.017361399       7.89791317 
      0.01765566       7.91887784 
     0.017949921       7.94023013 
     0.018244182       7.96196942 
     0.018538443       7.98409865 
     0.018832704       8.00661773 
     0.019126965       8.02952665 
     0.019421226       8.05282786 
     0.019715487       8.07651667 
     0.020009748       8.10059515 
     0.020304009       8.12506332 
      0.02059827       8.14992116 
     0.020892531       8.17517422 
     0.021186792        8.2008069 
     0.021481053        8.2268258 
     0.021775314       8.25323095 
     0.022069575       8.28003239 
     0.022363836       8.30720021 
     0.022658097       8.33474641 
     0.022952358       8.36267098 
     0.023246619       8.39099057 
      0.02354088       8.41965624 
     0.023835141       8.44868657 
     0.024129402       8.47808156 
     0.024423663       8.50786697 
     0.024717924       8.53796934 
     0.025012185       8.56841502 
     0.025306446       8.59920403 
     0.025600707       8.63037425 
     0.025894968       8.66182144 
     0.026189229       8.69358076 
      0.02648349       8.72565222 
     0.026777751       8.75808938 
     0.027072012       8.79075032 
     0.027366273       8.82367963 
     0.027660534        8.8568773 
     0.027954795       8.89041657 
     0.028249056       8.92411061 
     0.028543317       8.95801331 
     0.028837578       8.99212465 
     0.029131839       9.02654187 
       0.0294261       9.06102616 
     0.029720361       9.09563934 
     0.030014622       9.13038141 
     0.030308883       9.16525239 
     0.030603144       9.20033235 
     0.030897405       9.23531078 
     0.031191666       9.27031341 
     0.031485927       9.30534024 
     0.031780188       9.34050708 
     0.032074449       9.37540418 
      0.03236871       9.41019005 
     0.032662971       9.44486469 
     0.032957232       9.47958925 
     0.033251493       9.51383498 
     0.033545754       9.54779663 
     0.033840015        9.5814742 
     0.034134276       9.61508452 
     0.034428537       9.64796028 
     0.034722798       9.68033423 
     0.035017059       9.71220636 
      0.03531132        9.7438594 
     0.035605581        9.7744705 
     0.035899842       9.80430927 
     0.036194103        9.8333757 
     0.036488364       9.86202687 
     0.036782625       9.88927398 
     0.037076886       9.91541775 
     0.037371147       9.94045818 
     0.037665408       9.96483074 
     0.037959669       9.98738285 
      0.03825393       10.0084337 
     0.038548191       10.0279833 
     0.038842452       10.0465412 
     0.039136713       10.0628142 
     0.039430974       10.0771179 
     0.039725235       10.0894523 
     0.040019496       10.1003814 
     0.040313757       10.1085291 
     0.040608018       10.1141715 
     0.040902279       10.1173089 
      0.04119654        10.117941 
     0.041490801         10.11644 
     0.041785062       10.1112686 
     0.042079323       10.1029998 
     0.042373584       10.0916339 
     0.042667845       10.0775389 
     0.042962106       10.0592205 
     0.043256367       10.0371819 
     0.043550628        10.011423 
     0.043844889       9.98218278 
      0.04413915       9.94831428 
     0.044433411       9.91011299 
     0.044727672       9.86757891 
     0.045021933       9.81972384 
     0.045316194        9.7679668 
     0.045610455       9.71128146 
     0.045904716       9.64966785 
     0.046198977       9.58462465 
     0.046493238       9.51251646 
     0.046787499       9.43512489 
      0.04708176       9.35244996 
     0.047376021       9.24520646 
     0.047670282       9.15232788 
     0.047964543       9.05608557 
     0.048258804       8.95647951 
     0.048553065       8.89295423 
     0.048847326       8.78690417 
     0.049141587       8.67328336 
     0.049435848       8.55209182 
     0.049730109       8.41736703 
      0.05002437       8.28009523 
     0.050318631       8.12517574 
     0.050612892       7.97550078 
     0.050907153       7.82505201 
     0.051201414       7.67725711 
     0.051495675       7.52020975 
     0.051789936       7.35811175 
     0.052084197        7.1870098 
     0.052378458       7.01603874 
     0.052672719       6.84290413 
      0.05296698       6.66794067 
     0.053261241       6.49124809 
     0.053555502        6.3130665 
     0.053849763       6.13371386 
     0.054144024       5.95355106 
     0.054438285       5.77296044 
     0.054732546       5.59233299 
     0.055026807       5.41206035 
     0.055321068       5.23252924 
     0.055615329       5.05411706 
      0.05590959       4.87718828 
     0.056203851       4.70209116 
     0.056498112       4.52915473 
     0.056792373       4.35868589 
     0.057086634       4.19096625 
     0.057380895       4.02624866 
     0.057675156       3.86475178 
     0.057969417       3.70663137 
     0.058263678        3.5516943 
     0.058557939       3.39849298 
       0.0588522       3.25453549 
     0.059146461        3.1110753 
     0.059440722       2.97228941 
     0.059734983       2.83404844 
     0.060029244       2.70459481 
     0.060323505       2.58496197 
     0.060617766       2.46661125 
     0.060912027        2.3525263 
     0.061206288       2.24251845 
     0.061500549       2.13628749 
      0.06179481       2.03383344 
     0.062089071       1.93722034 
     0.062383332       1.84246256 
     0.062677593       1.75139196 
     0.062971854       1.66400853 
     0.063266115       1.58349683 
     0.063560376       1.50349438 
     0.063854637       1.42694075 
     0.064148898       1.35383596 
     0.064443159       1.28418001 
      0.06473742       1.21903345 
     0.065031681       1.15564505 
     0.065325942       1.09526745 
     0.065620203       1.03790066 
     0.065914464      0.984062154 
     0.066208725      0.932061305 
     0.066502986      0.882624206 
     0.066797247      0.835750858 
     0.067091508      0.791817882 
     0.067385769      0.749461155 
      0.06768003      0.709251304 
     0.067974291      0.671188327 
     0.068268552      0.635558733 
     0.068562813       0.60124644 
     0.068857074      0.568708996 
     0.069151335      0.537946402 
     0.069445596      0.509183002 
     0.069739857      0.481503292 
     0.070034118      0.455276793 
     0.070328379      0.430503504 
      0.07062264      0.407361705 
     0.070916901      0.385102964 
     0.071211162      0.364025536 
     0.071505423      0.344129422 
     0.071799684       0.32555734 
     0.072093945      0.307700404 
     0.072388206        0.2907986 
     0.072682467       0.27485193 
     0.072976728      0.259975128 
     0.073270989      0.245675004 
      0.07356525      0.232144046 
     0.073859511      0.219382255 
     0.074153772      0.207482099 
     0.074448033      0.196045542 
     0.074742294      0.185226545 
     0.075036555       0.17502511 
     0.075330816      0.165515874 
     0.075625077      0.156378503 
     0.075919338      0.147735871 
     0.076213599       0.13958798 
      0.07650786       0.13199513 
     0.076802121      0.124700079 
     0.077096382      0.117800723 
     0.077390643      0.111297063 
     0.077684904      0.105237842 
     0.077979165     0.0994168216 
     0.078273426     0.0939118955 
     0.078567687     0.0887230636 
     0.078861948     0.0838897406 
     0.079156209     0.0792467795 
      0.07945047     0.0748560981 
     0.079744731     0.0707176965 
     0.080038992     0.0668634481 
     0.080333253     0.0631612327 
     0.080627514     0.0596602321 
     0.080921775     0.0563604464 
     0.081216036     0.0532876502 
     0.081510297     0.0503362183 
     0.081804558     0.0475451939 
     0.082098819      0.044914577 
      0.08239308     0.0424652084 
     0.082687341     0.0401126886 
     0.082981602     0.0378879988 
     0.083275863      0.035791139 
     0.083570124     0.0338389572 
     0.083864385     0.0319640418 
     0.084158646     0.0301909681 
     0.084452907     0.0285197358 
     0.084747168     0.0269639623 
     0.085041429     0.0254698215 
      0.08533569     0.0240568014 
     0.085629951     0.0227249021 
     0.085924212     0.0214851264 
     0.086218473     0.0202945071 
     0.086512734     0.0191684942 
     0.086806995     0.0181070877 
     0.087101256     0.0171191758 
     0.087395517     0.0161704662 
     0.087689778     0.0152732052 
     0.087984039     0.0144273926 
       0.0882783     0.0136402063 
     0.088572561     0.0128842824 
     0.088866822     0.0121693257 
     0.089161083     0.0114953362 
     0.089455344     0.0108681083 
     0.089749605     0.0102658105 
     0.090043866    0.00969613196 
     0.090338127     0.0091590726 
     0.090632388    0.00865930879 
     0.090926649    0.00817942517 
      0.09122091    0.00772551278 
     0.091515171    0.00729757162 
     0.091809432     0.0068993744 
     0.092103693    0.00651703048 
     0.092397954    0.00615536404 
     0.092692215    0.00581437507 
     0.092986476    0.00549710627 
     0.093280737    0.00519247977 
     0.093574998    0.00490431564 
     0.093869259    0.00463261387 
      0.09416352    0.00437982758 
     0.094457781    0.00413712322 
     0.094752042    0.00390752512 
     0.095046303    0.00369103331 
     0.095340564    0.00348962489 
     0.095634825     0.0032962568 
     0.095929086    0.00311332295 
     0.096223347    0.00294082334 
     0.096517608    0.00278035092 
     0.096811869    0.00262629091 
      0.09710613    0.00248053777 
     0.097400391    0.00234309151 
     0.097694652    0.00221523514 
     0.097988913    0.00209249306 
     0.098283174    0.00197636417 
     0.098577435    0.00186684849 
     0.098871696    0.00176497905 
     0.099165957    0.00166718874 
     0.099460218    0.00157466325 
     0.099754479    0.00148740257 
      0.10004874    0.00140623822 
     0.100343001    0.00132832751 
     0.100637262    0.00125460814 
     0.100931523    0.00118508011 
     0.101225784     0.0011204125 
     0.101520045    0.00105834021 
     0.101814306   0.000999604656 
     0.102108567   0.000944205833 
     0.102402828    0.00089268195 
     0.102697089   0.000843228381 
      0.10299135    0.00079643118 
     0.103285611   0.000752290347 
     0.103579872    0.00071123869 
     0.103874133   0.000671838619 
     0.104168394   0.000634553276 
     0.104462655   0.000599382659 
     0.104756916   0.000566674717 
     0.105051177   0.000535284387 
     0.105345438   0.000505577581 
     0.105639699   0.000477554302 
      0.10593396   0.000451494189 
     0.106228221   0.000426485304 
     0.106522482   0.000402816663 
     0.106816743   0.000380488267 
     0.107111004     0.0003597248 
     0.107405265   0.000339800071 
     0.107699526   0.000320942302 
     0.107993787   0.000303151493 
     0.108288048   0.000286608122 
     0.108582309   0.000270733986 
      0.10887657   0.000255709247 
     0.109170831   0.000241533907 
     0.109465092   0.000228352896 
     0.109759353   0.000215705898 
     0.110053614   0.000203735098 
     0.110347875   0.000192440495 
     0.110642136   0.000181938448 
     0.110936397   0.000171862534 
     0.111230658   0.000162324934 
     0.111524919   0.000153325649 
      0.11181918   0.000144958071 
     0.112113441   0.000136930557 
     0.112407702   0.000129331589 
     0.112701963   0.000122161167 
     0.112996224   0.000115494234 
     0.113290485   0.000109098694 
     0.113584746   0.000103044313 
     0.113879007   9.73310924e-05 
     0.114173268   9.20191569e-05 
     0.114467529   8.69238196e-05 
      0.11476179   8.21000746e-05 
     0.115056051   7.75479218e-05 
     0.115350312    7.3315589e-05 
     0.115644573   6.92561309e-05 
     0.115938834   6.54128831e-05 
     0.116233095   6.17858459e-05 
     0.116527356   5.84136957e-05 
     0.116821617   5.51795287e-05 
     0.117115878   5.21174832e-05 
     0.117410139   4.92275593e-05 
       0.1177044   4.65407679e-05 
     0.117998661   4.39641157e-05 
     0.118292922   4.15244864e-05 
     0.118587183   3.92218801e-05 
     0.118881444   3.70811576e-05 
     0.119175705   3.50283524e-05 
     0.119469966   3.30846287e-05 
     0.119764227   3.12499866e-05 
     0.120058488   2.95443533e-05 
     0.120352749   2.79089021e-05 
      0.12064701   2.63602888e-05 
     0.120941271   2.48985135e-05 
     0.121235532   2.35395467e-05 
     0.121529793   2.22366069e-05 
     0.121824054   2.10027976e-05 
     0.122118315   1.98381187e-05 
     0.122412576   1.87553681e-05 
     0.122706837   1.77173466e-05 
     0.123001098   1.67343592e-05 
     0.123295359   1.58064058e-05 
      0.12358962   1.49437411e-05 
     0.123883881   1.41167875e-05 
     0.124178142   1.33336467e-05 
     0.124472403   1.25943185e-05 
     0.124766664   1.19070188e-05 
     0.125060925   1.12482324e-05 
     0.125355186   1.06243262e-05 
     0.125649447      1.00353e-05 
     0.125943708   9.48773583e-06 
     0.126237969   8.96293984e-06 
      0.12653223   8.46591361e-06 
     0.126826491   7.99665713e-06 
     0.127120752   7.56044301e-06 
     0.127415013   7.14241159e-06 
     0.127709274   6.74649043e-06 
     0.128003535   6.37267954e-06 
     0.128297796   6.02520247e-06 
     0.128592057   5.69224848e-06 
     0.128886318    5.3769005e-06 
     0.129180579   5.07915853e-06 
      0.12947484   4.80240555e-06 
     0.129769101   4.53725549e-06 
     0.130063362   4.28612713e-06 
     0.130357623   4.04902046e-06 
     0.130651884     3.828645e-06 
     0.130946145   3.61754288e-06 
     0.131240406   3.41761088e-06 
     0.131534667   3.22884897e-06 
     0.131828928     3.053427e-06 
     0.132123189   2.88542077e-06 
      0.13241745   2.72631681e-06 
     0.132711711   2.57611512e-06 
     0.133005972   2.43655299e-06 
     0.133300233   2.30292634e-06 
     0.133594494   2.17639941e-06 
     0.133888755   2.05697219e-06 
     0.134183016   1.94603525e-06 
     0.134477277   1.83985546e-06 
     0.134771538   1.73934393e-06 
     0.135065799   1.64450067e-06 
      0.13536006   1.55643827e-06 
     0.135654321   1.47219651e-06 
     0.135948582   1.39248789e-06 
     0.136242843   1.31731241e-06 
     0.136537104   1.24755988e-06 
     0.136831365   1.18088543e-06 
     0.137125626     1.117846e-06 
     0.137419887   1.05844158e-06 
     0.137714148   1.00338384e-06 
     0.138008409   9.50817304e-07 
      0.13830267   9.01177712e-07 
     0.138596931   8.54465062e-07 
     0.138891192   8.11249716e-07 
     0.139185453   7.70063461e-07 
     0.139479714   7.31249102e-07 
     0.139773975    6.9480664e-07 
     0.140068236    6.6119746e-07 
     0.140362497   6.29254005e-07 
     0.140656758   5.99251314e-07 
     0.140951019   5.71189385e-07 
      0.14124528   5.45455376e-07 
     0.141539541   5.21096261e-07 
     0.141833802   4.98347847e-07 
     0.142128063   4.77210134e-07 
     0.142422324   4.58042396e-07 
     0.142716585   4.40001871e-07 
     0.143010846   4.23323766e-07 
     0.143305107   4.08008079e-07 
     0.143599368   3.95776814e-07 
     0.143893629   3.83266722e-07 
      0.14418789   3.71844465e-07 
     0.144482151   3.61510041e-07 
     0.144776412    3.5095686e-07 
     0.145070673   3.42789286e-07 
     0.145364934   3.35710721e-07 
     0.145659195   3.29721167e-07 
     0.145953456   3.24135702e-07 
     0.146247717   3.20103776e-07 
     0.146541978   3.17223829e-07 
     0.146836239   3.15495861e-07 
       0.1471305   3.14919871e-07 
