        -0.14238   4.68217906e-07 
     -0.14209524   4.69019083e-07 
     -0.14181048   4.71422615e-07 
     -0.14152572   4.75428501e-07 
     -0.14124096   4.81036742e-07 
      -0.1409562   4.88899037e-07 
     -0.14067144   4.97232948e-07 
     -0.14038668   5.07082116e-07 
     -0.14010192    5.1844654e-07 
     -0.13981716   5.33228595e-07 
      -0.1395324    5.4760739e-07 
     -0.13924764   5.63499742e-07 
     -0.13896288   5.80905652e-07 
     -0.13867812   5.97581081e-07 
     -0.13839336   6.18758266e-07 
      -0.1381086   6.41828127e-07 
     -0.13782384   6.66790663e-07 
     -0.13753908   6.93169344e-07 
     -0.13725432   7.22269064e-07 
     -0.13696956   7.53604146e-07 
      -0.1366848   7.87174592e-07 
     -0.13640004    8.2244763e-07 
     -0.13611528   8.60883146e-07 
     -0.13583052   9.02009332e-07 
     -0.13554576   9.45826188e-07 
       -0.135261   9.91677163e-07 
     -0.13497624   1.04130378e-06 
     -0.13469148   1.09421545e-06 
     -0.13440672   1.15041214e-06 
     -0.13412196   1.20906626e-06 
      -0.1338372   1.27227632e-06 
     -0.13355244   1.33953612e-06 
     -0.13326768   1.41084564e-06 
     -0.13298292    1.4862049e-06 
     -0.13269816   1.56500823e-06 
      -0.1324134   1.64987127e-06 
     -0.13212864   1.73975887e-06 
     -0.13184388   1.83467102e-06 
     -0.13155912   1.93370749e-06 
     -0.13127436   2.04027839e-06 
      -0.1309896    2.1531094e-06 
     -0.13070484   2.27220052e-06 
     -0.13042008   2.39627134e-06 
     -0.13013532   2.52970182e-06 
     -0.12985056    2.6709528e-06 
      -0.1295658   2.82002427e-06 
     -0.12928104    2.9751552e-06 
     -0.12899628   3.14189192e-06 
     -0.12871152   3.31841528e-06 
     -0.12842676   3.50472528e-06 
       -0.128142   3.69846342e-06 
     -0.12785724   3.90655784e-06 
     -0.12757248   4.12691276e-06 
     -0.12728772   4.35952818e-06 
     -0.12700296    4.6013147e-06 
      -0.1267182   4.86080982e-06 
     -0.12643344   5.13567528e-06 
     -0.12614868   5.42591108e-06 
     -0.12586392   5.72754854e-06 
     -0.12557916   6.05096096e-06 
      -0.1252944   6.39365078e-06 
     -0.12500964   6.75561801e-06 
     -0.12472488   7.13185572e-06 
     -0.12444012   7.53477604e-06 
     -0.12415536   7.96188061e-06 
      -0.1238706   8.41316944e-06 
     -0.12358584   8.88864251e-06 
     -0.12330108    9.3842766e-06 
     -0.12301632   9.91646203e-06 
     -0.12273156   1.04789928e-05 
      -0.1224468   1.10718688e-05 
     -0.12216204   1.16892388e-05 
     -0.12187728   1.23522418e-05 
     -0.12159252   1.30533248e-05 
     -0.12130776   1.37924876e-05 
       -0.121023   1.45615537e-05 
     -0.12073824     1.538742e-05 
     -0.12045348   1.62610753e-05 
     -0.12016872   1.71825197e-05 
     -0.11988396    1.8140663e-05 
      -0.1195992   1.91692877e-05 
     -0.11931444   2.02578885e-05 
     -0.11902968   2.14064655e-05 
     -0.11874492   2.26003328e-05 
     -0.11846016   2.38813777e-05 
      -0.1181754   2.52376956e-05 
     -0.11789064   2.66692864e-05 
     -0.11760588   2.81570965e-05 
     -0.11732112    2.9752375e-05 
     -0.11703636   3.14421257e-05 
      -0.1167516   3.32263487e-05 
     -0.11646684   3.50807775e-05 
     -0.11618208   3.70672202e-05 
     -0.11589732   3.91722324e-05 
     -0.11561256   4.13958141e-05 
      -0.1153278   4.37379654e-05 
     -0.11504304   4.61809463e-05 
     -0.11475828   4.88031044e-05 
     -0.11447352   5.15740764e-05 
     -0.11418876   5.44938623e-05 
       -0.113904   5.75359197e-05 
     -0.11361924   6.08020706e-05 
     -0.11333448   6.42549945e-05 
     -0.11304972   6.78946914e-05 
     -0.11276496   7.16833258e-05 
      -0.1124802   7.57513835e-05 
     -0.11219544   8.00538558e-05 
     -0.11191068   8.45907427e-05 
     -0.11162592   8.93099401e-05 
     -0.11134116   9.43764812e-05 
      -0.1110564   9.97372304e-05 
     -0.11077164   0.000105392188 
     -0.11048688   0.000111271493 
     -0.11020212   0.000117581206 
     -0.10991736   0.000124260171 
      -0.1096326    0.00013130839 
     -0.10934784   0.000138634243 
     -0.10906308    0.00014649168 
     -0.10877832   0.000154812556 
     -0.10849356   0.000163596871 
      -0.1082088   0.000172726786 
     -0.10792404   0.000182510984 
     -0.10763928   0.000192876831 
     -0.10735452   0.000203824328 
     -0.10706976   0.000215204616 
       -0.106785   0.000227387282 
     -0.10650024   0.000240299957 
     -0.10621548   0.000253942641 
     -0.10593072   0.000268315335 
     -0.10564596   0.000283298713 
      -0.1053612   0.000299383041 
     -0.10507644   0.000316383581 
     -0.10479168    0.00033430033 
     -0.10450692   0.000352959169 
     -0.10422216   0.000372993029 
      -0.1039374   0.000394176792 
     -0.10365264   0.000416510458 
     -0.10336788   0.000439750105 
     -0.10308312   0.000464701851 
     -0.10279836   0.000491096797 
      -0.1025136   0.000518934942 
     -0.10222884    0.00054788479 
     -0.10194408   0.000578959811 
     -0.10165932   0.000611846134 
     -0.10137456   0.000646543761 
      -0.1010898   0.000682612971 
     -0.10080504   0.000721311612 
     -0.10052028   0.000762283542 
     -0.10023552   0.000805528762 
     -0.09995076   0.000850475928 
       -0.099666   0.000898665529 
     -0.09938124   0.000949708234 
     -0.09909648    0.00100360404 
     -0.09881172    0.00105962429 
     -0.09852696    0.00111962879 
      -0.0982422    0.00118321408 
     -0.09795744    0.00125038017 
     -0.09767268    0.00132112705 
     -0.09738792    0.00139492546 
     -0.09710316    0.00147413089 
      -0.0968184    0.00155783039 
     -0.09653364    0.00164602396 
     -0.09624888     0.0017379171 
     -0.09596412    0.00183657414 
     -0.09567936    0.00194087143 
      -0.0953946    0.00205080897 
     -0.09510984    0.00216525154 
     -0.09482508     0.0022881299 
     -0.09454032      0.002418087 
     -0.09425556    0.00255512282 
      -0.0939708    0.00269767116 
     -0.09368604    0.00285070817 
     -0.09340128    0.00301262919 
     -0.09311652    0.00318343422 
     -0.09283176    0.00336102001 
       -0.092547    0.00355160577 
     -0.09226224    0.00375334115 
     -0.09197748    0.00396622614 
     -0.09169272    0.00418749847 
     -0.09140796    0.00442483066 
      -0.0911232    0.00467615567 
     -0.09083844     0.0049414735 
     -0.09055368    0.00521722641 
     -0.09026892    0.00551275128 
     -0.08998416    0.00582583697 
      -0.0896994    0.00615648347 
     -0.08941464    0.00650019032 
     -0.08912988     0.0068681511 
     -0.08884512    0.00725815005 
     -0.08856036    0.00767018716 
      -0.0882756    0.00810426244 
     -0.08799084    0.00855678707 
     -0.08770608     0.0090425618 
     -0.08742132    0.00955599288 
     -0.08713656     0.0100970803 
      -0.0868518     0.0106605753 
     -0.08656704     0.0112656038 
     -0.08628228     0.0119053379 
     -0.08599752     0.0125797775 
     -0.08571276     0.0132815567 
       -0.085428     0.0140350579 
     -0.08514324     0.0148321085 
     -0.08485848     0.0156727084 
     -0.08457372     0.0165468318 
     -0.08428896     0.0174851631 
      -0.0840042     0.0184781378 
     -0.08371944     0.0195257556 
     -0.08343468      0.020614699 
     -0.08314992     0.0217830918 
     -0.08286516     0.0230200417 
      -0.0825804     0.0243255488 
     -0.08229564     0.0256822851 
     -0.08201088     0.0271369963 
     -0.08172612     0.0286777114 
     -0.08144136     0.0303044303 
      -0.0811566     0.0319950221 
     -0.08087184     0.0338060013 
     -0.08058708     0.0357248536 
     -0.08030232     0.0377515789 
     -0.08001756     0.0398861773 
      -0.0797328     0.0421125939 
     -0.07944804     0.0445020562 
     -0.07916328     0.0470267923 
     -0.07887852     0.0496868021 
     -0.07859376     0.0524579639 
       -0.078309     0.0554329548 
     -0.07802424       0.05857753 
     -0.07773948     0.0618916895 
     -0.07745472     0.0653409533 
     -0.07716996     0.0690441868 
      -0.0768852     0.0729599326 
     -0.07660044     0.0770881908 
     -0.07631568     0.0813813929 
     -0.07603092     0.0859899423 
     -0.07574616     0.0908646547 
      -0.0754614     0.0960055302 
     -0.07517664      0.101348723 
     -0.07489188      0.107082034 
     -0.07460712       0.11314846 
     -0.07432236      0.119547999 
      -0.0740376      0.126196894 
     -0.07375284      0.133326502 
     -0.07346808      0.140872603 
     -0.07318332      0.148835198 
     -0.07289856      0.157106592 
      -0.0726138      0.165967793 
     -0.07232904      0.175349041 
     -0.07204428      0.185250335 
     -0.07175952      0.195535768 
     -0.07147476      0.206541466 
        -0.07119      0.218195337 
     -0.07090524      0.230497379 
     -0.07062048      0.243447594 
     -0.07033572      0.256935994 
     -0.07005096       0.27139872 
      -0.0697662      0.286667344 
     -0.06948144      0.302741866 
     -0.06919668      0.319463501 
     -0.06891192      0.337388833 
     -0.06862716      0.356312889 
      -0.0683424      0.376235667 
     -0.06805764      0.396937752 
     -0.06777288      0.419116988 
     -0.06748812       0.44252847 
     -0.06720336      0.467172199 
      -0.0669186      0.492755121 
     -0.06663384      0.520136822 
     -0.06634908      0.549029953 
     -0.06606432      0.579434514 
     -0.06577956      0.610969907 
      -0.0654948      0.644676413 
     -0.06521004      0.680222221 
     -0.06492528      0.717607331 
     -0.06464052      0.756348018 
     -0.06435576      0.797683914 
       -0.064071      0.841234672 
     -0.06378624      0.887000294 
     -0.06350148      0.934372616 
     -0.06321672      0.984817664 
     -0.06293196       1.03789281 
      -0.0626472       1.09359806 
     -0.06236244        1.1519334 
     -0.06207768       1.21233961 
     -0.06179292       1.27658293 
     -0.06150816       1.34389318 
      -0.0612234       1.41427037 
     -0.06093864       1.48655808 
     -0.06065388       1.56364951 
     -0.06036912       1.64422346 
     -0.06008436       1.72827992 
      -0.0597996        1.8126654 
     -0.05951484       1.90406276 
     -0.05923008       1.99914732 
     -0.05894532       2.09791907 
     -0.05866056       2.19798126 
      -0.0583758       2.30439607 
     -0.05809104       2.41456455 
     -0.05780628       2.52848671 
     -0.05752152        2.6465353 
     -0.05723676       2.76828461 
       -0.056952       2.88962685 
     -0.05666724       3.02134059 
     -0.05638248       3.16264885 
     -0.05609772       3.30411074 
     -0.05581296       3.45167107 
      -0.0555282       3.59756184 
     -0.05524344        3.7499453 
     -0.05495868         3.909242 
     -0.05467392       4.06976445 
     -0.05438916       4.23307538 
      -0.0541044       4.39935387 
     -0.05381964        4.5684283 
     -0.05353488       4.74006533 
     -0.05325012       4.91400059 
     -0.05296536       5.08994467 
      -0.0526806       5.26758685 
     -0.05239584       5.44659851 
     -0.05211108       5.62663618 
     -0.05182632       5.80734477 
     -0.05154156       5.98836098 
      -0.0512568       6.16931741 
     -0.05097204       6.34984769 
     -0.05068728       6.52959399 
     -0.05040252       6.70821909 
     -0.05011776       6.88542637 
       -0.049833       7.06099125 
     -0.04954824       7.23467047 
     -0.04926348        7.4064593 
     -0.04897872       7.57633388 
     -0.04869396       7.74531241 
      -0.0484092       7.90154926 
     -0.04812444       8.05544029 
     -0.04783968       8.20179136 
     -0.04755492       8.35192967 
     -0.04727016       8.50946781 
      -0.0469854       8.65106409 
     -0.04670064       8.79045295 
     -0.04641588       8.91584498 
     -0.04613112       9.03387486 
     -0.04584636       9.14454259 
      -0.0455616       9.20890662 
     -0.04527684        9.3110048 
     -0.04499208        9.4098396 
     -0.04470732       9.50541102 
     -0.04442256       9.61701888 
      -0.0441378       9.70393886 
     -0.04385304       9.78573825 
     -0.04356828       9.86241705 
     -0.04328352       9.93397524 
     -0.04299876       9.99863096 
       -0.042714       10.0600838 
     -0.04242924       10.1167592 
     -0.04214448        10.168657 
     -0.04185972        10.216884 
     -0.04157496       10.2599109 
      -0.0412902       10.2987349 
     -0.04100544       10.3333558 
     -0.04072068       10.3635008 
     -0.04043592       10.3902702 
     -0.04015116       10.4134279 
      -0.0398664        10.432974 
     -0.03958164       10.4484064 
     -0.03929688        10.461161 
     -0.03901212       10.4709064 
     -0.03872736       10.4776424 
      -0.0384426        10.481369 
     -0.03815784       10.4817986 
     -0.03787308        10.480365 
     -0.03758832       10.4764953 
     -0.03730356       10.4701894 
      -0.0370188       10.4610456 
     -0.03673404       10.4505316 
     -0.03644928       10.4381012 
     -0.03616452       10.4237542 
     -0.03587976       10.4070539 
       -0.035595       10.3893555 
     -0.03531024       10.3701951 
     -0.03502548       10.3495728 
     -0.03474072       10.3270688 
     -0.03445596       10.3038481 
      -0.0341712       10.2795523 
     -0.03388644       10.2541816 
     -0.03360168       10.2273643 
     -0.03331692       10.2000445 
     -0.03303216       10.1719721 
      -0.0327474       10.1431471 
     -0.03246264       10.1135695 
     -0.03217788       10.0830374 
     -0.03189312       10.0523253 
     -0.03160836       10.0211245 
      -0.0313236       9.98943489 
     -0.03103884       9.95705418 
     -0.03075408       9.92463957 
     -0.03046932       9.89194888 
     -0.03018456       9.85898211 
      -0.0298998       9.82555485 
     -0.02961504       9.79219994 
     -0.02933028       9.75873807 
     -0.02904552       9.72516923 
     -0.02876076       9.69133642 
       -0.028476       9.65765359 
     -0.02819124       9.62399658 
     -0.02790648       9.59036536 
     -0.02762172       9.55675995 
     -0.02733696       9.52310904 
      -0.0270522       9.48971327 
     -0.02676744       9.45644619 
     -0.02648268        9.4233078 
     -0.02619792       9.39022649 
     -0.02591316       9.35744924 
      -0.0256284       9.32487931 
     -0.02534364       9.29251671 
     -0.02505888       9.26029732 
     -0.02477412       9.22841462 
     -0.02448936       9.19679837 
      -0.0242046       9.16544858 
     -0.02391984        9.1343123 
     -0.02363508       9.10353417 
     -0.02335032       9.07306612 
     -0.02306556       9.04290815 
      -0.0227808       9.01301935 
     -0.02249604       8.98350267 
     -0.02221128       8.95432744 
     -0.02192652       8.92549366 
     -0.02164176       8.89700133 
       -0.021357       8.86883091 
     -0.02107224       8.84105332 
     -0.02078748       8.81363897 
     -0.02050272       8.78658787 
     -0.02021796       8.75988371 
      -0.0199332       8.73357707 
     -0.01964844       8.70764806 
     -0.01936368       8.68209666 
     -0.01907892       8.65691101 
     -0.01879416       8.63212395 
      -0.0185094        8.6077232 
     -0.01822464       8.58370876 
     -0.01793988       8.56007326 
     -0.01765512       8.53683524 
     -0.01737036       8.51398793 
      -0.0170856       8.49153134 
     -0.01680084         8.469462 
     -0.01651608       8.44778781 
     -0.01623132       8.42650557 
     -0.01594656       8.40561526 
      -0.0156618       8.38511688 
     -0.01537704       8.36500986 
     -0.01509228       8.34529414 
     -0.01480752       8.32596929 
     -0.01452276        8.3070353 
       -0.014238       8.28849354 
     -0.01395324       8.27033843 
     -0.01366848       8.25257151 
     -0.01338372       8.23519277 
     -0.01309896       8.21820523 
      -0.0128142       8.20159961 
     -0.01252944       8.18537844 
     -0.01224468       8.16954174 
     -0.01195992       8.15409362 
     -0.01167516       8.13902294 
      -0.0113904       8.12433238 
     -0.01110564       8.11002197 
     -0.01082088       8.09609169 
     -0.01053612       8.08254399 
     -0.01025136       8.06936727 
      -0.0099666       8.05656609 
     -0.00968184       8.04414047 
     -0.00939708       8.03209365 
     -0.00911232       8.02041341 
     -0.00882756       8.00910417 
      -0.0085428       7.99816592 
     -0.00825804       7.98760211 
     -0.00797328       7.97740137 
     -0.00768852       7.96756732 
     -0.00740376       7.95809997 
       -0.007119        7.9490022 
     -0.00683424       7.94026503 
     -0.00654948       7.93189071 
     -0.00626472       7.92387924 
     -0.00597996       7.91623172 
      -0.0056952        7.9089439 
     -0.00541044       7.90201564 
     -0.00512568       7.89544696 
     -0.00484092       7.88923784 
     -0.00455616       7.88338602 
      -0.0042714       7.87789247 
     -0.00398664       7.87275599 
     -0.00370188       7.86797659 
     -0.00341712       7.86354022 
     -0.00313236       7.85947259 
      -0.0028476       7.85575988 
     -0.00256284        7.8524021 
     -0.00227808       7.84897266 
     -0.00199332       7.84631092 
     -0.00170856       7.84400408 
      -0.0014238       7.84205214 
     -0.00113904       7.84025678 
     -0.00085428       7.83894324 
     -0.00056952         7.838005 
     -0.00028476       7.83744206 
               0       7.83725441 
      0.00028476       7.83744206 
      0.00056952         7.838005 
      0.00085428       7.83894324 
      0.00113904       7.84025678 
       0.0014238       7.84205214 
      0.00170856       7.84400408 
      0.00199332       7.84631092 
      0.00227808       7.84897266 
      0.00256284        7.8524021 
       0.0028476       7.85575988 
      0.00313236       7.85947259 
      0.00341712       7.86354022 
      0.00370188       7.86797659 
      0.00398664       7.87275599 
       0.0042714       7.87789247 
      0.00455616       7.88338602 
      0.00484092       7.88923784 
      0.00512568       7.89544696 
      0.00541044       7.90201564 
       0.0056952        7.9089439 
      0.00597996       7.91623172 
      0.00626472       7.92387924 
      0.00654948       7.93189071 
      0.00683424       7.94026503 
        0.007119        7.9490022 
      0.00740376       7.95809997 
      0.00768852       7.96756732 
      0.00797328       7.97740137 
      0.00825804       7.98760211 
       0.0085428       7.99816592 
      0.00882756       8.00910417 
      0.00911232       8.02041341 
      0.00939708       8.03209365 
      0.00968184       8.04414047 
       0.0099666       8.05656609 
      0.01025136       8.06936727 
      0.01053612       8.08254399 
      0.01082088       8.09609169 
      0.01110564       8.11002197 
       0.0113904       8.12433238 
      0.01167516       8.13902294 
      0.01195992       8.15409362 
      0.01224468       8.16954174 
      0.01252944       8.18537844 
       0.0128142       8.20159961 
      0.01309896       8.21820523 
      0.01338372       8.23519277 
      0.01366848       8.25257151 
      0.01395324       8.27033843 
        0.014238       8.28849354 
      0.01452276        8.3070353 
      0.01480752       8.32596929 
      0.01509228       8.34529414 
      0.01537704       8.36500986 
       0.0156618       8.38511688 
      0.01594656       8.40561526 
      0.01623132       8.42650557 
      0.01651608       8.44778781 
      0.01680084         8.469462 
       0.0170856       8.49153134 
      0.01737036       8.51398793 
      0.01765512       8.53683524 
      0.01793988       8.56007326 
      0.01822464       8.58370876 
       0.0185094        8.6077232 
      0.01879416       8.63212395 
      0.01907892       8.65691101 
      0.01936368       8.68209666 
      0.01964844       8.70764806 
       0.0199332       8.73357707 
      0.02021796       8.75988371 
      0.02050272       8.78658787 
      0.02078748       8.81363897 
      0.02107224       8.84105332 
        0.021357       8.86883091 
      0.02164176       8.89700133 
      0.02192652       8.92549366 
      0.02221128       8.95432744 
      0.02249604       8.98350267 
       0.0227808       9.01301935 
      0.02306556       9.04290815 
      0.02335032       9.07306612 
      0.02363508       9.10353417 
      0.02391984        9.1343123 
       0.0242046       9.16544858 
      0.02448936       9.19679837 
      0.02477412       9.22841462 
      0.02505888       9.26029732 
      0.02534364       9.29251671 
       0.0256284       9.32487931 
      0.02591316       9.35744924 
      0.02619792       9.39022649 
      0.02648268        9.4233078 
      0.02676744       9.45644619 
       0.0270522       9.48971327 
      0.02733696       9.52310904 
      0.02762172       9.55675995 
      0.02790648       9.59036536 
      0.02819124       9.62399658 
        0.028476       9.65765359 
      0.02876076       9.69133642 
      0.02904552       9.72516923 
      0.02933028       9.75873807 
      0.02961504       9.79219994 
       0.0298998       9.82555485 
      0.03018456       9.85898211 
      0.03046932       9.89194888 
      0.03075408       9.92463957 
      0.03103884       9.95705418 
       0.0313236       9.98943489 
      0.03160836       10.0211245 
      0.03189312       10.0523253 
      0.03217788       10.0830374 
      0.03246264       10.1135695 
       0.0327474       10.1431471 
      0.03303216       10.1719721 
      0.03331692       10.2000445 
      0.03360168       10.2273643 
      0.03388644       10.2541816 
       0.0341712       10.2795523 
      0.03445596       10.3038481 
      0.03474072       10.3270688 
      0.03502548       10.3495728 
      0.03531024       10.3701951 
        0.035595       10.3893555 
      0.03587976       10.4070539 
      0.03616452       10.4237542 
      0.03644928       10.4381012 
      0.03673404       10.4505316 
       0.0370188       10.4610456 
      0.03730356       10.4701894 
      0.03758832       10.4764953 
      0.03787308        10.480365 
      0.03815784       10.4817986 
       0.0384426        10.481369 
      0.03872736       10.4776424 
      0.03901212       10.4709064 
      0.03929688        10.461161 
      0.03958164       10.4484064 
       0.0398664        10.432974 
      0.04015116       10.4134279 
      0.04043592       10.3902702 
      0.04072068       10.3635008 
      0.04100544       10.3333558 
       0.0412902       10.2987349 
      0.04157496       10.2599109 
      0.04185972        10.216884 
      0.04214448        10.168657 
      0.04242924       10.1167592 
        0.042714       10.0600838 
      0.04299876       9.99863096 
      0.04328352       9.93397524 
      0.04356828       9.86241705 
      0.04385304       9.78573825 
       0.0441378       9.70393886 
      0.04442256       9.61701888 
      0.04470732       9.50541102 
      0.04499208        9.4098396 
      0.04527684        9.3110048 
       0.0455616       9.20890662 
      0.04584636       9.14454259 
      0.04613112       9.03387486 
      0.04641588       8.91584498 
      0.04670064       8.79045295 
       0.0469854       8.65106409 
      0.04727016       8.50946781 
      0.04755492       8.35192967 
      0.04783968       8.20179136 
      0.04812444       8.05544029 
       0.0484092       7.90154926 
      0.04869396       7.74531241 
      0.04897872       7.57633388 
      0.04926348        7.4064593 
      0.04954824       7.23467047 
        0.049833       7.06099125 
      0.05011776       6.88542637 
      0.05040252       6.70821909 
      0.05068728       6.52959399 
      0.05097204       6.34984769 
       0.0512568       6.16931741 
      0.05154156       5.98836098 
      0.05182632       5.80734477 
      0.05211108       5.62663618 
      0.05239584       5.44659851 
       0.0526806       5.26758685 
      0.05296536       5.08994467 
      0.05325012       4.91400059 
      0.05353488       4.74006533 
      0.05381964        4.5684283 
       0.0541044       4.39935387 
      0.05438916       4.23307538 
      0.05467392       4.06976445 
      0.05495868         3.909242 
      0.05524344        3.7499453 
       0.0555282       3.59756184 
      0.05581296       3.45167107 
      0.05609772       3.30411074 
      0.05638248       3.16264885 
      0.05666724       3.02134059 
        0.056952       2.88962685 
      0.05723676       2.76828461 
      0.05752152        2.6465353 
      0.05780628       2.52848671 
      0.05809104       2.41456455 
       0.0583758       2.30439607 
      0.05866056       2.19798126 
      0.05894532       2.09791907 
      0.05923008       1.99914732 
      0.05951484       1.90406276 
       0.0597996        1.8126654 
      0.06008436       1.72827992 
      0.06036912       1.64422346 
      0.06065388       1.56364951 
      0.06093864       1.48655808 
       0.0612234       1.41427037 
      0.06150816       1.34389318 
      0.06179292       1.27658293 
      0.06207768       1.21233961 
      0.06236244        1.1519334 
       0.0626472       1.09359806 
      0.06293196       1.03789281 
      0.06321672      0.984817664 
      0.06350148      0.934372616 
      0.06378624      0.887000294 
        0.064071      0.841234672 
      0.06435576      0.797683914 
      0.06464052      0.756348018 
      0.06492528      0.717607331 
      0.06521004      0.680222221 
       0.0654948      0.644676413 
      0.06577956      0.610969907 
      0.06606432      0.579434514 
      0.06634908      0.549029953 
      0.06663384      0.520136822 
       0.0669186      0.492755121 
      0.06720336      0.467172199 
      0.06748812       0.44252847 
      0.06777288      0.419116988 
      0.06805764      0.396937752 
       0.0683424      0.376235667 
      0.06862716      0.356312889 
      0.06891192      0.337388833 
      0.06919668      0.319463501 
      0.06948144      0.302741866 
       0.0697662      0.286667344 
      0.07005096       0.27139872 
      0.07033572      0.256935994 
      0.07062048      0.243447594 
      0.07090524      0.230497379 
         0.07119      0.218195337 
      0.07147476      0.206541466 
      0.07175952      0.195535768 
      0.07204428      0.185250335 
      0.07232904      0.175349041 
       0.0726138      0.165967793 
      0.07289856      0.157106592 
      0.07318332      0.148835198 
      0.07346808      0.140872603 
      0.07375284      0.133326502 
       0.0740376      0.126196894 
      0.07432236      0.119547999 
      0.07460712       0.11314846 
      0.07489188      0.107082034 
      0.07517664      0.101348723 
       0.0754614     0.0960055302 
      0.07574616     0.0908646547 
      0.07603092     0.0859899423 
      0.07631568     0.0813813929 
      0.07660044     0.0770881908 
       0.0768852     0.0729599326 
      0.07716996     0.0690441868 
      0.07745472     0.0653409533 
      0.07773948     0.0618916895 
      0.07802424       0.05857753 
        0.078309     0.0554329548 
      0.07859376     0.0524579639 
      0.07887852     0.0496868021 
      0.07916328     0.0470267923 
      0.07944804     0.0445020562 
       0.0797328     0.0421125939 
      0.08001756     0.0398861773 
      0.08030232     0.0377515789 
      0.08058708     0.0357248536 
      0.08087184     0.0338060013 
       0.0811566     0.0319950221 
      0.08144136     0.0303044303 
      0.08172612     0.0286777114 
      0.08201088     0.0271369963 
      0.08229564     0.0256822851 
       0.0825804     0.0243255488 
      0.08286516     0.0230200417 
      0.08314992     0.0217830918 
      0.08343468      0.020614699 
      0.08371944     0.0195257556 
       0.0840042     0.0184781378 
      0.08428896     0.0174851631 
      0.08457372     0.0165468318 
      0.08485848     0.0156727084 
      0.08514324     0.0148321085 
        0.085428     0.0140350579 
      0.08571276     0.0132815567 
      0.08599752     0.0125797775 
      0.08628228     0.0119053379 
      0.08656704     0.0112656038 
       0.0868518     0.0106605753 
      0.08713656     0.0100970803 
      0.08742132    0.00955599288 
      0.08770608     0.0090425618 
      0.08799084    0.00855678707 
       0.0882756    0.00810426244 
      0.08856036    0.00767018716 
      0.08884512    0.00725815005 
      0.08912988     0.0068681511 
      0.08941464    0.00650019032 
       0.0896994    0.00615648347 
      0.08998416    0.00582583697 
      0.09026892    0.00551275128 
      0.09055368    0.00521722641 
      0.09083844     0.0049414735 
       0.0911232    0.00467615567 
      0.09140796    0.00442483066 
      0.09169272    0.00418749847 
      0.09197748    0.00396622614 
      0.09226224    0.00375334115 
        0.092547    0.00355160577 
      0.09283176    0.00336102001 
      0.09311652    0.00318343422 
      0.09340128    0.00301262919 
      0.09368604    0.00285070817 
       0.0939708    0.00269767116 
      0.09425556    0.00255512282 
      0.09454032      0.002418087 
      0.09482508     0.0022881299 
      0.09510984    0.00216525154 
       0.0953946    0.00205080897 
      0.09567936    0.00194087143 
      0.09596412    0.00183657414 
      0.09624888     0.0017379171 
      0.09653364    0.00164602396 
       0.0968184    0.00155783039 
      0.09710316    0.00147413089 
      0.09738792    0.00139492546 
      0.09767268    0.00132112705 
      0.09795744    0.00125038017 
       0.0982422    0.00118321408 
      0.09852696    0.00111962879 
      0.09881172    0.00105962429 
      0.09909648    0.00100360404 
      0.09938124   0.000949708234 
        0.099666   0.000898665529 
      0.09995076   0.000850475928 
      0.10023552   0.000805528762 
      0.10052028   0.000762283542 
      0.10080504   0.000721311612 
       0.1010898   0.000682612971 
      0.10137456   0.000646543761 
      0.10165932   0.000611846134 
      0.10194408   0.000578959811 
      0.10222884    0.00054788479 
       0.1025136   0.000518934942 
      0.10279836   0.000491096797 
      0.10308312   0.000464701851 
      0.10336788   0.000439750105 
      0.10365264   0.000416510458 
       0.1039374   0.000394176792 
      0.10422216   0.000372993029 
      0.10450692   0.000352959169 
      0.10479168    0.00033430033 
      0.10507644   0.000316383581 
       0.1053612   0.000299383041 
      0.10564596   0.000283298713 
      0.10593072   0.000268315335 
      0.10621548   0.000253942641 
      0.10650024   0.000240299957 
        0.106785   0.000227387282 
      0.10706976   0.000215204616 
      0.10735452   0.000203824328 
      0.10763928   0.000192876831 
      0.10792404   0.000182510984 
       0.1082088   0.000172726786 
      0.10849356   0.000163596871 
      0.10877832   0.000154812556 
      0.10906308    0.00014649168 
      0.10934784   0.000138634243 
       0.1096326    0.00013130839 
      0.10991736   0.000124260171 
      0.11020212   0.000117581206 
      0.11048688   0.000111271493 
      0.11077164   0.000105392188 
       0.1110564   9.97372304e-05 
      0.11134116   9.43764812e-05 
      0.11162592   8.93099401e-05 
      0.11191068   8.45907427e-05 
      0.11219544   8.00538558e-05 
       0.1124802   7.57513835e-05 
      0.11276496   7.16833258e-05 
      0.11304972   6.78946914e-05 
      0.11333448   6.42549945e-05 
      0.11361924   6.08020706e-05 
        0.113904   5.75359197e-05 
      0.11418876   5.44938623e-05 
      0.11447352   5.15740764e-05 
      0.11475828   4.88031044e-05 
      0.11504304   4.61809463e-05 
       0.1153278   4.37379654e-05 
      0.11561256   4.13958141e-05 
      0.11589732   3.91722324e-05 
      0.11618208   3.70672202e-05 
      0.11646684   3.50807775e-05 
       0.1167516   3.32263487e-05 
      0.11703636   3.14421257e-05 
      0.11732112    2.9752375e-05 
      0.11760588   2.81570965e-05 
      0.11789064   2.66692864e-05 
       0.1181754   2.52376956e-05 
      0.11846016   2.38813777e-05 
      0.11874492   2.26003328e-05 
      0.11902968   2.14064655e-05 
      0.11931444   2.02578885e-05 
       0.1195992   1.91692877e-05 
      0.11988396    1.8140663e-05 
      0.12016872   1.71825197e-05 
      0.12045348   1.62610753e-05 
      0.12073824     1.538742e-05 
        0.121023   1.45615537e-05 
      0.12130776   1.37924876e-05 
      0.12159252   1.30533248e-05 
      0.12187728   1.23522418e-05 
      0.12216204   1.16892388e-05 
       0.1224468   1.10718688e-05 
      0.12273156   1.04789928e-05 
      0.12301632   9.91646203e-06 
      0.12330108    9.3842766e-06 
      0.12358584   8.88864251e-06 
       0.1238706   8.41316944e-06 
      0.12415536   7.96188061e-06 
      0.12444012   7.53477604e-06 
      0.12472488   7.13185572e-06 
      0.12500964   6.75561801e-06 
       0.1252944   6.39365078e-06 
      0.12557916   6.05096096e-06 
      0.12586392   5.72754854e-06 
      0.12614868   5.42591108e-06 
      0.12643344   5.13567528e-06 
       0.1267182   4.86080982e-06 
      0.12700296    4.6013147e-06 
      0.12728772   4.35952818e-06 
      0.12757248   4.12691276e-06 
      0.12785724   3.90655784e-06 
        0.128142   3.69846342e-06 
      0.12842676   3.50472528e-06 
      0.12871152   3.31841528e-06 
      0.12899628   3.14189192e-06 
      0.12928104    2.9751552e-06 
       0.1295658   2.82002427e-06 
      0.12985056    2.6709528e-06 
      0.13013532   2.52970182e-06 
      0.13042008   2.39627134e-06 
      0.13070484   2.27220052e-06 
       0.1309896    2.1531094e-06 
      0.13127436   2.04027839e-06 
      0.13155912   1.93370749e-06 
      0.13184388   1.83467102e-06 
      0.13212864   1.73975887e-06 
       0.1324134   1.64987127e-06 
      0.13269816   1.56500823e-06 
      0.13298292    1.4862049e-06 
      0.13326768   1.41084564e-06 
      0.13355244   1.33953612e-06 
       0.1338372   1.27227632e-06 
      0.13412196   1.20906626e-06 
      0.13440672   1.15041214e-06 
      0.13469148   1.09421545e-06 
      0.13497624   1.04130378e-06 
        0.135261   9.91677163e-07 
      0.13554576   9.45826188e-07 
      0.13583052   9.02009332e-07 
      0.13611528   8.60883146e-07 
      0.13640004    8.2244763e-07 
       0.1366848   7.87174592e-07 
      0.13696956   7.53604146e-07 
      0.13725432   7.22269064e-07 
      0.13753908   6.93169344e-07 
      0.13782384   6.66790663e-07 
       0.1381086   6.41828127e-07 
      0.13839336   6.18758266e-07 
      0.13867812   5.97581081e-07 
      0.13896288   5.80905652e-07 
      0.13924764   5.63499742e-07 
       0.1395324    5.4760739e-07 
      0.13981716   5.33228595e-07 
      0.14010192    5.1844654e-07 
      0.14038668   5.07082116e-07 
      0.14067144   4.97232948e-07 
       0.1409562   4.88899037e-07 
      0.14124096   4.81036742e-07 
      0.14152572   4.75428501e-07 
      0.14181048   4.71422615e-07 
      0.14209524   4.69019083e-07 
         0.14238   4.68217906e-07 
