      -0.1404005    5.5442016e-07 
    -0.140119699   5.55344183e-07 
    -0.139838898   5.58116254e-07 
    -0.139558097   5.62736372e-07 
    -0.139277296   5.69204536e-07 
    -0.138996495    5.7836814e-07 
    -0.138715694   5.87974648e-07 
    -0.138434893   5.99327794e-07 
    -0.138154092   6.12427578e-07 
    -0.137873291   6.29588947e-07 
     -0.13759249   6.46164577e-07 
    -0.137311689    6.6448501e-07 
    -0.137030888   6.84550245e-07 
    -0.136750087   7.03476788e-07 
    -0.136469286   7.27796227e-07 
    -0.136188485   7.54303237e-07 
    -0.135907684   7.82997819e-07 
    -0.135626883   8.13246249e-07 
    -0.135346082   8.46592212e-07 
    -0.135065281   8.82526195e-07 
     -0.13478448   9.21048196e-07 
    -0.134503679   9.62158218e-07 
    -0.134222878   1.00540084e-06 
    -0.133942077   1.05245595e-06 
    -0.133661276   1.10263165e-06 
    -0.133380475   1.15592792e-06 
    -0.133099674   1.21169438e-06 
    -0.132818873   1.27207662e-06 
    -0.132538072   1.33627538e-06 
    -0.132257271   1.40429064e-06 
     -0.13197647   1.47520325e-06 
    -0.131695669   1.55173719e-06 
    -0.131414868     1.632984e-06 
    -0.131134067   1.71894369e-06 
    -0.130853266   1.80837256e-06 
    -0.130572465   1.90463234e-06 
    -0.130291664   2.00674905e-06 
    -0.130010863   2.11472269e-06 
    -0.129730062   2.22694476e-06 
    -0.129449261   2.34741881e-06 
     -0.12916846   2.47520168e-06 
    -0.128887659   2.61029337e-06 
    -0.128606858   2.75269389e-06 
    -0.128326057    2.9010014e-06 
    -0.128045256   3.06044338e-06 
    -0.127764455    3.2290302e-06 
    -0.127483654   3.40676187e-06 
    -0.127202853   3.59152166e-06 
    -0.126922052    3.7900895e-06 
    -0.126641251   4.00011878e-06 
     -0.12636045    4.2216095e-06 
    -0.126079649   4.45159518e-06 
    -0.125798848   4.69857403e-06 
    -0.125518047   4.95993317e-06 
    -0.125237246   5.23567259e-06 
    -0.124956445   5.52185622e-06 
    -0.124675644    5.8287773e-06 
    -0.124394843   6.15375304e-06 
    -0.124114042   6.49678344e-06 
    -0.123833241   6.85786849e-06 
     -0.12355244   7.23405363e-06 
    -0.123271639    7.6379018e-06 
    -0.122990838   8.06442749e-06 
    -0.122710037   8.51363072e-06 
    -0.122429236   8.98075541e-06 
    -0.122148435   9.48240702e-06 
    -0.121867634   1.00125503e-05 
    -0.121586833   1.05711852e-05 
    -0.121306032   1.11513731e-05 
    -0.121025231    1.1774309e-05 
     -0.12074443   1.24330473e-05 
    -0.120463629   1.31275879e-05 
    -0.120182828   1.38484408e-05 
    -0.119902027   1.46217747e-05 
    -0.119621226   1.54401019e-05 
    -0.119340425   1.63034227e-05 
    -0.119059624   1.71993933e-05 
    -0.118778823   1.81592112e-05 
    -0.118498022   1.91755767e-05 
    -0.118217221   2.02484898e-05 
     -0.11793642   2.13779506e-05 
    -0.117655619   2.25536231e-05 
    -0.117374818   2.38157128e-05 
    -0.117094017   2.51488741e-05 
    -0.116813216    2.6553107e-05 
    -0.116532415   2.80125136e-05 
    -0.116251614   2.95794561e-05 
    -0.115970813   3.12357264e-05 
    -0.115690012   3.29813246e-05 
    -0.115409211   3.47937065e-05 
     -0.11512841   3.67388027e-05 
    -0.114847609   3.87961738e-05 
    -0.114566808   4.09658199e-05 
    -0.114286007   4.32175552e-05 
    -0.114005206    4.5631656e-05 
    -0.113724405   4.81868746e-05 
    -0.113443604    5.0883211e-05 
    -0.113162803   5.37206652e-05 
    -0.112882002   5.66778042e-05 
    -0.112601201   5.98508595e-05 
      -0.1123204   6.32012855e-05 
    -0.112039599   6.67290823e-05 
    -0.111758798   7.03987767e-05 
    -0.111477997   7.43384564e-05 
    -0.111197196   7.85010733e-05 
    -0.110916395   8.28866275e-05 
    -0.110635594   8.74425242e-05 
    -0.110354793   9.23332917e-05 
    -0.110073992   9.75042687e-05 
    -0.109793191   0.000102955455 
     -0.10951239   0.000108614092 
    -0.109231589   0.000114684596 
    -0.108950788   0.000121107294 
    -0.108669987   0.000127882187 
    -0.108389186    0.00013491375 
    -0.108108385   0.000142447353 
    -0.107827584   0.000150423627 
    -0.107546783   0.000158842573 
    -0.107265982    0.00016770419 
    -0.106985181   0.000176932188 
     -0.10670438   0.000186836377 
    -0.106423579   0.000197296957 
    -0.106142778   0.000208313927 
    -0.105861977   0.000219767375 
    -0.105581176   0.000232063623 
    -0.105300375   0.000245059193 
    -0.105019574   0.000258754086 
    -0.104738773   0.000272975896 
    -0.104457972   0.000288239589 
    -0.104177171   0.000304382253 
     -0.10389637   0.000321403887 
    -0.103615569   0.000339071229 
    -0.103334768   0.000358015519 
    -0.103053967   0.000378064575 
    -0.102773166   0.000399218398 
    -0.102492365   0.000421176407 
    -0.102211564    0.00044468502 
    -0.101930763   0.000469582198 
    -0.101649962   0.000495867939 
    -0.101369161   0.000523542244 
     -0.10108836   0.000552339845 
    -0.100807559    0.00058325292 
    -0.100526758   0.000615911257 
    -0.100245957   0.000650314855 
    -0.099965156    0.00068606348 
    -0.099684355   0.000724440271 
    -0.099403554   0.000765010645 
    -0.099122753   0.000807774603 
    -0.098841952   0.000852171767 
    -0.098561151   0.000899806943 
     -0.09828035   0.000950199184 
    -0.097999549    0.00100334849 
    -0.097718748    0.00105851197 
    -0.097437947    0.00111762971 
    -0.097157146    0.00118021273 
    -0.096876345    0.00124626103 
    -0.096595544    0.00131577462 
    -0.096314743    0.00138819074 
    -0.096033942    0.00146590238 
    -0.095753141    0.00154796942 
     -0.09547234    0.00163439188 
    -0.095191539    0.00172426393 
    -0.094910738    0.00182074688 
    -0.094629937    0.00192270399 
    -0.094349136    0.00203013526 
    -0.094068335    0.00214171919 
    -0.093787534    0.00226148929 
    -0.093506733    0.00238813962 
    -0.093225932    0.00252167021 
    -0.092945131    0.00266027359 
     -0.09266433    0.00280892793 
    -0.092383529    0.00296622971 
    -0.092102728    0.00313217894 
    -0.091821927    0.00330442472 
    -0.091541126    0.00348889917 
    -0.091260325    0.00368424209 
    -0.090979524    0.00389045348 
    -0.090698723    0.00410753332 
    -0.090417922    0.00433349847 
    -0.090137121    0.00457604581 
     -0.08985632    0.00483225293 
    -0.089575519    0.00510211983 
    -0.089294718    0.00538259737 
    -0.089013917    0.00568370939 
    -0.088733116    0.00600198914 
    -0.088452315    0.00633743664 
    -0.088171514    0.00668572832 
    -0.087890713    0.00705948598 
    -0.087609912    0.00745481978 
    -0.087329111    0.00787172972 
     -0.08704831    0.00830442611 
    -0.086767509    0.00876827865 
    -0.086486708    0.00925924703 
    -0.086205907    0.00977733125 
    -0.085925106     0.0103225313 
    -0.085644305     0.0108907017 
    -0.085363504     0.0115003437 
    -0.085082703     0.0121440624 
    -0.084801902     0.0128218577 
    -0.084521101     0.0135268812 
      -0.0842403     0.0142837572 
    -0.083959499     0.0150834554 
    -0.083678698     0.0159259759 
    -0.083397897     0.0168011724 
    -0.083117096      0.017740677 
    -0.082836295     0.0187339905 
    -0.082555494     0.0197811131 
    -0.082274693     0.0208680112 
    -0.081993892     0.0220339955 
    -0.081713091     0.0232675883 
     -0.08143229     0.0245687895 
    -0.081151489     0.0259191718 
    -0.080870688      0.027365944 
    -0.080589887     0.0288976528 
    -0.080309086     0.0305142983 
    -0.080028285     0.0322158805 
    -0.079747484     0.0339875476 
    -0.079466683     0.0358890274 
    -0.079185882     0.0378971961 
    -0.078905081     0.0400120536 
     -0.07862428     0.0422103227 
    -0.078343479     0.0445703028 
    -0.078062678      0.047064265 
    -0.077781877     0.0496922093 
    -0.077501076      0.052420722 
    -0.077220275     0.0553490068 
    -0.076939474     0.0584454989 
    -0.076658673     0.0617101983 
    -0.076377872     0.0650979383 
    -0.076097071       0.06873031 
     -0.07581627     0.0725737711 
    -0.075535469     0.0766283216 
    -0.075254668     0.0808357813 
    -0.074973867     0.0853399866 
    -0.074693066     0.0901089497 
    -0.074412265     0.0951426704 
    -0.074131464      0.100441149 
    -0.073850663      0.105952484 
    -0.073569862      0.111867334 
    -0.073289061      0.118114008 
     -0.07300826      0.124692504 
    -0.072727459      0.131525031 
    -0.072446658      0.138857363 
    -0.072165857      0.146605148 
    -0.071885056      0.154768388 
    -0.071604255      0.163238768 
    -0.071323454      0.172322552 
    -0.071042653      0.181925786 
    -0.070761852      0.192048469 
    -0.070481051      0.202547761 
     -0.07020025      0.213792521 
    -0.069919449      0.225685552 
    -0.069638648      0.238226854 
    -0.069357847      0.251416427 
    -0.069077046      0.265142584 
    -0.068796245      0.279855658 
    -0.068515444      0.295375741 
    -0.068234643      0.311702834 
    -0.067953842      0.328661644 
    -0.067673041      0.346838587 
     -0.06739224      0.366016749 
    -0.067111439      0.386196132 
    -0.066830638      0.407126648 
    -0.066549837      0.429543641 
    -0.066269036      0.453197156 
    -0.065988235       0.47808719 
    -0.065707434      0.503879363 
    -0.065426633      0.531463376 
    -0.065145832      0.560565194 
    -0.064865031      0.591184817 
     -0.06458423      0.622897052 
    -0.064303429       0.65674133 
    -0.064022628      0.692433484 
    -0.063741827      0.729973514 
    -0.063461026      0.769361419 
    -0.063180225      0.810213961 
    -0.062899424      0.853811578 
    -0.062618623      0.899634421 
    -0.062337822      0.947682492 
    -0.062057021      0.997399193 
     -0.06177622       1.05037766 
    -0.061495419       1.10599704 
    -0.061214618       1.16425735 
    -0.060933817       1.22439214 
    -0.060653016       1.28834805 
    -0.060372215       1.35537933 
    -0.060091414       1.42548599 
    -0.059810613       1.49729786 
    -0.059529812       1.57387513 
    -0.059249011       1.65393565 
     -0.05896821       1.73747941 
    -0.058687409       1.82450642 
    -0.058406608       1.91184423 
    -0.058125807       2.00625294 
    -0.057845006       2.10433356 
    -0.057564205       2.20608608 
    -0.057283404       2.30904494 
    -0.057002603       2.41841162 
    -0.056721802       2.53150568 
    -0.056441001       2.64832713 
      -0.0561602       2.76922623 
    -0.055879399       2.89382447 
    -0.055598598       3.01794015 
    -0.055317797       3.15252557 
    -0.055036996       3.29680117 
    -0.054756195       3.44089071 
    -0.054475394       3.59088282 
    -0.054194593       3.73922257 
    -0.053913792       3.89672723 
    -0.053632991       4.05594624 
     -0.05335219        4.2179468 
    -0.053071389        4.3830985 
    -0.052790588       4.55105659 
    -0.052509787       4.72164864 
    -0.052228986       4.89463906 
    -0.051948185       5.06976188 
    -0.051667384        5.2467274 
    -0.051386583       5.42522606 
    -0.051105782       5.60493189 
    -0.050824981       5.78550568 
     -0.05054418       5.96659813 
    -0.050263379       6.14785334 
    -0.049982578       6.32891295 
    -0.049701777        6.5094215 
    -0.049420976       6.68903424 
    -0.049140175       6.86742982 
    -0.048859374       7.04433146 
    -0.048578573       7.21953977 
    -0.048297772       7.39298688 
    -0.048016971       7.56433138 
     -0.04773617       7.73597625 
    -0.047455369       7.89856151 
    -0.047174568       8.05630488 
    -0.046893767       8.20934091 
    -0.046612966       8.35588153 
    -0.046332165       8.50602153 
    -0.046051364       8.66310507 
    -0.045770563        8.8035047 
    -0.045489762       8.94199088 
    -0.045208961       9.06658548 
     -0.04492816       9.18391613 
    -0.044647359       9.29398282 
    -0.044366558       9.35754223 
    -0.044085757       9.45950741 
    -0.043804956       9.55825421 
    -0.043524155       9.65378263 
    -0.043243354       9.76567621 
    -0.042962553       9.85263106 
    -0.042681752       9.93453718 
    -0.042400951       10.0113946 
     -0.04212015       10.0832033 
    -0.041839349       10.1481477 
    -0.041558548        10.209977 
    -0.041277747       10.2670992 
    -0.040996946       10.3195144 
    -0.040716145        10.368298 
    -0.040435344       10.4119159 
    -0.040154543       10.4513966 
    -0.039873742         10.48674 
    -0.039592941       10.5176272 
     -0.03931214       10.5451453 
    -0.039031339       10.5691121 
    -0.038750538       10.5895276 
    -0.038469737       10.6063917 
    -0.038188936       10.6194648 
    -0.037908135       10.6301108 
    -0.037627334       10.6378014 
    -0.037346533       10.6425366 
    -0.037065732       10.6438718 
    -0.036784931       10.6433778 
     -0.03650413        10.640495 
    -0.036223329       10.6352235 
    -0.035942528       10.6270393 
    -0.035661727        10.617463 
    -0.035380926        10.606011 
    -0.035100125       10.5926833 
    -0.034819324        10.576968 
    -0.034538523       10.5601762 
    -0.034257722        10.541957 
    -0.033976921       10.5223105 
     -0.03369612       10.5012367 
    -0.033415319       10.4784277 
    -0.033134518       10.4550178 
    -0.032853717       10.4305619 
    -0.032572916       10.4050598 
    -0.032292115        10.378186 
    -0.032011314       10.3509345 
    -0.031730513       10.3229542 
    -0.031449712        10.294245 
    -0.031168911       10.2645051 
     -0.03088811       10.2345459 
    -0.030607309       10.2041172 
    -0.030326508        10.173219 
    -0.030045707       10.1418513 
    -0.029764906       10.1098676 
    -0.029484105       10.0778784 
    -0.029203304       10.0456286 
    -0.028922503       10.0131181 
    -0.028641702       9.98018748 
    -0.028360901       9.94736146 
      -0.0280801        9.9144406 
    -0.027799299       9.88142491 
    -0.027518498       9.84816573 
    -0.027237697       9.81508549 
    -0.026956896       9.78204046 
    -0.026676095       9.74903064 
    -0.026395294       9.71593039 
    -0.026114493       9.68305979 
    -0.025833692       9.65032508 
    -0.025552891       9.61772625 
     -0.02527209       9.58526331 
    -0.024991289        9.5528692 
    -0.024710488       9.52078602 
    -0.024429687       9.48891558 
    -0.024148886       9.45725788 
    -0.023868085       9.42574912 
    -0.023587284       9.39458201 
    -0.023306483       9.36368541 
    -0.023025682        9.3330593 
    -0.022744881       9.30264991 
     -0.02246408       9.27260099 
    -0.022183279       9.24286516 
    -0.021902478        9.2134424 
    -0.021621677       9.18429136 
    -0.021340876       9.15551233 
    -0.021060075       9.12707701 
    -0.020779274       9.09898539 
    -0.020498473       9.07123748 
    -0.020217672       9.04381042 
    -0.019936871       9.01677757 
     -0.01965607       8.99010971 
    -0.019375269       8.96380686 
    -0.019094468       8.93785056 
    -0.018813667       8.91229216 
    -0.018532866       8.88711285 
    -0.018252065       8.86231262 
    -0.017971264       8.83787852 
    -0.017690463       8.81384299 
    -0.017409662       8.79019511 
    -0.017128861       8.76693491 
     -0.01684806       8.74406237 
    -0.016567259         8.721572 
    -0.016286458        8.6994815 
    -0.016005657       8.67778312 
    -0.015724856       8.65647685 
    -0.015444055       8.63555951 
    -0.015163254       8.61503934 
    -0.014882453       8.59491267 
    -0.014601652        8.5751795 
    -0.014320851       8.55583922 
     -0.01404005       8.53689257 
    -0.013759249       8.51833863 
    -0.013478448       8.50017739 
    -0.013197647       8.48241033 
    -0.012916846       8.46503328 
    -0.012636045       8.44804663 
    -0.012355244       8.43145038 
    -0.012074443       8.41524452 
    -0.011793642       8.39943093 
    -0.011512841       8.38400169 
     -0.01123204       8.36895956 
    -0.010951239       8.35430457 
    -0.010670438       8.34003983 
    -0.010389637       8.32615523 
    -0.010108836       8.31265395 
    -0.009828035       8.29953601 
    -0.009547234       8.28680514 
    -0.009266433       8.27445087 
    -0.008985632       8.26247594 
    -0.008704831       8.25088037 
     -0.00842403       8.23966413 
    -0.008143229       8.22882899 
    -0.007862428       8.21836571 
    -0.007581627        8.2082779 
    -0.007300826       8.19856556 
    -0.007020025       8.18923051 
    -0.006739224        8.1802648 
    -0.006458423         8.171671 
    -0.006177622       8.16344911 
    -0.005896821       8.15559962 
     -0.00561602       8.14811869 
    -0.005335219       8.14100658 
    -0.005054418       8.13426332 
    -0.004773617       8.12788731 
    -0.004492816       8.12188012 
    -0.004212015       8.11623942 
    -0.003931214       8.11096522 
    -0.003650413        8.1060575 
    -0.003369612         8.101501 
    -0.003088811       8.09732362 
     -0.00280801       8.09351066 
    -0.002527209       8.09006213 
    -0.002246408       8.08652417 
    -0.001965607       8.08379016 
    -0.001684806       8.08142069 
    -0.001404005       8.07941575 
    -0.001123204       8.07756079 
    -0.000842403       8.07621146 
    -0.000561602       8.07524765 
    -0.000280801       8.07466936 
               0        8.0744766 
     0.000280801       8.07466936 
     0.000561602       8.07524765 
     0.000842403       8.07621146 
     0.001123204       8.07756079 
     0.001404005       8.07941575 
     0.001684806       8.08142069 
     0.001965607       8.08379016 
     0.002246408       8.08652417 
     0.002527209       8.09006213 
      0.00280801       8.09351066 
     0.003088811       8.09732362 
     0.003369612         8.101501 
     0.003650413        8.1060575 
     0.003931214       8.11096522 
     0.004212015       8.11623942 
     0.004492816       8.12188012 
     0.004773617       8.12788731 
     0.005054418       8.13426332 
     0.005335219       8.14100658 
      0.00561602       8.14811869 
     0.005896821       8.15559962 
     0.006177622       8.16344911 
     0.006458423         8.171671 
     0.006739224        8.1802648 
     0.007020025       8.18923051 
     0.007300826       8.19856556 
     0.007581627        8.2082779 
     0.007862428       8.21836571 
     0.008143229       8.22882899 
      0.00842403       8.23966413 
     0.008704831       8.25088037 
     0.008985632       8.26247594 
     0.009266433       8.27445087 
     0.009547234       8.28680514 
     0.009828035       8.29953601 
     0.010108836       8.31265395 
     0.010389637       8.32615523 
     0.010670438       8.34003983 
     0.010951239       8.35430457 
      0.01123204       8.36895956 
     0.011512841       8.38400169 
     0.011793642       8.39943093 
     0.012074443       8.41524452 
     0.012355244       8.43145038 
     0.012636045       8.44804663 
     0.012916846       8.46503328 
     0.013197647       8.48241033 
     0.013478448       8.50017739 
     0.013759249       8.51833863 
      0.01404005       8.53689257 
     0.014320851       8.55583922 
     0.014601652        8.5751795 
     0.014882453       8.59491267 
     0.015163254       8.61503934 
     0.015444055       8.63555951 
     0.015724856       8.65647685 
     0.016005657       8.67778312 
     0.016286458        8.6994815 
     0.016567259         8.721572 
      0.01684806       8.74406237 
     0.017128861       8.76693491 
     0.017409662       8.79019511 
     0.017690463       8.81384299 
     0.017971264       8.83787852 
     0.018252065       8.86231262 
     0.018532866       8.88711285 
     0.018813667       8.91229216 
     0.019094468       8.93785056 
     0.019375269       8.96380686 
      0.01965607       8.99010971 
     0.019936871       9.01677757 
     0.020217672       9.04381042 
     0.020498473       9.07123748 
     0.020779274       9.09898539 
     0.021060075       9.12707701 
     0.021340876       9.15551233 
     0.021621677       9.18429136 
     0.021902478        9.2134424 
     0.022183279       9.24286516 
      0.02246408       9.27260099 
     0.022744881       9.30264991 
     0.023025682        9.3330593 
     0.023306483       9.36368541 
     0.023587284       9.39458201 
     0.023868085       9.42574912 
     0.024148886       9.45725788 
     0.024429687       9.48891558 
     0.024710488       9.52078602 
     0.024991289        9.5528692 
      0.02527209       9.58526331 
     0.025552891       9.61772625 
     0.025833692       9.65032508 
     0.026114493       9.68305979 
     0.026395294       9.71593039 
     0.026676095       9.74903064 
     0.026956896       9.78204046 
     0.027237697       9.81508549 
     0.027518498       9.84816573 
     0.027799299       9.88142491 
       0.0280801        9.9144406 
     0.028360901       9.94736146 
     0.028641702       9.98018748 
     0.028922503       10.0131181 
     0.029203304       10.0456286 
     0.029484105       10.0778784 
     0.029764906       10.1098676 
     0.030045707       10.1418513 
     0.030326508        10.173219 
     0.030607309       10.2041172 
      0.03088811       10.2345459 
     0.031168911       10.2645051 
     0.031449712        10.294245 
     0.031730513       10.3229542 
     0.032011314       10.3509345 
     0.032292115        10.378186 
     0.032572916       10.4050598 
     0.032853717       10.4305619 
     0.033134518       10.4550178 
     0.033415319       10.4784277 
      0.03369612       10.5012367 
     0.033976921       10.5223105 
     0.034257722        10.541957 
     0.034538523       10.5601762 
     0.034819324        10.576968 
     0.035100125       10.5926833 
     0.035380926        10.606011 
     0.035661727        10.617463 
     0.035942528       10.6270393 
     0.036223329       10.6352235 
      0.03650413        10.640495 
     0.036784931       10.6433778 
     0.037065732       10.6438718 
     0.037346533       10.6425366 
     0.037627334       10.6378014 
     0.037908135       10.6301108 
     0.038188936       10.6194648 
     0.038469737       10.6063917 
     0.038750538       10.5895276 
     0.039031339       10.5691121 
      0.03931214       10.5451453 
     0.039592941       10.5176272 
     0.039873742         10.48674 
     0.040154543       10.4513966 
     0.040435344       10.4119159 
     0.040716145        10.368298 
     0.040996946       10.3195144 
     0.041277747       10.2670992 
     0.041558548        10.209977 
     0.041839349       10.1481477 
      0.04212015       10.0832033 
     0.042400951       10.0113946 
     0.042681752       9.93453718 
     0.042962553       9.85263106 
     0.043243354       9.76567621 
     0.043524155       9.65378263 
     0.043804956       9.55825421 
     0.044085757       9.45950741 
     0.044366558       9.35754223 
     0.044647359       9.29398282 
      0.04492816       9.18391613 
     0.045208961       9.06658548 
     0.045489762       8.94199088 
     0.045770563        8.8035047 
     0.046051364       8.66310507 
     0.046332165       8.50602153 
     0.046612966       8.35588153 
     0.046893767       8.20934091 
     0.047174568       8.05630488 
     0.047455369       7.89856151 
      0.04773617       7.73597625 
     0.048016971       7.56433138 
     0.048297772       7.39298688 
     0.048578573       7.21953977 
     0.048859374       7.04433146 
     0.049140175       6.86742982 
     0.049420976       6.68903424 
     0.049701777        6.5094215 
     0.049982578       6.32891295 
     0.050263379       6.14785334 
      0.05054418       5.96659813 
     0.050824981       5.78550568 
     0.051105782       5.60493189 
     0.051386583       5.42522606 
     0.051667384        5.2467274 
     0.051948185       5.06976188 
     0.052228986       4.89463906 
     0.052509787       4.72164864 
     0.052790588       4.55105659 
     0.053071389        4.3830985 
      0.05335219        4.2179468 
     0.053632991       4.05594624 
     0.053913792       3.89672723 
     0.054194593       3.73922257 
     0.054475394       3.59088282 
     0.054756195       3.44089071 
     0.055036996       3.29680117 
     0.055317797       3.15252557 
     0.055598598       3.01794015 
     0.055879399       2.89382447 
       0.0561602       2.76922623 
     0.056441001       2.64832713 
     0.056721802       2.53150568 
     0.057002603       2.41841162 
     0.057283404       2.30904494 
     0.057564205       2.20608608 
     0.057845006       2.10433356 
     0.058125807       2.00625294 
     0.058406608       1.91184423 
     0.058687409       1.82450642 
      0.05896821       1.73747941 
     0.059249011       1.65393565 
     0.059529812       1.57387513 
     0.059810613       1.49729786 
     0.060091414       1.42548599 
     0.060372215       1.35537933 
     0.060653016       1.28834805 
     0.060933817       1.22439214 
     0.061214618       1.16425735 
     0.061495419       1.10599704 
      0.06177622       1.05037766 
     0.062057021      0.997399193 
     0.062337822      0.947682492 
     0.062618623      0.899634421 
     0.062899424      0.853811578 
     0.063180225      0.810213961 
     0.063461026      0.769361419 
     0.063741827      0.729973514 
     0.064022628      0.692433484 
     0.064303429       0.65674133 
      0.06458423      0.622897052 
     0.064865031      0.591184817 
     0.065145832      0.560565194 
     0.065426633      0.531463376 
     0.065707434      0.503879363 
     0.065988235       0.47808719 
     0.066269036      0.453197156 
     0.066549837      0.429543641 
     0.066830638      0.407126648 
     0.067111439      0.386196132 
      0.06739224      0.366016749 
     0.067673041      0.346838587 
     0.067953842      0.328661644 
     0.068234643      0.311702834 
     0.068515444      0.295375741 
     0.068796245      0.279855658 
     0.069077046      0.265142584 
     0.069357847      0.251416427 
     0.069638648      0.238226854 
     0.069919449      0.225685552 
      0.07020025      0.213792521 
     0.070481051      0.202547761 
     0.070761852      0.192048469 
     0.071042653      0.181925786 
     0.071323454      0.172322552 
     0.071604255      0.163238768 
     0.071885056      0.154768388 
     0.072165857      0.146605148 
     0.072446658      0.138857363 
     0.072727459      0.131525031 
      0.07300826      0.124692504 
     0.073289061      0.118114008 
     0.073569862      0.111867334 
     0.073850663      0.105952484 
     0.074131464      0.100441149 
     0.074412265     0.0951426704 
     0.074693066     0.0901089497 
     0.074973867     0.0853399866 
     0.075254668     0.0808357813 
     0.075535469     0.0766283216 
      0.07581627     0.0725737711 
     0.076097071       0.06873031 
     0.076377872     0.0650979383 
     0.076658673     0.0617101983 
     0.076939474     0.0584454989 
     0.077220275     0.0553490068 
     0.077501076      0.052420722 
     0.077781877     0.0496922093 
     0.078062678      0.047064265 
     0.078343479     0.0445703028 
      0.07862428     0.0422103227 
     0.078905081     0.0400120536 
     0.079185882     0.0378971961 
     0.079466683     0.0358890274 
     0.079747484     0.0339875476 
     0.080028285     0.0322158805 
     0.080309086     0.0305142983 
     0.080589887     0.0288976528 
     0.080870688      0.027365944 
     0.081151489     0.0259191718 
      0.08143229     0.0245687895 
     0.081713091     0.0232675883 
     0.081993892     0.0220339955 
     0.082274693     0.0208680112 
     0.082555494     0.0197811131 
     0.082836295     0.0187339905 
     0.083117096      0.017740677 
     0.083397897     0.0168011724 
     0.083678698     0.0159259759 
     0.083959499     0.0150834554 
       0.0842403     0.0142837572 
     0.084521101     0.0135268812 
     0.084801902     0.0128218577 
     0.085082703     0.0121440624 
     0.085363504     0.0115003437 
     0.085644305     0.0108907017 
     0.085925106     0.0103225313 
     0.086205907    0.00977733125 
     0.086486708    0.00925924703 
     0.086767509    0.00876827865 
      0.08704831    0.00830442611 
     0.087329111    0.00787172972 
     0.087609912    0.00745481978 
     0.087890713    0.00705948598 
     0.088171514    0.00668572832 
     0.088452315    0.00633743664 
     0.088733116    0.00600198914 
     0.089013917    0.00568370939 
     0.089294718    0.00538259737 
     0.089575519    0.00510211983 
      0.08985632    0.00483225293 
     0.090137121    0.00457604581 
     0.090417922    0.00433349847 
     0.090698723    0.00410753332 
     0.090979524    0.00389045348 
     0.091260325    0.00368424209 
     0.091541126    0.00348889917 
     0.091821927    0.00330442472 
     0.092102728    0.00313217894 
     0.092383529    0.00296622971 
      0.09266433    0.00280892793 
     0.092945131    0.00266027359 
     0.093225932    0.00252167021 
     0.093506733    0.00238813962 
     0.093787534    0.00226148929 
     0.094068335    0.00214171919 
     0.094349136    0.00203013526 
     0.094629937    0.00192270399 
     0.094910738    0.00182074688 
     0.095191539    0.00172426393 
      0.09547234    0.00163439188 
     0.095753141    0.00154796942 
     0.096033942    0.00146590238 
     0.096314743    0.00138819074 
     0.096595544    0.00131577462 
     0.096876345    0.00124626103 
     0.097157146    0.00118021273 
     0.097437947    0.00111762971 
     0.097718748    0.00105851197 
     0.097999549    0.00100334849 
      0.09828035   0.000950199184 
     0.098561151   0.000899806943 
     0.098841952   0.000852171767 
     0.099122753   0.000807774603 
     0.099403554   0.000765010645 
     0.099684355   0.000724440271 
     0.099965156    0.00068606348 
     0.100245957   0.000650314855 
     0.100526758   0.000615911257 
     0.100807559    0.00058325292 
      0.10108836   0.000552339845 
     0.101369161   0.000523542244 
     0.101649962   0.000495867939 
     0.101930763   0.000469582198 
     0.102211564    0.00044468502 
     0.102492365   0.000421176407 
     0.102773166   0.000399218398 
     0.103053967   0.000378064575 
     0.103334768   0.000358015519 
     0.103615569   0.000339071229 
      0.10389637   0.000321403887 
     0.104177171   0.000304382253 
     0.104457972   0.000288239589 
     0.104738773   0.000272975896 
     0.105019574   0.000258754086 
     0.105300375   0.000245059193 
     0.105581176   0.000232063623 
     0.105861977   0.000219767375 
     0.106142778   0.000208313927 
     0.106423579   0.000197296957 
      0.10670438   0.000186836377 
     0.106985181   0.000176932188 
     0.107265982    0.00016770419 
     0.107546783   0.000158842573 
     0.107827584   0.000150423627 
     0.108108385   0.000142447353 
     0.108389186    0.00013491375 
     0.108669987   0.000127882187 
     0.108950788   0.000121107294 
     0.109231589   0.000114684596 
      0.10951239   0.000108614092 
     0.109793191   0.000102955455 
     0.110073992   9.75042687e-05 
     0.110354793   9.23332917e-05 
     0.110635594   8.74425242e-05 
     0.110916395   8.28866275e-05 
     0.111197196   7.85010733e-05 
     0.111477997   7.43384564e-05 
     0.111758798   7.03987767e-05 
     0.112039599   6.67290823e-05 
       0.1123204   6.32012855e-05 
     0.112601201   5.98508595e-05 
     0.112882002   5.66778042e-05 
     0.113162803   5.37206652e-05 
     0.113443604    5.0883211e-05 
     0.113724405   4.81868746e-05 
     0.114005206    4.5631656e-05 
     0.114286007   4.32175552e-05 
     0.114566808   4.09658199e-05 
     0.114847609   3.87961738e-05 
      0.11512841   3.67388027e-05 
     0.115409211   3.47937065e-05 
     0.115690012   3.29813246e-05 
     0.115970813   3.12357264e-05 
     0.116251614   2.95794561e-05 
     0.116532415   2.80125136e-05 
     0.116813216    2.6553107e-05 
     0.117094017   2.51488741e-05 
     0.117374818   2.38157128e-05 
     0.117655619   2.25536231e-05 
      0.11793642   2.13779506e-05 
     0.118217221   2.02484898e-05 
     0.118498022   1.91755767e-05 
     0.118778823   1.81592112e-05 
     0.119059624   1.71993933e-05 
     0.119340425   1.63034227e-05 
     0.119621226   1.54401019e-05 
     0.119902027   1.46217747e-05 
     0.120182828   1.38484408e-05 
     0.120463629   1.31275879e-05 
      0.12074443   1.24330473e-05 
     0.121025231    1.1774309e-05 
     0.121306032   1.11513731e-05 
     0.121586833   1.05711852e-05 
     0.121867634   1.00125503e-05 
     0.122148435   9.48240702e-06 
     0.122429236   8.98075541e-06 
     0.122710037   8.51363072e-06 
     0.122990838   8.06442749e-06 
     0.123271639    7.6379018e-06 
      0.12355244   7.23405363e-06 
     0.123833241   6.85786849e-06 
     0.124114042   6.49678344e-06 
     0.124394843   6.15375304e-06 
     0.124675644    5.8287773e-06 
     0.124956445   5.52185622e-06 
     0.125237246   5.23567259e-06 
     0.125518047   4.95993317e-06 
     0.125798848   4.69857403e-06 
     0.126079649   4.45159518e-06 
      0.12636045    4.2216095e-06 
     0.126641251   4.00011878e-06 
     0.126922052    3.7900895e-06 
     0.127202853   3.59152166e-06 
     0.127483654   3.40676187e-06 
     0.127764455    3.2290302e-06 
     0.128045256   3.06044338e-06 
     0.128326057    2.9010014e-06 
     0.128606858   2.75269389e-06 
     0.128887659   2.61029337e-06 
      0.12916846   2.47520168e-06 
     0.129449261   2.34741881e-06 
     0.129730062   2.22694476e-06 
     0.130010863   2.11472269e-06 
     0.130291664   2.00674905e-06 
     0.130572465   1.90463234e-06 
     0.130853266   1.80837256e-06 
     0.131134067   1.71894369e-06 
     0.131414868     1.632984e-06 
     0.131695669   1.55173719e-06 
      0.13197647   1.47520325e-06 
     0.132257271   1.40429064e-06 
     0.132538072   1.33627538e-06 
     0.132818873   1.27207662e-06 
     0.133099674   1.21169438e-06 
     0.133380475   1.15592792e-06 
     0.133661276   1.10263165e-06 
     0.133942077   1.05245595e-06 
     0.134222878   1.00540084e-06 
     0.134503679   9.62158218e-07 
      0.13478448   9.21048196e-07 
     0.135065281   8.82526195e-07 
     0.135346082   8.46592212e-07 
     0.135626883   8.13246249e-07 
     0.135907684   7.82997819e-07 
     0.136188485   7.54303237e-07 
     0.136469286   7.27796227e-07 
     0.136750087   7.03476788e-07 
     0.137030888   6.84550245e-07 
     0.137311689    6.6448501e-07 
      0.13759249   6.46164577e-07 
     0.137873291   6.29588947e-07 
     0.138154092   6.12427578e-07 
     0.138434893   5.99327794e-07 
     0.138715694   5.87974648e-07 
     0.138996495    5.7836814e-07 
     0.139277296   5.69204536e-07 
     0.139558097   5.62736372e-07 
     0.139838898   5.58116254e-07 
     0.140119699   5.55344183e-07 
       0.1404005    5.5442016e-07 
