       -0.145586   3.56381223e-07 
    -0.145294828   3.57020858e-07 
    -0.145003656   3.58939764e-07 
    -0.144712484   3.62137941e-07 
    -0.144421312   3.66615389e-07 
     -0.14413014   3.72879177e-07 
    -0.143838968   3.79525726e-07 
    -0.143547796   3.87380737e-07 
    -0.143256624   3.96444212e-07 
    -0.142965452   4.08237024e-07 
     -0.14267428   4.19706132e-07 
    -0.142383108   4.32382514e-07 
    -0.142091936   4.46266171e-07 
    -0.141800764   4.59629042e-07 
    -0.141509592   4.76572428e-07 
     -0.14121842   4.95033129e-07 
    -0.140927248   5.15011143e-07 
    -0.140636076   5.36149993e-07 
    -0.140344904   5.59498064e-07 
    -0.140053732   5.84644004e-07 
     -0.13976256   6.11587814e-07 
    -0.139471388   6.39930814e-07 
    -0.139180216   6.70872749e-07 
    -0.138889044   7.03985998e-07 
    -0.138597872   7.39270561e-07 
      -0.1383067   7.76229171e-07 
    -0.138015528   8.16332394e-07 
    -0.137724356   8.59095402e-07 
    -0.137433184   9.04518195e-07 
    -0.137142012   9.51959517e-07 
     -0.13685084   1.00325342e-06 
    -0.136559668   1.05783692e-06 
    -0.136268496   1.11571001e-06 
    -0.135977324   1.17604474e-06 
    -0.135686152   1.24112387e-06 
     -0.13539498   1.31029731e-06 
    -0.135103808   1.38356508e-06 
    -0.134812636   1.45986533e-06 
    -0.134521464   1.54202054e-06 
    -0.134230292   1.62929254e-06 
     -0.13393912   1.72168133e-06 
    -0.133647948   1.81783662e-06 
    -0.133356776   1.92122124e-06 
    -0.133065604   2.03101722e-06 
    -0.132774432   2.14722454e-06 
     -0.13248326   2.26814099e-06 
    -0.132192088   2.39798033e-06 
    -0.131900916   2.53586647e-06 
    -0.131609744   2.68179941e-06 
    -0.131318572   2.83577915e-06 
      -0.1310274   2.99650645e-06 
    -0.130736228   3.16947129e-06 
    -0.130445056   3.35254619e-06 
    -0.130153884   3.54573115e-06 
    -0.129862712   3.74719203e-06 
     -0.12957154   3.96399986e-06 
    -0.129280368   4.19351845e-06 
    -0.128989196    4.4357478e-06 
    -0.128698024   4.68815686e-06 
    -0.128406852    4.9597908e-06 
     -0.12811568   5.24741182e-06 
    -0.127824508   5.55101994e-06 
    -0.127533336   5.86718426e-06 
    -0.127242164   6.20740136e-06 
    -0.126950992   6.56773156e-06 
     -0.12665982   6.94817488e-06 
    -0.126368648   7.34414808e-06 
    -0.126077476   7.77017441e-06 
    -0.125786304   8.22150878e-06 
    -0.125495132   8.69815119e-06 
     -0.12520396   9.19405416e-06 
    -0.124912788    9.7274549e-06 
    -0.124621616   1.02927035e-05 
    -0.124330444   1.08898001e-05 
    -0.124039272   1.15108502e-05 
      -0.1237481   1.21786187e-05 
    -0.123456928   1.28864672e-05 
    -0.123165756   1.36343959e-05 
    -0.122874584   1.44121986e-05 
    -0.122583412   1.52481189e-05 
     -0.12229224   1.61344812e-05 
    -0.122001068   1.70712854e-05 
    -0.121709896   1.80454537e-05 
    -0.121418724   1.90918057e-05 
    -0.121127552   2.02016417e-05 
     -0.12083638   2.13749619e-05 
    -0.120545208   2.25951481e-05 
    -0.120254036   2.39048406e-05 
    -0.119962864   2.52944323e-05 
    -0.119671692   2.67639231e-05 
     -0.11938052   2.82923686e-05 
    -0.119089348   2.99316079e-05 
    -0.118798176   3.16714065e-05 
    -0.118507004   3.35117644e-05 
    -0.118215832   3.54526816e-05 
     -0.11792466   3.74781252e-05 
    -0.117633488   3.96563153e-05 
    -0.117342316   4.19610673e-05 
    -0.117051144   4.43923814e-05 
    -0.116759972   4.69275858e-05 
      -0.1164688   4.96545445e-05 
    -0.116177628   5.25407919e-05 
    -0.115886456   5.55863279e-05 
    -0.115595284   5.87598203e-05 
    -0.115304112    6.2173698e-05 
     -0.11501294   6.57880532e-05 
    -0.114721768    6.9602886e-05 
    -0.114430596   7.35756673e-05 
    -0.114139424   7.78493694e-05 
    -0.113848252   8.23753884e-05 
     -0.11355708   8.71537243e-05 
    -0.113265908   9.21274929e-05 
    -0.112974736   9.74774168e-05 
    -0.112683564   0.000103144901 
    -0.112392392   0.000109129945 
     -0.11210122   0.000115357405 
    -0.111810048   0.000122054371 
    -0.111518876    0.00012915101 
    -0.111227704   0.000136647322 
    -0.110936532    0.00014444511 
     -0.11064536   0.000152828037 
    -0.110354188   0.000161713981 
    -0.110063016   0.000171102943 
    -0.109771844   0.000180867843 
    -0.109480672   0.000191360857 
      -0.1091895   0.000202486955 
    -0.108898328   0.000214246136 
    -0.108607156   0.000226475409 
    -0.108315984   0.000239609251 
    -0.108024812   0.000253539871 
     -0.10773364   0.000268267271 
    -0.107442468   0.000283584161 
    -0.107151296    0.00030002296 
    -0.106860124   0.000317464559 
    -0.106568952   0.000335908958 
     -0.10627778   0.000355094684 
    -0.105986608   0.000375669458 
    -0.105695436    0.00039750632 
    -0.105404264   0.000420605271 
    -0.105113092    0.00044496631 
     -0.10482192   0.000470389718 
    -0.104530748   0.000497728688 
    -0.104239576   0.000526656076 
    -0.103948404   0.000557171881 
    -0.103657232   0.000588993279 
     -0.10336606   0.000623219732 
    -0.103074888   0.000659445305 
    -0.102783716   0.000697669997 
    -0.102492544   0.000737502494 
    -0.102201372   0.000780350372 
      -0.1019102   0.000825714257 
    -0.101619028    0.00087359415 
    -0.101327856   0.000923458383 
    -0.101036684   0.000977097822 
    -0.100745512    0.00103390379 
     -0.10045434     0.0010938763 
    -0.100163168    0.00115630361 
    -0.099871996    0.00122345058 
    -0.099580824    0.00129458279 
    -0.099289652    0.00136970025 
     -0.09899848    0.00144786203 
    -0.098707308     0.0015319155 
    -0.098416136    0.00162098459 
    -0.098124964     0.0017150693 
    -0.097833792    0.00181293916 
     -0.09754262     0.0019181527 
    -0.097251448    0.00202967861 
    -0.096960276    0.00214751689 
    -0.096669104    0.00227007405 
    -0.096377932     0.0024017705 
     -0.09608676    0.00254141129 
    -0.095795588    0.00268899642 
    -0.095504416     0.0028424807 
    -0.095213244    0.00300732066 
    -0.094922072    0.00318215879 
      -0.0946309    0.00336699509 
    -0.094339728     0.0035592267 
    -0.094048556    0.00376554441 
    -0.093757384    0.00398444496 
    -0.093466212    0.00421592834 
     -0.09317504    0.00445670893 
    -0.092883868    0.00471493222 
    -0.092592696    0.00498899099 
    -0.092301524    0.00527888525 
    -0.092010352    0.00558461498 
     -0.09171918    0.00590367637 
    -0.091428008    0.00624678046 
    -0.091136836    0.00660981314 
    -0.090845664     0.0069927744 
    -0.090554492    0.00739211472 
     -0.09026332    0.00782164355 
    -0.089972148    0.00827625147 
    -0.089680976    0.00875593846 
    -0.089389804    0.00925578885 
    -0.089098632    0.00979349069 
     -0.08880746     0.0103627523 
    -0.088516288     0.0109635735 
    -0.088225116     0.0115892702 
    -0.087933944     0.0122623578 
    -0.087642772     0.0129751587 
      -0.0873516      0.013727673 
    -0.087060428     0.0145109454 
    -0.086769256      0.015353465 
    -0.086478084     0.0162459552 
    -0.086186912     0.0171884159 
     -0.08589574     0.0181689995 
    -0.085604568     0.0192235402 
    -0.085313396     0.0203409531 
    -0.085022224     0.0215212382 
    -0.084731052     0.0227488911 
     -0.08443988     0.0240687184 
    -0.084148708     0.0254676421 
    -0.083857536     0.0269456623 
    -0.083566364     0.0284826868 
    -0.083275192     0.0301344024 
     -0.08298402     0.0318856109 
    -0.082692848     0.0337363125 
    -0.082401676     0.0356607029 
    -0.082110504     0.0377275563 
    -0.081819332     0.0399195343 
     -0.08152816     0.0422366371 
    -0.081236988      0.044646005 
    -0.080945816     0.0472320106 
    -0.080654644      0.049975334 
    -0.080363472     0.0528759753 
      -0.0800723     0.0558924328 
    -0.079781128     0.0591274757 
    -0.079489956     0.0625602408 
    -0.079198784     0.0661907284 
    -0.078907612     0.0700189382 
     -0.07861644     0.0740130958 
    -0.078325268     0.0783076261 
    -0.078034096     0.0828505382 
    -0.077742924     0.0876418321 
    -0.077451752     0.0926365146 
     -0.07716058      0.098007605 
    -0.076869408      0.103690508 
    -0.076578236      0.109685223 
    -0.076287064       0.11592955 
    -0.075995892      0.122644536 
     -0.07570472      0.129750608 
    -0.075413548      0.137247767 
    -0.075122376      0.145051656 
    -0.074831204      0.153442602 
    -0.074540032      0.162323457 
     -0.07424886      0.171694223 
    -0.073957688       0.18144233 
    -0.073666516      0.191920591 
    -0.073375344      0.203011533 
    -0.073084172      0.214715157 
       -0.072793      0.226883372 
    -0.072501828       0.23995669 
    -0.072210656      0.253794497 
    -0.071919484      0.268396791 
    -0.071628312      0.283571306 
     -0.07133714      0.299863345 
    -0.071045968      0.317106385 
    -0.070754796      0.335300426 
    -0.070463624      0.354198957 
    -0.070172452      0.374470758 
     -0.06988128      0.395920713 
    -0.069590108      0.418548822 
    -0.069298936      0.442042856 
    -0.069007764      0.467214875 
    -0.068716592      0.493838402 
     -0.06842542      0.521913436 
    -0.068134248      0.551048979 
    -0.067843076      0.582221143 
    -0.067551904      0.615168345 
    -0.067260732      0.649890586 
     -0.06696956      0.685902231 
    -0.066678388      0.724367396 
    -0.066387216      0.764981719 
    -0.066096044        0.8077452 
    -0.065804872       0.85265784 
      -0.0655137      0.899297832 
    -0.065222528      0.949108991 
    -0.064931356       1.00148791 
    -0.064640184       1.05643458 
    -0.064349012       1.11334728 
     -0.06405784       1.17403636 
    -0.063766668       1.23774051 
    -0.063475496        1.3044597 
    -0.063184324       1.37302108 
    -0.062893152        1.4463398 
     -0.06260198       1.52310803 
    -0.062310808       1.60332575 
    -0.062019636       1.68383599 
    -0.061728464       1.77134618 
    -0.061437292       1.86253249 
     -0.06114612       1.95739494 
    -0.060854948       2.05396391 
    -0.060563776       2.15645545 
    -0.060272604       2.26270419 
    -0.059981432       2.37271011 
     -0.05969026       2.48640816 
    -0.059399088       2.60454088 
    -0.059107916       2.72306491 
    -0.058816744       2.85150296 
    -0.058525572        2.9894226 
      -0.0582344       3.12767244 
    -0.057943228       3.27168241 
    -0.057652056       3.41481325 
    -0.057360884       3.56729977 
    -0.057069712        3.7217801 
     -0.05677854        3.8794136 
    -0.056487368       4.04040545 
    -0.056196196       4.20461785 
    -0.055905024       4.37184644 
    -0.055613852       4.54185096 
     -0.05532268       4.71436176 
    -0.055031508       4.88908377 
    -0.054740336        5.0656996 
    -0.054449164       5.24422123 
    -0.054157992        5.4236154 
     -0.05386682       5.60384292 
    -0.053575648       5.78452682 
    -0.053284476       5.96528377 
    -0.052993304       6.14572875 
    -0.052702132       6.32548128 
     -0.05241096       6.50417458 
    -0.052119788       6.68147088 
    -0.051828616       6.85708828 
    -0.051537444       7.03084824 
    -0.051246272       7.20276904 
      -0.0509551       7.37270143 
    -0.050663928       7.54217774 
    -0.050372756       7.69898407 
    -0.050081584       7.85311306 
    -0.049790412       7.99944631 
     -0.04949924       8.14940028 
    -0.049208068       8.30633865 
    -0.048916896       8.44774082 
    -0.048625724       8.58696317 
    -0.048334552       8.71198699 
     -0.04804338       8.82946543 
    -0.047752208       8.93939847 
    -0.047461036       9.00492444 
    -0.047169864        9.1066414 
    -0.046878692       9.20501573 
     -0.04658752       9.30004741 
    -0.046296348         9.409869 
    -0.046005176       9.49552771 
    -0.045714004       9.57593961 
    -0.045422832        9.6511047 
     -0.04513166       9.71944742 
    -0.044840488        9.7840512 
    -0.044549316       9.84374675 
    -0.044258144       9.89853406 
    -0.043966972       9.94939722 
      -0.0436758       9.99479203 
    -0.043384628       10.0358537 
    -0.043093456       10.0725821 
    -0.042802284       10.1046984 
    -0.042511112       10.1331272 
     -0.04221994       10.1578172 
    -0.041928768       10.1787684 
    -0.041637596       10.1959808 
    -0.041346424       10.2093083 
    -0.041055252       10.2199734 
     -0.04076408        10.227508 
    -0.040472908       10.2319124 
    -0.040181736       10.2329152 
    -0.039890564       10.2318976 
    -0.039599392       10.2283314 
     -0.03930822       10.2222169 
    -0.039017048       10.2132254 
    -0.038725876       10.2027317 
    -0.038434704       10.1902194 
    -0.038143532       10.1756886 
     -0.03785236        10.158799 
    -0.037561188       10.1408219 
    -0.037270016       10.1212922 
    -0.036978844       10.1002099 
    -0.036687672       10.0772489 
      -0.0363965       10.0535322 
    -0.036105328       10.0286616 
    -0.035814156       10.0026369 
    -0.035522984       9.97516108 
    -0.035231812       9.94719385 
     -0.03494064        9.9184063 
    -0.034649468       9.88879844 
    -0.034358296       9.85810894 
    -0.034067124       9.82713746 
    -0.033775952       9.79562015 
     -0.03348478       9.76355701 
    -0.033193608       9.73072456 
    -0.032902436       9.69777513 
    -0.032611264       9.66450227 
    -0.032320092       9.63090597 
     -0.03202892       9.59679956 
    -0.031737748       9.56270539 
    -0.031446576       9.52846557 
    -0.031155404       9.49408011 
    -0.030864232       9.45939627 
     -0.03057306       9.42482518 
    -0.030281888        9.3902488 
    -0.029990716       9.35566712 
    -0.029699544       9.32095758 
    -0.029408372       9.28643837 
      -0.0291172       9.25202325 
    -0.028826028       9.21771222 
    -0.028534856       9.18340881 
    -0.028243684       9.14935503 
    -0.027952512       9.11548945 
     -0.02766134       9.08181207 
    -0.027370168       9.04832288 
    -0.027078996       9.01497925 
    -0.026787824       8.98196192 
    -0.026496652       8.94919646 
     -0.02620548       8.91668287 
    -0.025914308       8.88438466 
    -0.025623136       8.85244179 
    -0.025331964        8.8207981 
    -0.025040792       8.78945357 
     -0.02474962       8.75837835 
    -0.024458448       8.72767792 
    -0.024167276       8.69731098 
    -0.023876104       8.66727752 
    -0.023584932       8.63755415 
     -0.02329376        8.6082178 
    -0.023002588         8.579239 
    -0.022711416       8.55061775 
    -0.022420244       8.52233667 
    -0.022129072        8.4944494 
      -0.0218379       8.46693576 
    -0.021546728       8.43979576 
    -0.021255556       8.41301732 
    -0.020964384       8.38663547 
    -0.020673212       8.36063716 
     -0.02038204       8.33502239 
    -0.020090868       8.30978364 
    -0.019799696       8.28494134 
    -0.019508524       8.26048777 
    -0.019217352       8.23642293 
     -0.01892618       8.21274307 
    -0.018635008       8.18945744 
    -0.018343836       8.16656219 
    -0.018052664       8.14405732 
    -0.017761492       8.12194208 
     -0.01747032       8.10021744 
    -0.017179148       8.07888222 
    -0.016887976       8.05793641 
    -0.016596804       8.03738159 
    -0.016305632        8.0172128 
     -0.01601446        7.9974306 
    -0.015723288       7.97803499 
    -0.015432116       7.95902923 
    -0.015140944       7.94040439 
    -0.014849772       7.92216205 
      -0.0145586       7.90430219 
    -0.014267428       7.88682922 
    -0.013976256       7.86973182 
    -0.013685084       7.85301201 
    -0.013393912       7.83666979 
     -0.01310274       7.82070515 
    -0.012811568        7.8051208 
    -0.012520396       7.78990365 
    -0.012229224       7.77505876 
    -0.011938052       7.76058611 
     -0.01164688       7.74648902 
    -0.011355708       7.73275341 
    -0.011064536       7.71938458 
    -0.010773364       7.70638251 
    -0.010482192       7.69375087 
     -0.01019102       7.68147544 
    -0.009899848        7.6695614 
    -0.009608676       7.65800874 
    -0.009317504       7.64682116 
    -0.009026332       7.63598514 
     -0.00873516        7.6255054 
    -0.008443988       7.61538195 
    -0.008152816       7.60561818 
    -0.007861644       7.59620207 
    -0.007570472       7.58713759 
      -0.0072793       7.57842474 
    -0.006988128       7.57006615 
    -0.006696956        7.5620523 
    -0.006405784         7.554386 
    -0.006114612       7.54706724 
     -0.00582344         7.540097 
    -0.005532268       7.53347004 
    -0.005241096       7.52718719 
    -0.004949924       7.52124847 
    -0.004658752       7.51565285 
     -0.00436758       7.51040004 
    -0.004076408       7.50548876 
    -0.003785236       7.50091901 
    -0.003494064       7.49667883 
    -0.003202892       7.49279058 
     -0.00291172       7.48924169 
    -0.002620548       7.48603217 
    -0.002329376        7.4827884 
    -0.002038204       7.48024529 
    -0.001747032       7.47804127 
     -0.00145586       7.47617632 
    -0.001164688       7.47448386 
    -0.000873516       7.47323031 
    -0.000582344       7.47233491 
    -0.000291172       7.47179768 
               0        7.4716186 
     0.000291172       7.47179768 
     0.000582344       7.47233491 
     0.000873516       7.47323031 
     0.001164688       7.47448386 
      0.00145586       7.47617632 
     0.001747032       7.47804127 
     0.002038204       7.48024529 
     0.002329376        7.4827884 
     0.002620548       7.48603217 
      0.00291172       7.48924169 
     0.003202892       7.49279058 
     0.003494064       7.49667883 
     0.003785236       7.50091901 
     0.004076408       7.50548876 
      0.00436758       7.51040004 
     0.004658752       7.51565285 
     0.004949924       7.52124847 
     0.005241096       7.52718719 
     0.005532268       7.53347004 
      0.00582344         7.540097 
     0.006114612       7.54706724 
     0.006405784         7.554386 
     0.006696956        7.5620523 
     0.006988128       7.57006615 
       0.0072793       7.57842474 
     0.007570472       7.58713759 
     0.007861644       7.59620207 
     0.008152816       7.60561818 
     0.008443988       7.61538195 
      0.00873516        7.6255054 
     0.009026332       7.63598514 
     0.009317504       7.64682116 
     0.009608676       7.65800874 
     0.009899848        7.6695614 
      0.01019102       7.68147544 
     0.010482192       7.69375087 
     0.010773364       7.70638251 
     0.011064536       7.71938458 
     0.011355708       7.73275341 
      0.01164688       7.74648902 
     0.011938052       7.76058611 
     0.012229224       7.77505876 
     0.012520396       7.78990365 
     0.012811568        7.8051208 
      0.01310274       7.82070515 
     0.013393912       7.83666979 
     0.013685084       7.85301201 
     0.013976256       7.86973182 
     0.014267428       7.88682922 
       0.0145586       7.90430219 
     0.014849772       7.92216205 
     0.015140944       7.94040439 
     0.015432116       7.95902923 
     0.015723288       7.97803499 
      0.01601446        7.9974306 
     0.016305632        8.0172128 
     0.016596804       8.03738159 
     0.016887976       8.05793641 
     0.017179148       8.07888222 
      0.01747032       8.10021744 
     0.017761492       8.12194208 
     0.018052664       8.14405732 
     0.018343836       8.16656219 
     0.018635008       8.18945744 
      0.01892618       8.21274307 
     0.019217352       8.23642293 
     0.019508524       8.26048777 
     0.019799696       8.28494134 
     0.020090868       8.30978364 
      0.02038204       8.33502239 
     0.020673212       8.36063716 
     0.020964384       8.38663547 
     0.021255556       8.41301732 
     0.021546728       8.43979576 
       0.0218379       8.46693576 
     0.022129072        8.4944494 
     0.022420244       8.52233667 
     0.022711416       8.55061775 
     0.023002588         8.579239 
      0.02329376        8.6082178 
     0.023584932       8.63755415 
     0.023876104       8.66727752 
     0.024167276       8.69731098 
     0.024458448       8.72767792 
      0.02474962       8.75837835 
     0.025040792       8.78945357 
     0.025331964        8.8207981 
     0.025623136       8.85244179 
     0.025914308       8.88438466 
      0.02620548       8.91668287 
     0.026496652       8.94919646 
     0.026787824       8.98196192 
     0.027078996       9.01497925 
     0.027370168       9.04832288 
      0.02766134       9.08181207 
     0.027952512       9.11548945 
     0.028243684       9.14935503 
     0.028534856       9.18340881 
     0.028826028       9.21771222 
       0.0291172       9.25202325 
     0.029408372       9.28643837 
     0.029699544       9.32095758 
     0.029990716       9.35566712 
     0.030281888        9.3902488 
      0.03057306       9.42482518 
     0.030864232       9.45939627 
     0.031155404       9.49408011 
     0.031446576       9.52846557 
     0.031737748       9.56270539 
      0.03202892       9.59679956 
     0.032320092       9.63090597 
     0.032611264       9.66450227 
     0.032902436       9.69777513 
     0.033193608       9.73072456 
      0.03348478       9.76355701 
     0.033775952       9.79562015 
     0.034067124       9.82713746 
     0.034358296       9.85810894 
     0.034649468       9.88879844 
      0.03494064        9.9184063 
     0.035231812       9.94719385 
     0.035522984       9.97516108 
     0.035814156       10.0026369 
     0.036105328       10.0286616 
       0.0363965       10.0535322 
     0.036687672       10.0772489 
     0.036978844       10.1002099 
     0.037270016       10.1212922 
     0.037561188       10.1408219 
      0.03785236        10.158799 
     0.038143532       10.1756886 
     0.038434704       10.1902194 
     0.038725876       10.2027317 
     0.039017048       10.2132254 
      0.03930822       10.2222169 
     0.039599392       10.2283314 
     0.039890564       10.2318976 
     0.040181736       10.2329152 
     0.040472908       10.2319124 
      0.04076408        10.227508 
     0.041055252       10.2199734 
     0.041346424       10.2093083 
     0.041637596       10.1959808 
     0.041928768       10.1787684 
      0.04221994       10.1578172 
     0.042511112       10.1331272 
     0.042802284       10.1046984 
     0.043093456       10.0725821 
     0.043384628       10.0358537 
       0.0436758       9.99479203 
     0.043966972       9.94939722 
     0.044258144       9.89853406 
     0.044549316       9.84374675 
     0.044840488        9.7840512 
      0.04513166       9.71944742 
     0.045422832        9.6511047 
     0.045714004       9.57593961 
     0.046005176       9.49552771 
     0.046296348         9.409869 
      0.04658752       9.30004741 
     0.046878692       9.20501573 
     0.047169864        9.1066414 
     0.047461036       9.00492444 
     0.047752208       8.93939847 
      0.04804338       8.82946543 
     0.048334552       8.71198699 
     0.048625724       8.58696317 
     0.048916896       8.44774082 
     0.049208068       8.30633865 
      0.04949924       8.14940028 
     0.049790412       7.99944631 
     0.050081584       7.85311306 
     0.050372756       7.69898407 
     0.050663928       7.54217774 
       0.0509551       7.37270143 
     0.051246272       7.20276904 
     0.051537444       7.03084824 
     0.051828616       6.85708828 
     0.052119788       6.68147088 
      0.05241096       6.50417458 
     0.052702132       6.32548128 
     0.052993304       6.14572875 
     0.053284476       5.96528377 
     0.053575648       5.78452682 
      0.05386682       5.60384292 
     0.054157992        5.4236154 
     0.054449164       5.24422123 
     0.054740336        5.0656996 
     0.055031508       4.88908377 
      0.05532268       4.71436176 
     0.055613852       4.54185096 
     0.055905024       4.37184644 
     0.056196196       4.20461785 
     0.056487368       4.04040545 
      0.05677854        3.8794136 
     0.057069712        3.7217801 
     0.057360884       3.56729977 
     0.057652056       3.41481325 
     0.057943228       3.27168241 
       0.0582344       3.12767244 
     0.058525572        2.9894226 
     0.058816744       2.85150296 
     0.059107916       2.72306491 
     0.059399088       2.60454088 
      0.05969026       2.48640816 
     0.059981432       2.37271011 
     0.060272604       2.26270419 
     0.060563776       2.15645545 
     0.060854948       2.05396391 
      0.06114612       1.95739494 
     0.061437292       1.86253249 
     0.061728464       1.77134618 
     0.062019636       1.68383599 
     0.062310808       1.60332575 
      0.06260198       1.52310803 
     0.062893152        1.4463398 
     0.063184324       1.37302108 
     0.063475496        1.3044597 
     0.063766668       1.23774051 
      0.06405784       1.17403636 
     0.064349012       1.11334728 
     0.064640184       1.05643458 
     0.064931356       1.00148791 
     0.065222528      0.949108991 
       0.0655137      0.899297832 
     0.065804872       0.85265784 
     0.066096044        0.8077452 
     0.066387216      0.764981719 
     0.066678388      0.724367396 
      0.06696956      0.685902231 
     0.067260732      0.649890586 
     0.067551904      0.615168345 
     0.067843076      0.582221143 
     0.068134248      0.551048979 
      0.06842542      0.521913436 
     0.068716592      0.493838402 
     0.069007764      0.467214875 
     0.069298936      0.442042856 
     0.069590108      0.418548822 
      0.06988128      0.395920713 
     0.070172452      0.374470758 
     0.070463624      0.354198957 
     0.070754796      0.335300426 
     0.071045968      0.317106385 
      0.07133714      0.299863345 
     0.071628312      0.283571306 
     0.071919484      0.268396791 
     0.072210656      0.253794497 
     0.072501828       0.23995669 
        0.072793      0.226883372 
     0.073084172      0.214715157 
     0.073375344      0.203011533 
     0.073666516      0.191920591 
     0.073957688       0.18144233 
      0.07424886      0.171694223 
     0.074540032      0.162323457 
     0.074831204      0.153442602 
     0.075122376      0.145051656 
     0.075413548      0.137247767 
      0.07570472      0.129750608 
     0.075995892      0.122644536 
     0.076287064       0.11592955 
     0.076578236      0.109685223 
     0.076869408      0.103690508 
      0.07716058      0.098007605 
     0.077451752     0.0926365146 
     0.077742924     0.0876418321 
     0.078034096     0.0828505382 
     0.078325268     0.0783076261 
      0.07861644     0.0740130958 
     0.078907612     0.0700189382 
     0.079198784     0.0661907284 
     0.079489956     0.0625602408 
     0.079781128     0.0591274757 
       0.0800723     0.0558924328 
     0.080363472     0.0528759753 
     0.080654644      0.049975334 
     0.080945816     0.0472320106 
     0.081236988      0.044646005 
      0.08152816     0.0422366371 
     0.081819332     0.0399195343 
     0.082110504     0.0377275563 
     0.082401676     0.0356607029 
     0.082692848     0.0337363125 
      0.08298402     0.0318856109 
     0.083275192     0.0301344024 
     0.083566364     0.0284826868 
     0.083857536     0.0269456623 
     0.084148708     0.0254676421 
      0.08443988     0.0240687184 
     0.084731052     0.0227488911 
     0.085022224     0.0215212382 
     0.085313396     0.0203409531 
     0.085604568     0.0192235402 
      0.08589574     0.0181689995 
     0.086186912     0.0171884159 
     0.086478084     0.0162459552 
     0.086769256      0.015353465 
     0.087060428     0.0145109454 
       0.0873516      0.013727673 
     0.087642772     0.0129751587 
     0.087933944     0.0122623578 
     0.088225116     0.0115892702 
     0.088516288     0.0109635735 
      0.08880746     0.0103627523 
     0.089098632    0.00979349069 
     0.089389804    0.00925578885 
     0.089680976    0.00875593846 
     0.089972148    0.00827625147 
      0.09026332    0.00782164355 
     0.090554492    0.00739211472 
     0.090845664     0.0069927744 
     0.091136836    0.00660981314 
     0.091428008    0.00624678046 
      0.09171918    0.00590367637 
     0.092010352    0.00558461498 
     0.092301524    0.00527888525 
     0.092592696    0.00498899099 
     0.092883868    0.00471493222 
      0.09317504    0.00445670893 
     0.093466212    0.00421592834 
     0.093757384    0.00398444496 
     0.094048556    0.00376554441 
     0.094339728     0.0035592267 
       0.0946309    0.00336699509 
     0.094922072    0.00318215879 
     0.095213244    0.00300732066 
     0.095504416     0.0028424807 
     0.095795588    0.00268899642 
      0.09608676    0.00254141129 
     0.096377932     0.0024017705 
     0.096669104    0.00227007405 
     0.096960276    0.00214751689 
     0.097251448    0.00202967861 
      0.09754262     0.0019181527 
     0.097833792    0.00181293916 
     0.098124964     0.0017150693 
     0.098416136    0.00162098459 
     0.098707308     0.0015319155 
      0.09899848    0.00144786203 
     0.099289652    0.00136970025 
     0.099580824    0.00129458279 
     0.099871996    0.00122345058 
     0.100163168    0.00115630361 
      0.10045434     0.0010938763 
     0.100745512    0.00103390379 
     0.101036684   0.000977097822 
     0.101327856   0.000923458383 
     0.101619028    0.00087359415 
       0.1019102   0.000825714257 
     0.102201372   0.000780350372 
     0.102492544   0.000737502494 
     0.102783716   0.000697669997 
     0.103074888   0.000659445305 
      0.10336606   0.000623219732 
     0.103657232   0.000588993279 
     0.103948404   0.000557171881 
     0.104239576   0.000526656076 
     0.104530748   0.000497728688 
      0.10482192   0.000470389718 
     0.105113092    0.00044496631 
     0.105404264   0.000420605271 
     0.105695436    0.00039750632 
     0.105986608   0.000375669458 
      0.10627778   0.000355094684 
     0.106568952   0.000335908958 
     0.106860124   0.000317464559 
     0.107151296    0.00030002296 
     0.107442468   0.000283584161 
      0.10773364   0.000268267271 
     0.108024812   0.000253539871 
     0.108315984   0.000239609251 
     0.108607156   0.000226475409 
     0.108898328   0.000214246136 
       0.1091895   0.000202486955 
     0.109480672   0.000191360857 
     0.109771844   0.000180867843 
     0.110063016   0.000171102943 
     0.110354188   0.000161713981 
      0.11064536   0.000152828037 
     0.110936532    0.00014444511 
     0.111227704   0.000136647322 
     0.111518876    0.00012915101 
     0.111810048   0.000122054371 
      0.11210122   0.000115357405 
     0.112392392   0.000109129945 
     0.112683564   0.000103144901 
     0.112974736   9.74774168e-05 
     0.113265908   9.21274929e-05 
      0.11355708   8.71537243e-05 
     0.113848252   8.23753884e-05 
     0.114139424   7.78493694e-05 
     0.114430596   7.35756673e-05 
     0.114721768    6.9602886e-05 
      0.11501294   6.57880532e-05 
     0.115304112    6.2173698e-05 
     0.115595284   5.87598203e-05 
     0.115886456   5.55863279e-05 
     0.116177628   5.25407919e-05 
       0.1164688   4.96545445e-05 
     0.116759972   4.69275858e-05 
     0.117051144   4.43923814e-05 
     0.117342316   4.19610673e-05 
     0.117633488   3.96563153e-05 
      0.11792466   3.74781252e-05 
     0.118215832   3.54526816e-05 
     0.118507004   3.35117644e-05 
     0.118798176   3.16714065e-05 
     0.119089348   2.99316079e-05 
      0.11938052   2.82923686e-05 
     0.119671692   2.67639231e-05 
     0.119962864   2.52944323e-05 
     0.120254036   2.39048406e-05 
     0.120545208   2.25951481e-05 
      0.12083638   2.13749619e-05 
     0.121127552   2.02016417e-05 
     0.121418724   1.90918057e-05 
     0.121709896   1.80454537e-05 
     0.122001068   1.70712854e-05 
      0.12229224   1.61344812e-05 
     0.122583412   1.52481189e-05 
     0.122874584   1.44121986e-05 
     0.123165756   1.36343959e-05 
     0.123456928   1.28864672e-05 
       0.1237481   1.21786187e-05 
     0.124039272   1.15108502e-05 
     0.124330444   1.08898001e-05 
     0.124621616   1.02927035e-05 
     0.124912788    9.7274549e-06 
      0.12520396   9.19405416e-06 
     0.125495132   8.69815119e-06 
     0.125786304   8.22150878e-06 
     0.126077476   7.77017441e-06 
     0.126368648   7.34414808e-06 
      0.12665982   6.94817488e-06 
     0.126950992   6.56773156e-06 
     0.127242164   6.20740136e-06 
     0.127533336   5.86718426e-06 
     0.127824508   5.55101994e-06 
      0.12811568   5.24741182e-06 
     0.128406852    4.9597908e-06 
     0.128698024   4.68815686e-06 
     0.128989196    4.4357478e-06 
     0.129280368   4.19351845e-06 
      0.12957154   3.96399986e-06 
     0.129862712   3.74719203e-06 
     0.130153884   3.54573115e-06 
     0.130445056   3.35254619e-06 
     0.130736228   3.16947129e-06 
       0.1310274   2.99650645e-06 
     0.131318572   2.83577915e-06 
     0.131609744   2.68179941e-06 
     0.131900916   2.53586647e-06 
     0.132192088   2.39798033e-06 
      0.13248326   2.26814099e-06 
     0.132774432   2.14722454e-06 
     0.133065604   2.03101722e-06 
     0.133356776   1.92122124e-06 
     0.133647948   1.81783662e-06 
      0.13393912   1.72168133e-06 
     0.134230292   1.62929254e-06 
     0.134521464   1.54202054e-06 
     0.134812636   1.45986533e-06 
     0.135103808   1.38356508e-06 
      0.13539498   1.31029731e-06 
     0.135686152   1.24112387e-06 
     0.135977324   1.17604474e-06 
     0.136268496   1.11571001e-06 
     0.136559668   1.05783692e-06 
      0.13685084   1.00325342e-06 
     0.137142012   9.51959517e-07 
     0.137433184   9.04518195e-07 
     0.137724356   8.59095402e-07 
     0.138015528   8.16332394e-07 
       0.1383067   7.76229171e-07 
     0.138597872   7.39270561e-07 
     0.138889044   7.03985998e-07 
     0.139180216   6.70872749e-07 
     0.139471388   6.39930814e-07 
      0.13976256   6.11587814e-07 
     0.140053732   5.84644004e-07 
     0.140344904   5.59498064e-07 
     0.140636076   5.36149993e-07 
     0.140927248   5.15011143e-07 
      0.14121842   4.95033129e-07 
     0.141509592   4.76572428e-07 
     0.141800764   4.59629042e-07 
     0.142091936   4.46266171e-07 
     0.142383108   4.32382514e-07 
      0.14267428   4.19706132e-07 
     0.142965452   4.08237024e-07 
     0.143256624   3.96444212e-07 
     0.143547796   3.87380737e-07 
     0.143838968   3.79525726e-07 
      0.14413014   3.72879177e-07 
     0.144421312   3.66615389e-07 
     0.144712484   3.62137941e-07 
     0.145003656   3.58939764e-07 
     0.145294828   3.57020858e-07 
        0.145586   3.56381223e-07 
