       -0.140457   5.51665934e-07 
    -0.140176086   5.52586163e-07 
    -0.139895172    5.5534685e-07 
    -0.139614258   5.59947994e-07 
    -0.139333344   5.66389596e-07 
     -0.13905243   5.75515278e-07 
    -0.138771516   5.85082146e-07 
    -0.138490602   5.96388445e-07 
    -0.138209688   6.09434175e-07 
    -0.137928774   6.26524897e-07 
     -0.13764786   6.43032173e-07 
    -0.137366946   6.61277057e-07 
    -0.137086032   6.81259548e-07 
    -0.136805118   7.00109177e-07 
    -0.136524204   7.24329608e-07 
     -0.13624329   7.50728795e-07 
    -0.135962376   7.79306739e-07 
    -0.135681462   8.09432363e-07 
    -0.135400548   8.42644249e-07 
    -0.135119634   8.78433883e-07 
     -0.13483872   9.16801265e-07 
    -0.134557806   9.57746395e-07 
    -0.134276892   1.00081738e-06 
    -0.133995978   1.04768628e-06 
    -0.133715064   1.09766357e-06 
     -0.13343415   1.15074925e-06 
    -0.133153236   1.20629742e-06 
    -0.132872322   1.26644479e-06 
    -0.132591408     1.330394e-06 
    -0.132310494   1.39814505e-06 
     -0.13202958   1.46878423e-06 
    -0.131748666   1.54502617e-06 
    -0.131467752   1.62596316e-06 
    -0.131186838    1.7115952e-06 
    -0.130905924   1.80068461e-06 
     -0.13062501   1.89658486e-06 
    -0.130344096   1.99832023e-06 
    -0.130063182   2.10589071e-06 
    -0.129782268    2.2176936e-06 
    -0.129501354   2.33772792e-06 
     -0.12922044   2.46504426e-06 
    -0.128939526   2.59964261e-06 
    -0.128658612   2.74152299e-06 
    -0.128377698   2.88929937e-06 
    -0.128096784    3.0481731e-06 
     -0.12781587   3.21615865e-06 
    -0.127534956   3.39325601e-06 
    -0.127254042   3.57736673e-06 
    -0.126973128   3.77524474e-06 
    -0.126692214   3.98454344e-06 
      -0.1264113    4.2052628e-06 
    -0.126130386   4.43445577e-06 
    -0.125849472   4.68059947e-06 
    -0.125568558   4.94107309e-06 
    -0.125287644   5.21587661e-06 
     -0.12500673   5.50109209e-06 
    -0.124725816   5.80700439e-06 
    -0.124444902   6.13090907e-06 
    -0.124163988   6.47280614e-06 
    -0.123883074    6.8326956e-06 
     -0.12360216   7.20767734e-06 
    -0.123321246    7.6102325e-06 
    -0.123040332   8.03538817e-06 
    -0.122759418   8.48314436e-06 
    -0.122478504   8.94880643e-06 
     -0.12219759   9.44889989e-06 
    -0.121916676   9.97738976e-06 
    -0.121635762    1.0534276e-05 
    -0.121354848   1.11126847e-05 
    -0.121073934   1.17337463e-05 
     -0.12079302   1.23904924e-05 
    -0.120512106   1.30829231e-05 
    -0.120231192   1.38016094e-05 
    -0.119950278   1.45726925e-05 
    -0.119669364   1.53886235e-05 
     -0.11938845   1.62494022e-05 
    -0.119107536   1.71427311e-05 
    -0.118826622   1.80998515e-05 
    -0.118545708   1.91133394e-05 
    -0.118264794   2.01831947e-05 
     -0.11798388   2.13094176e-05 
    -0.117702966   2.24818759e-05 
    -0.117422052   2.37405164e-05 
    -0.117141138   2.50700057e-05 
    -0.116860224   2.64703439e-05 
     -0.11657931   2.79258493e-05 
    -0.116298396   2.94886654e-05 
    -0.116017482    3.1140534e-05 
    -0.115736568   3.28814552e-05 
    -0.115455654   3.46890953e-05 
     -0.11517474   3.66292652e-05 
    -0.114893826     3.868137e-05 
    -0.114612912   4.08454096e-05 
    -0.114331998    4.3091372e-05 
    -0.114051084   4.54996051e-05 
     -0.11377017   4.80485359e-05 
    -0.113489256   5.07381644e-05 
    -0.113208342   5.35300328e-05 
    -0.112927428   5.65187458e-05 
    -0.112646514   5.96843108e-05 
      -0.1123656   6.30267277e-05 
    -0.112084686   6.65459966e-05 
    -0.111803772   7.02073564e-05 
    -0.111522858   7.41381356e-05 
    -0.111241944   7.82912114e-05 
     -0.11096103    8.2666584e-05 
    -0.110680116   8.72123723e-05 
    -0.110399202   9.20925925e-05 
    -0.110118288   9.72522316e-05 
    -0.109837374    0.00010269129 
     -0.10955646   0.000108337643 
    -0.109275546   0.000114395687 
    -0.108994632   0.000120804949 
    -0.108713718   0.000127565431 
    -0.108432804   0.000134582036 
     -0.10815189   0.000142100968 
    -0.107870976   0.000150061368 
    -0.107590062   0.000158463238 
    -0.107309148   0.000167306576 
    -0.107028234    0.00017651739 
     -0.10674732   0.000186402889 
    -0.106466406   0.000196843297 
    -0.106185492   0.000207838612 
    -0.105904578   0.000219271285 
    -0.105623664   0.000231545612 
     -0.10534275   0.000244517434 
    -0.105061836   0.000258186751 
    -0.104780922   0.000272383388 
    -0.104500008   0.000287621481 
    -0.104219094   0.000303736294 
     -0.10393818   0.000320727829 
    -0.103657266   0.000338364588 
    -0.103376352   0.000357279131 
    -0.103095438   0.000377295671 
    -0.102814524   0.000398414206 
     -0.10253361   0.000420334956 
    -0.102252696   0.000443809205 
    -0.101971782   0.000468668608 
    -0.101690868   0.000494913165 
    -0.101409954   0.000522542875 
     -0.10112904   0.000551300105 
    -0.100848126   0.000582169554 
    -0.100567212   0.000614780069 
    -0.100286298   0.000649131649 
    -0.100005384   0.000684831577 
     -0.09972447   0.000723158325 
    -0.099443556   0.000763673497 
    -0.099162642   0.000806377094 
    -0.098881728   0.000850715323 
    -0.098600814   0.000898293561 
      -0.0983199   0.000948622522 
    -0.098038986    0.00100170221 
    -0.097758072     0.0010567941 
    -0.097477158    0.00111584769 
    -0.097196244    0.00117835877 
     -0.09691533    0.00124432734 
    -0.096634416    0.00131375341 
    -0.096353502    0.00138609833 
    -0.096072588    0.00146372898 
    -0.095791674    0.00154570549 
     -0.09551076    0.00163202784 
    -0.095229846    0.00172181475 
    -0.094948932    0.00181820767 
    -0.094668018    0.00192006302 
    -0.094387104    0.00202738079 
     -0.09410619    0.00213886245 
    -0.093825276    0.00225853399 
    -0.093544362    0.00238507139 
    -0.093263448    0.00251847465 
    -0.092982534    0.00265695453 
     -0.09270162    0.00280550316 
    -0.092420706    0.00296268162 
    -0.092139792    0.00312848989 
    -0.091858878    0.00330058567 
    -0.091577964    0.00348494985 
     -0.09129705    0.00368016091 
    -0.091016136    0.00388621884 
    -0.090735222    0.00410312365 
    -0.090454308    0.00432896997 
    -0.090173394    0.00457138036 
     -0.08989248    0.00482742412 
    -0.089611566    0.00509710124 
    -0.089330652     0.0053774389 
    -0.089049738    0.00567841459 
    -0.088768824    0.00599652572 
     -0.08848791    0.00633177228 
    -0.088206996    0.00667989782 
    -0.087926082    0.00705352864 
    -0.087645168    0.00744869613 
    -0.087364254    0.00786540029 
     -0.08708334    0.00829789725 
    -0.086802426    0.00876164568 
    -0.086521512    0.00925246176 
    -0.086240598     0.0097703455 
    -0.085959684     0.0103079084 
     -0.08567877     0.0108834116 
    -0.085397856     0.0114929327 
    -0.085116942     0.0121364717 
    -0.084836028     0.0128140286 
    -0.084555114     0.0135189998 
      -0.0842742     0.0142758114 
    -0.083993286     0.0150753737 
    -0.083712372     0.0159176867 
    -0.083431458      0.016792834 
    -0.083150544     0.0177323667 
     -0.08286963     0.0187256212 
    -0.082588716     0.0197725975 
    -0.082307802     0.0208594481 
    -0.082026888     0.0220256029 
    -0.081745974     0.0232592602 
     -0.08146506     0.0245604201 
    -0.081184146     0.0259107523 
    -0.080903232     0.0273579064 
    -0.080622318     0.0288898688 
    -0.080341404     0.0305066393 
     -0.08006049      0.032208218 
    -0.079779576     0.0339805157 
    -0.079498662      0.035882528 
    -0.079217748     0.0378910734 
    -0.078936834      0.040006152 
     -0.07865592     0.0422052361 
    -0.078375006     0.0445661505 
    -0.078094092     0.0470608587 
    -0.077813178     0.0496893608 
    -0.077532264     0.0524189093 
     -0.07725135     0.0553486966 
    -0.076970436     0.0584464639 
    -0.076689522     0.0617122113 
    -0.076408608     0.0651012476 
    -0.076127694      0.068735913 
     -0.07584678     0.0725813944 
    -0.075565866     0.0766376915 
    -0.075284952     0.0808467495 
    -0.075004038     0.0853543369 
    -0.074723124     0.0901263539 
     -0.07444221     0.0951628003 
    -0.074161296      0.100463676 
    -0.073880382      0.105979418 
    -0.073599468      0.111898739 
    -0.073318554      0.118149491 
     -0.07303764      0.124731673 
    -0.072756726      0.131569697 
    -0.072475812       0.13890842 
    -0.072194898      0.146662131 
    -0.071913984      0.154830828 
     -0.07163307      0.163308013 
    -0.071352156      0.172400766 
    -0.071071242      0.182012417 
    -0.070790328      0.192142967 
    -0.070509414      0.202650624 
      -0.0702285      0.213907777 
    -0.069947586      0.225812554 
    -0.069666672      0.238364955 
    -0.069385758      0.251564979 
    -0.069104844        0.2653078 
     -0.06882393      0.280037014 
    -0.068543016      0.295572487 
    -0.068262102      0.311914218 
    -0.067981188       0.32889355 
    -0.067700274      0.347092367 
     -0.06741936      0.366291543 
    -0.067138446      0.386491078 
    -0.066857532      0.407446714 
    -0.066576618      0.429892958 
    -0.066295704      0.453574752 
     -0.06601479      0.478492098 
    -0.065733876      0.504314846 
    -0.065452962      0.531937434 
    -0.065172048      0.561076763 
    -0.064891134      0.591732833 
     -0.06461022      0.623482109 
    -0.064329306      0.657376499 
    -0.064048392      0.693117639 
    -0.063767478       0.73070553 
    -0.063486564       0.77014017 
     -0.06320565      0.811054714 
    -0.062924736      0.854715188 
    -0.062643822      0.900599761 
    -0.062362908      0.948708432 
    -0.062081994      0.998498648 
     -0.06180108       1.05155612 
    -0.061520166       1.10725347 
    -0.061239252       1.16559071 
    -0.060958338       1.22581184 
    -0.060677424       1.28986462 
     -0.06039651       1.35699197 
    -0.060115596       1.42719387 
    -0.059834682       1.49910667 
    -0.059553768       1.57579864 
    -0.059272854       1.65597341 
     -0.05899194         1.739631 
    -0.058711026       1.82337925 
    -0.058430112       1.91423902 
    -0.058149198       2.00877067 
    -0.057868284       2.10697421 
     -0.05758737       2.20884963 
    -0.057306456       2.31195256 
    -0.057025542       2.42144526 
    -0.056744628        2.5346656 
    -0.056463714       2.65161358 
      -0.0561828       2.77264157 
    -0.055901886       2.89738707 
    -0.055620972       3.02173505 
    -0.055340058       3.15654901 
    -0.055059144       3.30100843 
     -0.05477823       3.44526738 
    -0.054497316       3.59533261 
    -0.054216402       3.74380228 
    -0.053935488       3.90150588 
    -0.053654574       4.06086817 
     -0.05337366       4.22302059 
    -0.053092746        4.3882715 
    -0.052811832       4.55634423 
    -0.052530918       4.72704184 
    -0.052250004       4.90012729 
     -0.05196909       5.07533342 
    -0.051688176       5.25236943 
    -0.051407262        5.4309248 
    -0.051126348       5.61067268 
    -0.050845434       5.79127307 
     -0.05056452       5.97237602 
    -0.050283606       6.15362513 
    -0.050002692       6.33466169 
    -0.049721778        6.5151301 
    -0.049440864       6.69468577 
     -0.04915995       6.87300797 
    -0.048879036       7.04982131 
    -0.048598122       7.22492934 
    -0.048317208       7.39827043 
    -0.048036294       7.56952438 
     -0.04775538       7.74113964 
    -0.047474466       7.90322575 
    -0.047193552       8.06072949 
    -0.046912638       8.21352305 
    -0.046631724       8.36006148 
     -0.04635081       8.51016306 
    -0.046069896       8.66699116 
    -0.045788982       8.80693205 
    -0.045508068       8.94497407 
    -0.045227154       9.06917098 
     -0.04494624       9.18610301 
    -0.044665326       9.29577015 
    -0.044384412       9.35914077 
    -0.044103498       9.46091368 
    -0.043822584       9.55946742 
     -0.04354167       9.65480199 
    -0.043260756        9.7664546 
    -0.042979842       9.85312113 
    -0.042698928       9.93473759 
    -0.042418014        10.011304 
      -0.0421371       10.0828203 
    -0.041856186       10.1474634 
    -0.041575272       10.2090151 
    -0.041294358        10.265859 
    -0.041013444       10.3179952 
     -0.04073253       10.3665142 
    -0.040451616       10.4098796 
    -0.040170702       10.4491078 
    -0.039889788       10.4841987 
    -0.039608874       10.5148387 
     -0.03932796        10.542132 
    -0.039047046       10.5658746 
    -0.038766132       10.5860665 
    -0.038485218       10.6027078 
    -0.038204304       10.6155835 
     -0.03792339       10.6260354 
    -0.037642476       10.6335332 
    -0.037361562       10.6380768 
    -0.037080648       10.6392375 
    -0.036799734       10.6385792 
     -0.03651882       10.6355338 
    -0.036237906       10.6301013 
    -0.035956992       10.6217655 
    -0.035676078       10.6120531 
    -0.035395164       10.6004667 
     -0.03511425       10.5870064 
    -0.034833336       10.5711618 
    -0.034552422       10.5542592 
    -0.034271508       10.5359311 
    -0.033990594       10.5161775 
     -0.03370968       10.4949984 
    -0.033428766       10.4720982 
    -0.033147852       10.4486016 
    -0.032866938       10.4240608 
    -0.032586024       10.3984758 
     -0.03230511       10.3715272 
    -0.032024196       10.3442082 
    -0.031743282       10.3161621 
    -0.031462368        10.287389 
    -0.031181454       10.2575892 
     -0.03090054       10.2275787 
    -0.030619626       10.1971003 
    -0.030338712       10.1661539 
    -0.030057798       10.1344843 
    -0.029776884       10.1027181 
     -0.02949597       10.0706926 
    -0.029215056       10.0384078 
    -0.028934142       10.0058637 
    -0.028653228       9.97290484 
    -0.028372314       9.94005338 
      -0.0280914        9.9071083 
    -0.027810486        9.8740696 
    -0.027529572        9.8407905 
    -0.027248658        9.8076937 
    -0.026967744       9.77463315 
     -0.02668683       9.74160886 
    -0.026405916       9.70849572 
    -0.026125002       9.67561571 
    -0.025844088       9.64287245 
    -0.025563174       9.61026595 
     -0.02528226        9.5777962 
    -0.025001346       9.54539814 
    -0.024720432       9.51331192 
    -0.024439518       9.48143915 
    -0.024158604       9.44977984 
     -0.02387769       9.41827119 
    -0.023596776       9.38710534 
    -0.023315862       9.35621056 
    -0.023034948       9.32558685 
    -0.022754034       9.29518085 
     -0.02247312       9.26513648 
    -0.022192206       9.23540564 
    -0.021911292       9.20598832 
    -0.021630378       9.17684326 
    -0.021349464       9.14807125 
     -0.02106855       9.11964327 
    -0.020787636       9.09155932 
    -0.020506722        9.0638194 
    -0.020225808       9.03640111 
    -0.019944894       9.00937729 
     -0.01966398        8.9827187 
    -0.019383066       8.95642533 
    -0.019102152       8.93047898 
    -0.018821238       8.90493076 
    -0.018540324       8.87976177 
     -0.01825941       8.85497201 
    -0.017978496       8.83054864 
    -0.017697582       8.80652399 
    -0.017416668       8.78288708 
    -0.017135754        8.7596379 
     -0.01685484       8.73677647 
    -0.016573926       8.71429739 
    -0.016293012       8.69221814 
    -0.016012098       8.67053101 
    -0.015731184         8.649236 
     -0.01545027          8.62833 
    -0.015169356       8.60782108 
    -0.014888442       8.58770561 
    -0.014607528        8.5679836 
    -0.014326614       8.54865448 
      -0.0140457       8.52971886 
    -0.013764786       8.51117584 
    -0.013483872       8.49302544 
    -0.013202958       8.47526919 
    -0.012922044       8.45790276 
     -0.01264113       8.44092659 
    -0.012360216       8.42434069 
    -0.012079302       8.40814507 
    -0.011798388       8.39234159 
    -0.011517474       8.37692223 
     -0.01123656       8.36188985 
    -0.010955646       8.34724443 
    -0.010674732       8.33298913 
    -0.010393818       8.31911371 
    -0.010112904       8.30562144 
     -0.00983199       8.29251231 
    -0.009551076       8.27979011 
    -0.009270162       8.26744423 
    -0.008989248       8.25547749 
    -0.008708334       8.24388989 
     -0.00842742       8.23268144 
    -0.008146506       8.22185385 
    -0.007865592       8.21139787 
    -0.007584678       8.20131714 
    -0.007303764       8.19161164 
     -0.00702285       8.18228322 
    -0.006741936       8.17332387 
    -0.006461022       8.16473619 
    -0.006180108       8.15652018 
    -0.005899194       8.14867635 
     -0.00561828       8.14120079 
    -0.005337366       8.13409381 
    -0.005056452       8.12735543 
    -0.004775538       8.12098405 
    -0.004494624       8.11498122 
     -0.00421371       8.10934463 
    -0.003932796       8.10407427 
    -0.003651882       8.09917015 
    -0.003370968       8.09461696 
    -0.003090054       8.09044263 
     -0.00280914       8.08663246 
    -0.002528226       8.08318646 
    -0.002247312       8.07965029 
    -0.001966398       8.07691824 
    -0.001685484       8.07455046 
     -0.00140457       8.07254695 
    -0.001123656       8.07069286 
    -0.000842742       8.06934437 
    -0.000561828       8.06838116 
    -0.000280914       8.06780324 
               0        8.0676106 
     0.000280914       8.06780324 
     0.000561828       8.06838116 
     0.000842742       8.06934437 
     0.001123656       8.07069286 
      0.00140457       8.07254695 
     0.001685484       8.07455046 
     0.001966398       8.07691824 
     0.002247312       8.07965029 
     0.002528226       8.08318646 
      0.00280914       8.08663246 
     0.003090054       8.09044263 
     0.003370968       8.09461696 
     0.003651882       8.09917015 
     0.003932796       8.10407427 
      0.00421371       8.10934463 
     0.004494624       8.11498122 
     0.004775538       8.12098405 
     0.005056452       8.12735543 
     0.005337366       8.13409381 
      0.00561828       8.14120079 
     0.005899194       8.14867635 
     0.006180108       8.15652018 
     0.006461022       8.16473619 
     0.006741936       8.17332387 
      0.00702285       8.18228322 
     0.007303764       8.19161164 
     0.007584678       8.20131714 
     0.007865592       8.21139787 
     0.008146506       8.22185385 
      0.00842742       8.23268144 
     0.008708334       8.24388989 
     0.008989248       8.25547749 
     0.009270162       8.26744423 
     0.009551076       8.27979011 
      0.00983199       8.29251231 
     0.010112904       8.30562144 
     0.010393818       8.31911371 
     0.010674732       8.33298913 
     0.010955646       8.34724443 
      0.01123656       8.36188985 
     0.011517474       8.37692223 
     0.011798388       8.39234159 
     0.012079302       8.40814507 
     0.012360216       8.42434069 
      0.01264113       8.44092659 
     0.012922044       8.45790276 
     0.013202958       8.47526919 
     0.013483872       8.49302544 
     0.013764786       8.51117584 
       0.0140457       8.52971886 
     0.014326614       8.54865448 
     0.014607528        8.5679836 
     0.014888442       8.58770561 
     0.015169356       8.60782108 
      0.01545027          8.62833 
     0.015731184         8.649236 
     0.016012098       8.67053101 
     0.016293012       8.69221814 
     0.016573926       8.71429739 
      0.01685484       8.73677647 
     0.017135754        8.7596379 
     0.017416668       8.78288708 
     0.017697582       8.80652399 
     0.017978496       8.83054864 
      0.01825941       8.85497201 
     0.018540324       8.87976177 
     0.018821238       8.90493076 
     0.019102152       8.93047898 
     0.019383066       8.95642533 
      0.01966398        8.9827187 
     0.019944894       9.00937729 
     0.020225808       9.03640111 
     0.020506722        9.0638194 
     0.020787636       9.09155932 
      0.02106855       9.11964327 
     0.021349464       9.14807125 
     0.021630378       9.17684326 
     0.021911292       9.20598832 
     0.022192206       9.23540564 
      0.02247312       9.26513648 
     0.022754034       9.29518085 
     0.023034948       9.32558685 
     0.023315862       9.35621056 
     0.023596776       9.38710534 
      0.02387769       9.41827119 
     0.024158604       9.44977984 
     0.024439518       9.48143915 
     0.024720432       9.51331192 
     0.025001346       9.54539814 
      0.02528226        9.5777962 
     0.025563174       9.61026595 
     0.025844088       9.64287245 
     0.026125002       9.67561571 
     0.026405916       9.70849572 
      0.02668683       9.74160886 
     0.026967744       9.77463315 
     0.027248658        9.8076937 
     0.027529572        9.8407905 
     0.027810486        9.8740696 
       0.0280914        9.9071083 
     0.028372314       9.94005338 
     0.028653228       9.97290484 
     0.028934142       10.0058637 
     0.029215056       10.0384078 
      0.02949597       10.0706926 
     0.029776884       10.1027181 
     0.030057798       10.1344843 
     0.030338712       10.1661539 
     0.030619626       10.1971003 
      0.03090054       10.2275787 
     0.031181454       10.2575892 
     0.031462368        10.287389 
     0.031743282       10.3161621 
     0.032024196       10.3442082 
      0.03230511       10.3715272 
     0.032586024       10.3984758 
     0.032866938       10.4240608 
     0.033147852       10.4486016 
     0.033428766       10.4720982 
      0.03370968       10.4949984 
     0.033990594       10.5161775 
     0.034271508       10.5359311 
     0.034552422       10.5542592 
     0.034833336       10.5711618 
      0.03511425       10.5870064 
     0.035395164       10.6004667 
     0.035676078       10.6120531 
     0.035956992       10.6217655 
     0.036237906       10.6301013 
      0.03651882       10.6355338 
     0.036799734       10.6385792 
     0.037080648       10.6392375 
     0.037361562       10.6380768 
     0.037642476       10.6335332 
      0.03792339       10.6260354 
     0.038204304       10.6155835 
     0.038485218       10.6027078 
     0.038766132       10.5860665 
     0.039047046       10.5658746 
      0.03932796        10.542132 
     0.039608874       10.5148387 
     0.039889788       10.4841987 
     0.040170702       10.4491078 
     0.040451616       10.4098796 
      0.04073253       10.3665142 
     0.041013444       10.3179952 
     0.041294358        10.265859 
     0.041575272       10.2090151 
     0.041856186       10.1474634 
       0.0421371       10.0828203 
     0.042418014        10.011304 
     0.042698928       9.93473759 
     0.042979842       9.85312113 
     0.043260756        9.7664546 
      0.04354167       9.65480199 
     0.043822584       9.55946742 
     0.044103498       9.46091368 
     0.044384412       9.35914077 
     0.044665326       9.29577015 
      0.04494624       9.18610301 
     0.045227154       9.06917098 
     0.045508068       8.94497407 
     0.045788982       8.80693205 
     0.046069896       8.66699116 
      0.04635081       8.51016306 
     0.046631724       8.36006148 
     0.046912638       8.21352305 
     0.047193552       8.06072949 
     0.047474466       7.90322575 
      0.04775538       7.74113964 
     0.048036294       7.56952438 
     0.048317208       7.39827043 
     0.048598122       7.22492934 
     0.048879036       7.04982131 
      0.04915995       6.87300797 
     0.049440864       6.69468577 
     0.049721778        6.5151301 
     0.050002692       6.33466169 
     0.050283606       6.15362513 
      0.05056452       5.97237602 
     0.050845434       5.79127307 
     0.051126348       5.61067268 
     0.051407262        5.4309248 
     0.051688176       5.25236943 
      0.05196909       5.07533342 
     0.052250004       4.90012729 
     0.052530918       4.72704184 
     0.052811832       4.55634423 
     0.053092746        4.3882715 
      0.05337366       4.22302059 
     0.053654574       4.06086817 
     0.053935488       3.90150588 
     0.054216402       3.74380228 
     0.054497316       3.59533261 
      0.05477823       3.44526738 
     0.055059144       3.30100843 
     0.055340058       3.15654901 
     0.055620972       3.02173505 
     0.055901886       2.89738707 
       0.0561828       2.77264157 
     0.056463714       2.65161358 
     0.056744628        2.5346656 
     0.057025542       2.42144526 
     0.057306456       2.31195256 
      0.05758737       2.20884963 
     0.057868284       2.10697421 
     0.058149198       2.00877067 
     0.058430112       1.91423902 
     0.058711026       1.82337925 
      0.05899194         1.739631 
     0.059272854       1.65597341 
     0.059553768       1.57579864 
     0.059834682       1.49910667 
     0.060115596       1.42719387 
      0.06039651       1.35699197 
     0.060677424       1.28986462 
     0.060958338       1.22581184 
     0.061239252       1.16559071 
     0.061520166       1.10725347 
      0.06180108       1.05155612 
     0.062081994      0.998498648 
     0.062362908      0.948708432 
     0.062643822      0.900599761 
     0.062924736      0.854715188 
      0.06320565      0.811054714 
     0.063486564       0.77014017 
     0.063767478       0.73070553 
     0.064048392      0.693117639 
     0.064329306      0.657376499 
      0.06461022      0.623482109 
     0.064891134      0.591732833 
     0.065172048      0.561076763 
     0.065452962      0.531937434 
     0.065733876      0.504314846 
      0.06601479      0.478492098 
     0.066295704      0.453574752 
     0.066576618      0.429892958 
     0.066857532      0.407446714 
     0.067138446      0.386491078 
      0.06741936      0.366291543 
     0.067700274      0.347092367 
     0.067981188       0.32889355 
     0.068262102      0.311914218 
     0.068543016      0.295572487 
      0.06882393      0.280037014 
     0.069104844        0.2653078 
     0.069385758      0.251564979 
     0.069666672      0.238364955 
     0.069947586      0.225812554 
       0.0702285      0.213907777 
     0.070509414      0.202650624 
     0.070790328      0.192142967 
     0.071071242      0.182012417 
     0.071352156      0.172400766 
      0.07163307      0.163308013 
     0.071913984      0.154830828 
     0.072194898      0.146662131 
     0.072475812       0.13890842 
     0.072756726      0.131569697 
      0.07303764      0.124731673 
     0.073318554      0.118149491 
     0.073599468      0.111898739 
     0.073880382      0.105979418 
     0.074161296      0.100463676 
      0.07444221     0.0951628003 
     0.074723124     0.0901263539 
     0.075004038     0.0853543369 
     0.075284952     0.0808467495 
     0.075565866     0.0766376915 
      0.07584678     0.0725813944 
     0.076127694      0.068735913 
     0.076408608     0.0651012476 
     0.076689522     0.0617122113 
     0.076970436     0.0584464639 
      0.07725135     0.0553486966 
     0.077532264     0.0524189093 
     0.077813178     0.0496893608 
     0.078094092     0.0470608587 
     0.078375006     0.0445661505 
      0.07865592     0.0422052361 
     0.078936834      0.040006152 
     0.079217748     0.0378910734 
     0.079498662      0.035882528 
     0.079779576     0.0339805157 
      0.08006049      0.032208218 
     0.080341404     0.0305066393 
     0.080622318     0.0288898688 
     0.080903232     0.0273579064 
     0.081184146     0.0259107523 
      0.08146506     0.0245604201 
     0.081745974     0.0232592602 
     0.082026888     0.0220256029 
     0.082307802     0.0208594481 
     0.082588716     0.0197725975 
      0.08286963     0.0187256212 
     0.083150544     0.0177323667 
     0.083431458      0.016792834 
     0.083712372     0.0159176867 
     0.083993286     0.0150753737 
       0.0842742     0.0142758114 
     0.084555114     0.0135189998 
     0.084836028     0.0128140286 
     0.085116942     0.0121364717 
     0.085397856     0.0114929327 
      0.08567877     0.0108834116 
     0.085959684     0.0103079084 
     0.086240598     0.0097703455 
     0.086521512    0.00925246176 
     0.086802426    0.00876164568 
      0.08708334    0.00829789725 
     0.087364254    0.00786540029 
     0.087645168    0.00744869613 
     0.087926082    0.00705352864 
     0.088206996    0.00667989782 
      0.08848791    0.00633177228 
     0.088768824    0.00599652572 
     0.089049738    0.00567841459 
     0.089330652     0.0053774389 
     0.089611566    0.00509710124 
      0.08989248    0.00482742412 
     0.090173394    0.00457138036 
     0.090454308    0.00432896997 
     0.090735222    0.00410312365 
     0.091016136    0.00388621884 
      0.09129705    0.00368016091 
     0.091577964    0.00348494985 
     0.091858878    0.00330058567 
     0.092139792    0.00312848989 
     0.092420706    0.00296268162 
      0.09270162    0.00280550316 
     0.092982534    0.00265695453 
     0.093263448    0.00251847465 
     0.093544362    0.00238507139 
     0.093825276    0.00225853399 
      0.09410619    0.00213886245 
     0.094387104    0.00202738079 
     0.094668018    0.00192006302 
     0.094948932    0.00181820767 
     0.095229846    0.00172181475 
      0.09551076    0.00163202784 
     0.095791674    0.00154570549 
     0.096072588    0.00146372898 
     0.096353502    0.00138609833 
     0.096634416    0.00131375341 
      0.09691533    0.00124432734 
     0.097196244    0.00117835877 
     0.097477158    0.00111584769 
     0.097758072     0.0010567941 
     0.098038986    0.00100170221 
       0.0983199   0.000948622522 
     0.098600814   0.000898293561 
     0.098881728   0.000850715323 
     0.099162642   0.000806377094 
     0.099443556   0.000763673497 
      0.09972447   0.000723158325 
     0.100005384   0.000684831577 
     0.100286298   0.000649131649 
     0.100567212   0.000614780069 
     0.100848126   0.000582169554 
      0.10112904   0.000551300105 
     0.101409954   0.000522542875 
     0.101690868   0.000494913165 
     0.101971782   0.000468668608 
     0.102252696   0.000443809205 
      0.10253361   0.000420334956 
     0.102814524   0.000398414206 
     0.103095438   0.000377295671 
     0.103376352   0.000357279131 
     0.103657266   0.000338364588 
      0.10393818   0.000320727829 
     0.104219094   0.000303736294 
     0.104500008   0.000287621481 
     0.104780922   0.000272383388 
     0.105061836   0.000258186751 
      0.10534275   0.000244517434 
     0.105623664   0.000231545612 
     0.105904578   0.000219271285 
     0.106185492   0.000207838612 
     0.106466406   0.000196843297 
      0.10674732   0.000186402889 
     0.107028234    0.00017651739 
     0.107309148   0.000167306576 
     0.107590062   0.000158463238 
     0.107870976   0.000150061368 
      0.10815189   0.000142100968 
     0.108432804   0.000134582036 
     0.108713718   0.000127565431 
     0.108994632   0.000120804949 
     0.109275546   0.000114395687 
      0.10955646   0.000108337643 
     0.109837374    0.00010269129 
     0.110118288   9.72522316e-05 
     0.110399202   9.20925925e-05 
     0.110680116   8.72123723e-05 
      0.11096103    8.2666584e-05 
     0.111241944   7.82912114e-05 
     0.111522858   7.41381356e-05 
     0.111803772   7.02073564e-05 
     0.112084686   6.65459966e-05 
       0.1123656   6.30267277e-05 
     0.112646514   5.96843108e-05 
     0.112927428   5.65187458e-05 
     0.113208342   5.35300328e-05 
     0.113489256   5.07381644e-05 
      0.11377017   4.80485359e-05 
     0.114051084   4.54996051e-05 
     0.114331998    4.3091372e-05 
     0.114612912   4.08454096e-05 
     0.114893826     3.868137e-05 
      0.11517474   3.66292652e-05 
     0.115455654   3.46890953e-05 
     0.115736568   3.28814552e-05 
     0.116017482    3.1140534e-05 
     0.116298396   2.94886654e-05 
      0.11657931   2.79258493e-05 
     0.116860224   2.64703439e-05 
     0.117141138   2.50700057e-05 
     0.117422052   2.37405164e-05 
     0.117702966   2.24818759e-05 
      0.11798388   2.13094176e-05 
     0.118264794   2.01831947e-05 
     0.118545708   1.91133394e-05 
     0.118826622   1.80998515e-05 
     0.119107536   1.71427311e-05 
      0.11938845   1.62494022e-05 
     0.119669364   1.53886235e-05 
     0.119950278   1.45726925e-05 
     0.120231192   1.38016094e-05 
     0.120512106   1.30829231e-05 
      0.12079302   1.23904924e-05 
     0.121073934   1.17337463e-05 
     0.121354848   1.11126847e-05 
     0.121635762    1.0534276e-05 
     0.121916676   9.97738976e-06 
      0.12219759   9.44889989e-06 
     0.122478504   8.94880643e-06 
     0.122759418   8.48314436e-06 
     0.123040332   8.03538817e-06 
     0.123321246    7.6102325e-06 
      0.12360216   7.20767734e-06 
     0.123883074    6.8326956e-06 
     0.124163988   6.47280614e-06 
     0.124444902   6.13090907e-06 
     0.124725816   5.80700439e-06 
      0.12500673   5.50109209e-06 
     0.125287644   5.21587661e-06 
     0.125568558   4.94107309e-06 
     0.125849472   4.68059947e-06 
     0.126130386   4.43445577e-06 
       0.1264113    4.2052628e-06 
     0.126692214   3.98454344e-06 
     0.126973128   3.77524474e-06 
     0.127254042   3.57736673e-06 
     0.127534956   3.39325601e-06 
      0.12781587   3.21615865e-06 
     0.128096784    3.0481731e-06 
     0.128377698   2.88929937e-06 
     0.128658612   2.74152299e-06 
     0.128939526   2.59964261e-06 
      0.12922044   2.46504426e-06 
     0.129501354   2.33772792e-06 
     0.129782268    2.2176936e-06 
     0.130063182   2.10589071e-06 
     0.130344096   1.99832023e-06 
      0.13062501   1.89658486e-06 
     0.130905924   1.80068461e-06 
     0.131186838    1.7115952e-06 
     0.131467752   1.62596316e-06 
     0.131748666   1.54502617e-06 
      0.13202958   1.46878423e-06 
     0.132310494   1.39814505e-06 
     0.132591408     1.330394e-06 
     0.132872322   1.26644479e-06 
     0.133153236   1.20629742e-06 
      0.13343415   1.15074925e-06 
     0.133715064   1.09766357e-06 
     0.133995978   1.04768628e-06 
     0.134276892   1.00081738e-06 
     0.134557806   9.57746395e-07 
      0.13483872   9.16801265e-07 
     0.135119634   8.78433883e-07 
     0.135400548   8.42644249e-07 
     0.135681462   8.09432363e-07 
     0.135962376   7.79306739e-07 
      0.13624329   7.50728795e-07 
     0.136524204   7.24329608e-07 
     0.136805118   7.00109177e-07 
     0.137086032   6.81259548e-07 
     0.137366946   6.61277057e-07 
      0.13764786   6.43032173e-07 
     0.137928774   6.26524897e-07 
     0.138209688   6.09434175e-07 
     0.138490602   5.96388445e-07 
     0.138771516   5.85082146e-07 
      0.13905243   5.75515278e-07 
     0.139333344   5.66389596e-07 
     0.139614258   5.59947994e-07 
     0.139895172    5.5534685e-07 
     0.140176086   5.52586163e-07 
        0.140457   5.51665934e-07 
