   -0.0754923867   3.13441012e-05 
    -0.075484804    0.00188745735 
   -0.0746674707      0.208733217 
   -0.0738501374      0.416117209 
    -0.073032804      0.624091221 
   -0.0722154707      0.830417105 
   -0.0713981374       1.03563176 
    -0.070580804       1.23995511 
   -0.0697634707       1.44318925 
   -0.0689461374        1.6452448 
    -0.068128804       1.84602098 
   -0.0673114707       2.04539545 
   -0.0664941374       2.24343977 
    -0.065676804       2.43962141 
   -0.0648594707        2.6340239 
   -0.0640421374       2.82652671 
    -0.063224804       3.01701395 
   -0.0624074707       3.20537513 
   -0.0615901374       3.39163873 
    -0.060772804       3.57542745 
   -0.0599554707       3.75679821 
   -0.0591381374       3.93566418 
    -0.058320804       4.11194505 
   -0.0575034707       4.28562974 
   -0.0566861374       4.45650904 
    -0.055868804       4.62460423 
   -0.0550514707       4.78985978 
   -0.0542341374       4.95222649 
    -0.053416804       5.11166133 
   -0.0525994707       5.26810774 
   -0.0517821374       5.42155935 
    -0.050964804       5.57198622 
   -0.0501474707       5.71936719 
   -0.0493301374       5.86368629 
    -0.048512804       6.00486111 
   -0.0476954707       6.14301627 
   -0.0468781374       6.27809072 
    -0.046060804       6.41008603 
   -0.0452434707       6.53900774 
   -0.0444261374       6.66486512 
    -0.043608804       6.78755458 
   -0.0427914707       6.90731598 
   -0.0419741374       7.02405941 
    -0.041156804       7.13780578 
   -0.0403394707       7.24857848 
   -0.0395221374       7.35626869 
    -0.038704804       7.46116797 
   -0.0378874707       7.56317471 
   -0.0370701374       7.66231945 
    -0.036252804       7.75863407 
   -0.0354354707       7.85215162 
   -0.0346181374       7.94276431 
    -0.033800804       8.03078784 
   -0.0329834707       8.11611681 
   -0.0321661374       8.19878699 
    -0.031348804       8.27883448 
   -0.0305314707       8.35615947 
   -0.0297141374        8.4310707 
    -0.028896804       8.50346633 
   -0.0280794707       8.57338244 
   -0.0272621374       8.64085483 
    -0.026444804       8.70591894 
   -0.0256274707       8.76848765 
   -0.0248101374       8.82884042 
    -0.023992804       8.88688637 
   -0.0231754707       8.94265866 
   -0.0223581374       8.99618971 
    -0.021540804       9.04740569 
   -0.0207234707       9.09655097 
   -0.0199061374        9.1435456 
    -0.019088804       9.18841856 
   -0.0182714707       9.23119783 
   -0.0174541374       9.27191033 
    -0.016636804       9.31049899 
   -0.0158194707       9.34715745 
   -0.0150021374       9.38182236 
    -0.014184804       9.41451641 
   -0.0133674707       9.44526112 
   -0.0125501374       9.47401368 
    -0.011732804       9.50092369 
   -0.0109154707       9.52594098 
   -0.0100981374       9.54908251 
  -0.00928080404       9.57036395 
   -0.0084634707       9.58979979 
  -0.00764613737       9.60736463 
  -0.00682880404       9.62315195 
   -0.0060114707       9.63712923 
  -0.00519413737       9.64930615 
  -0.00437680404       9.65969112 
   -0.0035594707       9.66827261 
  -0.00274213737       9.67509871 
  -0.00192480404       9.68015041 
   -0.0011074707       9.68343129 
  -0.00029013737       9.68494359 
  0.000527195964       9.68468832 
    0.0013445293       9.68267141 
   0.00216186263       9.67888432 
   0.00297919596        9.6733255 
    0.0037965293       9.66599106 
   0.00461386263       9.65687586 
   0.00543119596       9.64599924 
    0.0062485293       9.63330758 
   0.00706586263       9.61881286 
   0.00788319596       9.60250508 
    0.0087005293       9.58437297 
   0.00951786263       9.56440402 
     0.010335196       9.54263513 
    0.0111525293       9.51895642 
    0.0119698626       9.49339709 
     0.012787196        9.4659399 
    0.0136045293       9.43656636 
    0.0144218626       9.40532632 
     0.015239196       9.37206592 
    0.0160565293       9.33682803 
    0.0168738626       9.29958965 
     0.017691196       9.26032662 
    0.0185085293       9.21910155 
    0.0193258626       9.17571753 
     0.020143196       9.13023145 
    0.0209605293       9.08261505 
    0.0217778626       9.03283905 
     0.022595196       8.98087321 
    0.0234125293       8.92679548 
    0.0242298626       8.87036126 
     0.025047196       8.81164317 
    0.0258645293       8.75060778 
    0.0266818626       8.68722099 
     0.027499196       8.62157055 
    0.0283165293       8.55337981 
    0.0291338626       8.48273385 
     0.029951196       8.40959668 
    0.0307685293       8.33393205 
    0.0315858626       8.25570355 
     0.032403196        8.1750073 
    0.0332205293       8.09154428 
    0.0340378626        8.0054101 
     0.034855196       7.91656891 
    0.0356725293       7.82498542 
    0.0364898626       7.73075698 
     0.037307196       7.63358448 
    0.0381245293       7.53356959 
    0.0389418626        7.4306805 
     0.039759196       7.32488685 
    0.0405765293       7.21615987 
    0.0413938626       7.10458844 
     0.042211196        6.9899107 
    0.0430285293       6.87222516 
    0.0438458626       6.75151129 
     0.044663196       6.62775132 
    0.0454805293       6.50101836 
    0.0462978626       6.37111453 
     0.047115196        6.2381293 
    0.0479325293       6.10205781 
    0.0487498626       5.96289927 
     0.049567196       5.82065721 
    0.0503845293       5.67536844 
    0.0512018626       5.52697038 
     0.052019196       5.37552445 
    0.0528365293       5.22105297 
    0.0536538626       5.06358384 
     0.054471196       4.90311584 
    0.0552885293       4.73973562 
    0.0561058626       4.57347199 
     0.056923196       4.40437586 
    0.0577405293       4.23250461 
    0.0585578626       4.05792225 
     0.059375196        3.8805612 
    0.0601925293       3.70074386 
    0.0610098626       3.51844033 
     0.061827196       3.33374057 
    0.0626445293       3.14674161 
    0.0634618626       2.95731443 
     0.064279196       2.76600005 
    0.0650965293       2.57270932 
    0.0659138626       2.37756637 
     0.066731196       2.18070349 
    0.0675485293       1.98226234 
    0.0683658626       1.78195678 
     0.069183196       1.58073368 
    0.0700005293       1.37839108 
    0.0708178626       1.17512019 
     0.071635196      0.971149304 
    0.0724525293      0.765629048 
    0.0732698626      0.560759474 
     0.074087196      0.354960986 
    0.0749045293       0.14960461 
    0.0754939831   9.30477825e-05 
