29.377732 -2.5932249 -5.9977132 0.92436565 0.12210453440152903 0.0029063807
36.124643 -1.6909258999999999 38.906881 0.24448926999999998 0.7274895757626008 -0.005321391
41.410683 -1.1254648999999999 -3.0608646 1.1389639 -0.1965210237936031 0.0012564892
16.584485 -2.560487 6.0064022 1.9431678000000001 -0.3258501630251786 0.0048105919
4.2521476 2.5104171 3.2108977000000003 -1.6527036 0.3608208366472607 -0.0036705681
-1.7264773 1.5183704 -4.8473407 -0.69589758 0.9137840868287816 -0.0050673707
15.073635 2.3670104999999997 7.5505095 2.2129626 0.9246004566947823 -0.004347515
47.007203999999994 -0.22455347 6.5690639 -1.8608829 0.04760005083352146 -0.0019084308
19.14482 -2.5289704 26.790128 -2.0898572 0.5014808430021117 -0.0023080634
5.8510447 -2.2522208999999997 6.7785899 -2.2075352 0.9892912373416993 -0.0035733379
-0.66989427 2.3110826 33.991355 -1.1327426999999999 -0.4827110237927737 0.0039794081
27.583999000000002 2.2764306 30.306626 -1.7100602999999999 0.5736929684621722 -0.0041471237
-0.13696791 -1.9244016000000002 -7.4441399 0.17749057000000001 -0.3189063678705027 0.0036082026
33.588437 -1.9889325999999998 30.781890999999998 1.3479917 0.11832490421939762 -0.0046752398
30.752133 -2.2474334000000002 15.733374000000001 1.8286797 -0.8507938057289839 0.0023147457
16.589228000000002 -2.8458538 6.987421899999999 -2.4258571 0.16358603474304645 -0.0019528086
-8.2020354 -0.36946789999999996 -4.1609405 -1.5860732 -0.42505212621396393 0.0026411349
-8.7597518 0.26455639000000003 -0.18830922 -1.5240421 0.08692923942218438 -0.0042916829
41.436563 -0.5649215599999999 11.183945000000001 1.8797434 0.7338347936579611 -0.0065627897
29.885517 1.8490561 20.106896 2.5961877 -0.13952827554276123 0.0042209445
22.038109 2.2584452 22.323494999999998 2.3377226 0.3407152074259899 -0.0061470041
43.106746 -0.10112841 -8.909392500000001 0.31718609 0.5759549556208465 -0.0067137634
-2.2645804000000003 2.2087022 23.511093 -2.2439931 -0.40282349467528544 0.0057898519
1.6451277 -2.2072219 -2.9174617 0.77249961 0.23864325793396726 -0.0064246107
35.193543 -2.0575799999999997 39.598857 -0.77542388 -0.14901775565979117 0.0035495623
32.281264 -1.9620441 -0.83753965 1.5257808000000002 -0.25600490938344295 0.00080102257
21.353225 -2.5711938 22.160467 1.9870820999999999 -0.5853676444596476 0.0043020994
-8.7655692 0.71929343 40.027015 -0.1135377 0.3322107589370624 -0.0042477387
7.282102399999999 -2.6669685000000003 33.398088 -1.0849434 0.23656281497398643 0.0044371026
25.47684 2.2750054 -0.64507062 -1.6597336 0.21598231158908654 0.0038515805
-5.7312802000000005 2.1587571 35.740565000000004 0.9409092 0.7233620097229223 -0.0028245802
15.733963 2.7389817 -1.2930699 -1.0359958999999999 -0.5940576931941309 0.0045121747
43.342235 -0.39970259999999996 -4.6220816000000005 -0.13152425 0.07962577855551264 -0.0022769161
17.719327 2.5961554 19.934268000000003 2.5032609 -0.007924477869571681 -0.0032944224
28.718928000000002 2.4440163 -5.0015263 0.18933603999999998 0.48283830411405027 0.00080224163
5.7643035 -2.4754068 38.330111 0.48138211 0.732622945153195 0.0025109822
43.390781000000004 0.059038683 34.373265 -1.3772467 0.501524874291598 -0.0014257142
-10.900561 0.9984965700000001 3.4403935 -1.7319143000000001 0.4313401895701522 -0.0064756854
33.125854000000004 -1.9974857000000001 37.406178 -1.2168942999999999 -0.6522579881586256 0.0011399288
8.360335300000001 -2.7566490999999997 34.33205 0.6160025400000001 -0.5502830417761044 0.00037851118
23.153883999999998 2.3000032999999998 18.746809 -2.3295212999999997 0.22283161174568727 -0.00095221412
18.167504 2.714514 -3.7918827 -0.64243076 -0.5559582899071017 -0.006996834
44.728804 0.19246359999999998 -2.7201752 1.5726696 0.5702775540608466 -0.0060893591
41.736565000000006 -0.42533046999999996 0.038945344 1.5978598 0.20546998816411627 0.0035185749
-3.7854358 -0.91978302 -10.073059 -1.0169977 0.08830706916757045 0.0012472769
16.770681 2.6604464 -4.3322437 1.5329184 -0.3350442914874564 0.0028959983
-10.092626000000001 -0.34343250999999997 0.57320034 -1.5154264 0.4804620078770321 -0.0064311702
12.564752 2.5697205 10.565736 -2.2798729 -0.4389105818956349 -0.0066804759
17.51304 2.851287 2.9035395 -1.2985744 0.02334600784638224 0.0065320568
27.275751 2.1664567 -4.2412045 -1.0780289 -0.33961584391853056 0.0012816714
-3.3594228999999998 0.85866282 -8.1867401 0.74902463 0.5222058237389574 -0.002063274
25.616131 -2.5911367000000003 2.1393522 1.4250753999999999 -0.20476223712126618 0.0047290031
-8.632122 0.5555508 -10.748698 0.13013304 0.026079917704229228 0.0046312917
-2.9750205999999997 -1.4285112 10.293113 2.2326141 0.12059641206770877 -0.0058383857
30.122044 -2.4890965 25.009076 1.5922588000000002 -0.1642215876450578 0.0019049421
39.156237000000004 -1.2742434999999999 22.138209999999997 -2.3557203 0.08098793387120647 0.0055769187
39.993246000000006 -1.1315983 40.331962 -0.41086786000000003 -0.9169553530501426 0.0042690858
24.08496 2.4981389 -3.5288859 1.0790996 -0.10446857663227026 -0.0052955265
2.0227741999999997 2.2561951 22.247165 -2.0548234 -0.3986549374811832 -0.0070187363
41.433299 -0.62675131 23.515778 2.1201451 0.17955508392417904 0.0047503404
25.685163 -2.3267606 -5.702488000000001 0.95831555 -0.16630246635773088 0.0054674281
36.056246 1.8345057 -6.1855052 0.13456348 0.053088523200072256 -0.0051115699
15.260981999999998 -2.9398939 36.467721000000004 -0.26788277 0.4942773696441944 -0.0067524362
17.623408 2.64592 0.81747558 2.0335180999999998 -0.3169257705463067 0.003013769
30.490548999999998 -2.2695138000000004 10.743316 1.9094784 -0.16507880439480188 -0.0029814134
16.029117 2.7411278 7.0696955 -1.8395727000000002 -0.00035012057460618256 -0.0058871226
2.2441234 1.7228745 -4.7793315000000005 1.6301785000000002 0.418682587238105 0.0058492505
-9.2366485 1.3711349000000002 34.097260999999996 -1.3728432 0.1472682567358048 0.0071202745
4.8190650999999995 -2.1410826000000003 -10.080822 -0.8327655899999999 0.28749027083222467 0.0068920017
5.9816944 -2.4985865 20.289263 1.923303 -0.9655736996562404 0.0063205093
32.100844 1.8415704 38.208422 -0.9666421399999999 1.0749475240778106 -0.0059148477
-2.872763 2.1843638000000003 -7.8097178000000005 -0.62233984 -0.7592755812345888 -0.0063106325
-10.434239999999999 -0.46972989000000004 35.553691 0.75583716 0.5157398618127047 -0.0040058285
1.7747389 2.1304011000000003 37.433977 0.5760346 -0.13117328009349835 0.0052848718
35.577599 -2.1648739999999997 -2.7428725000000003 1.3492792 0.3116966115667899 -0.0046440231
19.153019 2.5075554 1.7442893000000002 2.0964893 -0.5305510198195361 0.006169717
37.64932 -1.4071052 40.676389 -0.28749722 -0.43125197498442674 0.006284966
23.204618 2.2339703 38.001084 1.2830376000000001 -0.6381964007858725 0.0066974402
26.035167 2.0039832 32.884475 1.8023387 0.34858297562948704 0.0019301053
22.513809 2.5968773 -6.2906239 -0.1868292 -0.5867250647649819 0.0051801763
-5.5676761 0.9767688600000001 2.8412589 1.9945681 0.21507803861546923 -0.0026275006
3.64368 -2.3001253999999998 32.107766000000005 1.3966684999999999 0.04265480753403054 -0.0054612245
-3.6812055 -1.6880936999999998 19.673963 -2.218572 -0.22762462534882333 -0.0054150806
-4.5113648 1.6201877 20.422494 1.8993431 -0.020018695545784893 0.0045585261
41.991259 1.0823578 8.6710295 -2.187866 0.39661153603349103 -0.0039728345
23.764832 -2.377539 13.996167999999999 -2.570097 0.3899451785377125 -0.0014085779
18.272783 -2.5674398999999997 39.231513 -0.67761746 0.15375695127198621 -0.0038207722
40.056177 1.2652870999999999 29.598758999999998 -1.6650533 -0.413473771829047 -0.0006969908
-5.1597676 -1.5184155 -1.6586636000000001 1.5865231000000002 0.06245773557403607 -0.0023690825
-4.7752069 1.7875187 37.85311 -0.37505475 0.8765347053051824 0.0054514422
-10.158063 -1.0676978000000001 20.945088000000002 1.9722414000000001 0.08406583501135707 0.0065678172
-4.1905733000000005 1.9335957 35.884181 0.87170046 -0.5502665237089324 0.0036903487
21.126393 -2.5958472 9.9053491 -2.4406063999999996 0.6259760205447072 -0.0044411516
-9.9224675 0.71143185 40.295337 0.25631999000000005 0.04216812751257605 -0.0012134582
0.47831362 -1.3479777 -10.175271 -0.54948657 -0.2281599551316129 0.0038521535
4.0354036 -2.103783 -10.327458 -0.5330628 0.4136092605149919 -0.00075462551
37.670453 -1.8773419999999998 -0.7660818399999999 1.7761083999999998 0.41545069565670933 -0.0034904935
39.711148 1.6972218 22.557613 -1.9819892000000001 -0.3284850227492487 0.0045964685
40.106733 0.38706064 36.972836 -1.0742427 0.3809902833703818 0.0018943399
9.2918698 2.5296353 8.1428289 -2.1047153 -0.1368819393088308 -0.0058283731
18.354285 -2.6618885 36.190414 0.71610228 -0.15768376452626898 -0.0057623636
19.479438000000002 -2.7289398 -4.7452022 0.43336855 -0.632743234521179 0.0028887636
-3.3979224 1.085093 -6.338437 1.7072316 -0.4611464590895454 0.0069471899
41.404825 -1.9824770999999999 26.570632 1.610443 -0.13894978597587 0.0031009597
35.59563 1.0940713 38.551904 1.1322603 -0.32503816828448673 -0.00094702515
-8.4936889 0.17073444 -7.2090994 0.76658332 -0.27283403304127823 -0.0010539714
22.845755 -2.7075622 17.583327999999998 2.1966333000000002 -0.21835269476340846 -0.0022788194
40.396039 -0.91729503 37.153458 -1.4766915 -0.6294177321143221 0.0019548641
-4.2187722999999995 -1.6318045 -0.0289662 1.6523345 -0.36649109388986406 -0.0043860733
38.997254000000005 -0.17764744 40.368286000000005 -0.26757665 0.1991426741308273 -0.0068406988
45.088465 0.07294666400000001 31.391671000000002 1.7047192 0.19110392366453247 0.0052345801
-1.8088545 1.8717962000000001 -4.5296062 -0.86046089 0.16525661429426045 0.0042644653
23.109075 2.591378 2.7843895 -1.6264914 -0.46258327758892437 0.0003368915
33.617422 -1.8348692000000002 36.057797 -1.7787704 -0.1516455698708543 -0.00014884055
32.029111 2.0934719 -3.3478577 -0.67473551 -0.03273335209254702 -0.0061132459
13.639218 2.6460576000000002 22.857234000000002 2.2486952 0.6962327564671303 -0.0044385956
33.776744 2.1763133000000003 30.733686 -1.4616992 -0.293870070263919 -9.2000363e-05
17.699113999999998 2.5182579 34.296848999999995 1.4652405 1.2239430487499585 -0.0057603084
36.941907 -1.5505516000000001 13.92468 2.2761590999999997 -0.17871030892717757 0.0024691643
29.735929000000002 2.2866997 -0.72456685 -1.2206172999999998 0.06314560666702436 0.0024850108
35.569547 1.5388952 39.881037 0.9746375300000001 0.5665443442076713 0.0032398918
6.3912545 -2.2897166 28.743544 1.8070468 0.33447753430845995 0.0041772378
-6.0519653 -1.2655505 36.886047999999995 1.0855075 0.4814687992718432 0.00060646331
-4.1183986 0.7286576300000001 -5.347357199999999 1.2781820000000002 -0.4104124318246484 0.0063025709
33.210484 -2.1662308 14.034725 2.4018832000000003 0.37075316057159213 0.00094540929
42.112307 0.70477309 -3.2302136999999997 1.0959979 -0.26754675681315304 0.0015740371
20.392844 -2.931769 -2.1411184000000003 1.4694106 0.49953670196420497 0.00041296814
1.5373953999999999 -2.1729931 27.879708 -1.6630672 -0.5028517919084734 -0.0033430326
32.649356 1.4883238 36.245754999999996 1.3506288 0.024209534396448226 -0.0036488635
37.21272 1.5891747 40.151225 -0.49045286 0.2181833617738821 -0.0018692424
18.360723 -2.6102598 3.1758865 2.1350507000000003 0.9390525747507515 -0.0054937282
1.4190571 -2.0851417999999997 24.183656000000003 -1.8506944 -0.47950540404520836 0.00098767614
-7.1609263 1.134816 -6.7228486 1.210914 -0.11670720528414713 -0.00023259455
-6.728056199999999 0.14673533 -7.9870996000000005 0.5758507900000001 -0.7606493422658832 0.00079916832
33.385083 -2.0567484 5.0860536000000005 2.0833475 -0.39292177477724827 0.0052912151
41.709963 0.097912229 -9.623062899999999 0.21902732 0.8932849627926088 -0.0014810537
38.732118 -1.5790502000000002 24.447778 1.8525851 0.4907117725707893 -0.0028432718
30.780225 2.232109 18.196399 2.3722236 -0.31813440157479833 0.0029716612
-8.945177900000001 -0.29729748 23.453978 -1.9636364000000002 -0.3715405048838201 0.0013130177
7.9545543 2.5694698 -3.0746282 1.3971073999999999 0.06984040209286527 -0.00017952581
13.370830999999999 3.0090984 30.627461 -1.6023667000000001 -0.23660369212334545 -0.0068090477
27.860016 -2.3125933 37.806316 -1.1490588 -0.2733511346809232 0.0027319109
-10.599772 0.94080688 2.3046680000000004 -1.6916476999999999 -0.7361146922790442 -0.0067044012
-10.703285 -0.16775497 0.62733581 -1.642834 -0.3875964461919261 0.0021592494
-6.0993866 -1.0508233999999999 38.430143 0.47334278 -0.5066696188542171 0.00032664907
7.1350774 2.5449145 38.105833 0.11579199000000001 0.058599507766759665 0.0061388376
-4.5076159 -1.1431675000000001 35.497848999999995 1.3467596000000002 -0.011163958894805944 -0.0016369445
41.953568 -1.145178 28.73212 1.5197847 0.36972752033939443 0.0049985576
-9.5992941 1.2015295 16.718114999999997 -2.060766 -0.010288994089912495 -0.0010046982
9.8272571 2.6444012999999997 33.704154 -1.2997858 -0.07775314909460976 0.0014011913
10.976916999999998 2.7786543999999997 27.741335999999997 1.6978617 0.3091234919189441 -0.0060945875
43.362853 -1.3350059 -4.9589421 -0.7273719900000001 0.01620883096711394 0.0065589424
26.144456 2.4739846 3.8388214 -1.6706813999999999 -0.2652429677973716 0.0053484327
25.703118 2.3140431 -0.83520629 -1.6803304 0.7731874926244393 0.0022389261
41.79781 0.83643056 -0.21872494 1.4128362 0.3935823454573768 0.0002713855
32.892415 2.2147522 6.165152 -1.9662826 -0.3520525297693811 0.0051654209
4.0054261 -2.2448612 25.167405 -2.1637521 0.13867771922224953 0.0045941761
17.322371 -2.9265541 29.596323 1.8371794 0.8616625419214334 -0.00083846738
-10.197550999999999 -1.4038735999999998 3.0057188 1.8426661 0.11195646982594466 0.0068643115
25.540312 -2.3307105 32.429654 -1.6391563 0.0329342366171287 -0.0044884207
3.1981455 -2.2276807 5.4580982 -2.1147280000000004 0.36344495456077724 -0.0062273973
-7.0873906 1.6472548 37.993284 -1.0277943999999999 -0.3776686824701882 0.0052692166
36.133094 1.9124318 17.225623 -2.0933069 0.11649665313006723 -0.0018243683
5.6206731 2.3344403 19.379549 2.1795630999999998 0.44447772789070733 -0.0057500075
-11.398361 0.39355619 6.1742264 -1.6632042 0.4712876656271182 -0.0031164588
-8.3167586 -1.0759178 7.8144644 -2.2835022 -0.16034818703037443 0.0040243658
14.903321 -2.8409445 -7.2413931 -0.26057088 0.516350016919716 -0.0043667394
-5.0516883 1.5990348 1.3658155 -1.2659798 -0.9256732950238228 -0.0012539141
-2.4387781 -1.3265978 7.7683806 -2.1107848 0.5832178889536914 0.0020092832
21.870566 2.6334569 -5.397881 -1.2494222000000001 0.5368924122116097 -0.0062246437
9.5783639 -2.3656184000000002 37.260181 0.27167731 -0.0786987147027113 0.0067618732
22.171151000000002 2.7186496 37.732833 0.74024342 -0.0662314729610383 -0.0030358703
-1.4638281 -1.7872603 -8.758582500000001 -0.037628967 0.0030323872781323393 -0.0032455006
30.402491 -2.314999 7.1910439 2.1899975 0.5271082948715672 -0.0031905011
19.452297 -2.3824337 20.24737 -2.6556229 1.433489196803295 -0.0050553412
25.119162 2.2268922 9.6813916 2.2490959 0.6391592368945741 -0.0057485176
36.84661 1.9313582 13.366878999999999 2.3663514 -0.10928143725047164 -0.00027198026
37.659501 -1.5586967 38.212360000000004 -1.4114494000000002 0.5674744481955349 -0.0012234635
38.588627 1.7676418 14.620629 2.0002119 -0.5551734790407589 0.0052473737
36.93311 -2.0813357 15.295587 -2.0591633999999996 -0.3335898655391747 -0.0010967458
42.018321 0.9220949 -6.4744169000000005 0.31477532999999996 -0.6924503724293218 0.0039094199
4.2120738 2.4989529999999998 -10.294542 0.68381638 1.169069446911887 -0.006240934
17.959398 -2.9220452 34.661267 0.98503352 0.05075311171275074 -0.0047922672
7.006021400000001 -2.281478 9.323375700000001 2.1036718 0.2360423843864482 0.0028157708
8.0878808 2.7248261 30.046654999999998 1.7900882999999999 -0.44462337569465216 -0.00053985075
46.210981 0.10712658 12.443353 2.0483073000000003 0.44903519436265926 0.0012795895
-7.4980649999999995 0.8902493600000001 30.648842 -1.5168567 -0.12982639132270923 0.0014912781
1.233121 1.7452712 0.59103777 1.8234671999999998 -0.6681654442033951 -0.0033205702
36.9892 -2.2879104 -4.5868725 -0.1635173 0.3366033234163414 -0.0052171884
29.835041999999998 -2.5656844 -4.7983259 1.1352223000000001 0.0895695359211243 -0.0015508723
-0.037508948 -1.7780042 27.877163 1.8534731 1.0056182066906125 -0.0055961385
4.693786 2.1532364 -7.7146159999999995 0.88805431 0.19794174477782697 -0.003410845
43.090171 -1.7426776 5.5244121 -1.8375167 -0.840566386027935 0.0023928208
-8.577784 0.85038528 -10.398724 -0.22834778 -0.44921494234822007 0.006564671
-3.0065591 -1.4113292000000002 -7.0619488 -1.389892 0.47088943326841076 -0.0011978467
-5.6001829999999995 1.4727415 1.4362677 1.812166 -0.15603018186349935 -0.00067354466
34.463989 -2.5061106 -1.8174547 -1.1289602 0.07298829727593446 -0.0061570483
19.985932000000002 2.6114155 34.778081 -1.511129 -0.5129627997710937 0.004236184
2.529293 2.1864345 -3.2004463000000003 1.5074964 0.7445571220127 -0.0050325231
7.7239221 2.6226891 12.002027 2.6927268 0.6759978201678748 -0.0036543957
24.176554 -2.9261871 38.484285 0.23512453 0.4788134439705612 -0.002113776
2.5959827 2.5145339 -2.3288084000000002 -1.2227278 0.16721855025606538 0.00017001468
41.82687 -1.0318266 8.7684342 -2.0764848999999996 0.31887181166862744 -0.0012760282
8.711964799999999 2.6536387 35.763976 -0.9116738600000001 0.21139505179352366 0.0025476264
-7.7001274 0.36748882 -7.2982036 1.2563819999999999 -0.7280038399428543 0.005821042
10.753587999999999 -2.1303942 19.715334000000002 -2.2325706 -0.08916804048411653 0.0029970675
23.606351 2.1471660999999997 26.185019 2.600466 -0.17816852899116403 0.0047146398
42.588873 1.2774957 -5.5105257000000005 -0.8091317100000001 -1.2526354634514283 0.0059901662
41.497469 0.012172038 27.720291 1.9098737000000001 0.21108994383866733 0.00053819764
9.9410416 -2.3139274 18.265608 -2.4181228 0.8495536839681384 -0.0044601765
-3.069778 2.1711803 33.060159999999996 -1.6446023 -0.3545225381696959 0.0010750384
36.932677 -1.6489634 18.726928 -2.0906606 -0.8133010107247268 0.0006933175
35.709748 -2.3353066 -2.4510448 -1.1990193 0.24405974496913363 -0.001406435
44.435252 -0.16534079999999998 -2.3039813000000002 1.5726258999999998 -0.5910218143208795 0.0050578427
-9.3057763 0.9697703200000001 21.410871 -2.0262739 -0.32789077768239683 0.0014758083
-5.2589597 -1.2758073 21.033849 2.0094181 0.455271879436294 0.0037775169
33.471953 1.8872095000000002 12.863427999999999 -2.2853278 0.6650373478999193 0.00092471233
-4.908914599999999 -2.1362546 7.881808299999999 1.9392886 -0.5786166698713007 0.0039851482
20.250731000000002 -2.4677874 0.9007963 -1.7529055 0.21670905840918447 0.0016050016
-3.6379329 -2.112157 35.299695 -0.5390613 -0.06453988100965181 0.0069774283
-11.43234 -0.85749552 38.001119 0.73359575 -0.2344450720902366 -0.0022723294
45.297067000000006 -0.78713733 5.565085099999999 -1.6777273000000001 0.20904816886323357 0.0064833778
41.185739999999996 0.41747715 40.877135 -0.56636438 -0.46980772787877184 0.0066475822
2.6033559000000004 2.3641805999999996 27.591126 1.8056324000000001 0.04010894523046451 -0.0066850216
24.544745 2.4374016 9.788118800000001 -2.0892486999999997 0.5885916570243401 -0.003547778
20.731633 2.5872086 31.226666 1.7324537 0.10040847625651692 0.00096432913
-13.791227 0.038067633 24.863288 -1.9171627 -0.15654796753353334 -0.0014877321
-1.0387485 2.0982552 23.995932 1.7230223 -0.11638747427964098 -0.00011427843
-10.063701 -0.53673741 34.499685 1.3983970000000001 0.0018316586753839403 0.006633426
-7.0399158 0.58990544 -9.330464599999999 1.0439599 -0.9976584490670211 0.0046963125
-7.3062219 0.17472302 -12.345126 0.2916039 -0.616913833944135 0.0064288898
-0.8344123400000001 -1.6942531 -8.801940499999999 -0.63848741 0.4464481914313621 -0.0014551478
22.067903 -2.2249474 22.526128999999997 -2.4425649 -0.04843166711259479 0.004098385
-0.77404291 2.4941785 36.959688 -0.014663445 -0.3354129331982238 0.0046363965
31.882341 2.1868921 33.846781 -1.4125049 -0.7389105778235829 0.0025737062
26.563905 -2.6473451999999997 0.45676514999999995 -1.4594616 0.8827856030102337 0.0006033795
1.5597767 -2.0777545 39.309701000000004 0.24571677 0.23721581825125557 -0.0041807533
11.731601 2.6260208 23.075649 -2.1763555 0.18223753696265005 -0.0051716969
39.456466000000006 0.13519003 41.52037 -0.7146810899999999 0.44805850030496525 -0.0053460843
37.497026000000005 -2.1197254 -4.266197600000001 -0.60681119 0.6973781780207842 -0.0036716809
30.396804 -1.9248954 23.706158000000002 -2.2446151000000003 0.07159040517258285 0.00029513707
6.5880985999999995 2.2406881 15.717417000000001 2.4330809 0.3286483540054728 0.0018955641
8.159414199999999 -2.4025893999999997 27.20402 2.1468466000000004 -0.5384626166368487 0.0052366757
35.800524 1.889966 10.996396 -2.1815379000000004 0.7068890632220989 0.0012562266
42.387558999999996 0.42196066 15.833291 -2.1409004 0.44570738652004677 0.0033780198
28.56577 -2.3122117 15.610468000000001 -2.5197075 -0.9702828942022619 0.0052307195
-13.510670000000001 1.146174 18.248396 -2.0773064999999997 0.9094500956183705 0.0067983634
43.058364000000005 -0.42134013 14.869518 -1.9242535 -0.22150577844365074 -0.00023717278
13.440735 -2.5161099 9.3506601 2.3391238 0.45929975438038656 -0.0037245255
3.0050579 -2.170141 9.9711198 2.3588073 -0.32795999142398274 0.0012272174
-7.7862260999999995 -1.1205005 32.888986 -1.350784 -0.014446556888906415 0.0028841416
20.175303 2.7602423000000003 25.702288 -2.1913328 0.08746966143120335 -0.0054052861
25.999745 2.7212252 -3.664986 0.37753446 0.15710349648036626 -0.00061009867
11.636626000000001 -2.8773994999999997 35.51132 -1.2938518 0.2520682308908829 -0.0031895406
4.3989594 -2.1534897 -7.1719482 -0.63653901 0.7923781931986994 3.8062858e-06
1.1590439000000001 1.9986306 7.7794639000000005 2.1142718 0.2780956961315033 0.00096289727
7.5697803 -1.9645133 -2.9009204 -1.6837342 0.3982548810414383 0.0023396955
24.850633000000002 2.2319761000000002 9.2078403 2.6025101999999998 0.5904627588173743 0.0032653482
38.852004 -1.9238776 -1.1639112 -1.3155879000000001 0.209501171788535 -0.00162944
10.396398 -2.7165125 37.10012699999999 -0.34573162999999996 0.4833923180602438 -0.0030547721
39.065338999999994 -1.5767996 7.8573619 1.9562335000000002 0.17316992118754554 -0.00082423924
2.8121052 2.5802020000000003 -8.1232506 0.82378244 -0.788377476794497 0.0010979981
41.75095 -0.96305651 42.478198 -0.02815019 -0.4689256326904342 0.0027850743
24.064064 2.4769295 35.298201 -0.7433183600000001 0.383977494748177 -0.0057341798
24.309378 -2.5145646000000004 4.8285269 -1.9920873000000001 -0.5592757106215845 0.0068006194
37.100097999999996 -1.675532 -6.2289996 0.26811958 -1.011364923330034 0.0058815856
35.180234999999996 -1.8611022 16.073279 -2.3738858 -0.04532508989846866 0.004913929
20.363402 2.4711836999999997 -6.7271458 0.42282867 0.3159876862039044 -0.0036526313
7.909455100000001 2.3772637 28.00666 -1.9640961 -0.166885794806263 -0.0065983628
19.942884 -2.8550708 33.351736 -1.9114755 -0.9068449785489936 -0.0064890172
23.861766 2.6368349 33.83046 -1.3137941000000002 0.26854460514398915 0.0028052946
-11.53011 0.33808526 16.584401 1.9551944 -0.2837029465749396 0.0040925607
-8.6858065 -1.2498378 20.28176 -2.1505796 -0.5323461435704706 -0.0026614557
15.933437000000001 -2.5109579 35.114307 1.0235306 -0.07644283314862056 0.0026278533
18.118854 2.612525 -2.449168 1.4933547 1.545114874599998 -0.0056017
-4.3865433000000005 2.364102 37.483513 0.17010357 -0.07365372963871682 0.0017596528
43.517489 0.5102831 41.603384 -0.61646608 0.27067161030589554 -0.0056216683
35.549734 1.7961228 17.917679 2.3148409 0.39419690876022856 -0.0024371372
31.338943 1.9516385 4.3375733 2.0596734999999997 -0.2489471294314965 0.0068497524
-7.565582 1.6912992 5.5706709 -1.8986903000000002 0.3156543860632367 0.000905042
-5.792537599999999 1.854238 16.649831 -2.3040662000000003 0.7013147222407123 -0.0054130235
35.777232 2.0667104 37.01226 -1.2143324 -0.41881577048829427 0.00013220819
-7.3988943 -1.1462883 22.595582999999998 -1.8390658 -0.30643226302392645 -0.0026000116
40.056334 1.185927 23.191083000000003 2.1370598 -0.5125491640614036 0.0018407145
42.664755 0.90609964 -8.5208885 0.7000928599999999 0.04549441528765739 0.0037918635
-5.8068961 -1.7821212000000002 16.880341 2.1164767 0.17463631006729755 -0.0053858595
-8.9942656 1.3363521999999999 37.10666 0.26362921 0.035697818193184114 0.006066655
26.773795 -2.5464001 35.297602999999995 -1.3663821 -0.061134210241201026 -0.00053784603
35.515262 1.776455 16.416778 2.3130993 0.1081293755351525 -0.0037250374
1.1308014 -1.8268818 -9.7008843 0.21905893999999998 -0.3577946608717499 0.0039276049
-4.4669879 -1.2990081 4.501932999999999 -1.9259653 -0.06727495118571425 0.003298586
-8.9562402 1.0331722 26.835431 1.9171295 0.1533739170551445 -0.0015876385
-0.069748659 -1.9716912 31.971547000000005 -1.2569160000000001 0.6528125847973725 -0.0066082874
38.744174 -2.1839757 21.466959 1.9836551 -1.8197548998750588 -0.0047672977
-10.79835 -0.47927125 35.73316 -0.70221924 -0.7637238308544264 0.0032473538
39.191479 -0.16352328 43.166484999999994 -0.44212587000000003 0.8137240708531099 0.0069656659
35.763316 -1.1071114 42.481098 -0.68502852 -0.2832346897719629 0.0071425271
30.275909 2.2265398 1.3104942 -1.5459616 0.061138076279621964 -0.0017006528
37.517813999999994 -1.5709659 23.830581 -2.132067 0.14341450806085357 0.00076210224
7.5772922000000005 -2.2748741 -6.6450462 -0.83593626 0.2783639627162958 -0.0022573499
18.129393 2.5236562 -7.1914697 0.77884597 -0.26240332964239416 0.0069085298
-6.4322389 -0.69367156 -6.3683787 -0.73684697 0.5208669482575035 -0.0060214599
-8.573407999999999 0.077940881 -7.2686632 -1.4364857 -0.4556639808559591 0.007140191
35.267084999999994 2.2398602999999997 -6.0964807 0.60684652 0.8348554669788727 -0.004971344
21.067431000000003 2.6457952 -5.5333882 0.45405771 -0.8143247002035929 0.0040186447
34.086594999999996 -1.32507 37.173667 -1.629884 -0.14406453453920753 0.0036241216
16.986126000000002 2.6358528 29.602362 -1.6622074999999998 -0.4147046718468702 -0.00023950695
8.0842107 -2.5665882 28.984409 1.9550905000000003 -0.5031393126819941 0.0055033759
-0.12719724 1.6636123 -9.0219012 0.74665026 -0.029913576153310157 0.0038693026
1.1844128 2.5525325999999997 -1.5308416 -1.240773 -0.4307222061153553 0.0018430688
21.94633 2.7825879 6.686724699999999 -1.8649834 0.08191702448071601 -0.0055369292
29.984361 -2.3957308999999998 11.87328 2.1029438999999996 0.9479244488964215 -0.0056410504
16.804946 -2.4257795 12.57536 -2.4448559 -0.020981938019206413 0.0043862247
-12.729744 0.48611455000000003 23.757505000000002 1.7212321000000002 0.0742090787108919 -0.0024541731
4.5157632 -2.6226099 -5.1791857 0.12868146 -0.18127982854842034 0.00013117743
41.331231 1.2272953999999998 -6.4729308 0.15956756 -0.5761517536972153 0.0044949835
10.764783 2.5198557999999998 15.654312000000001 2.3803981000000003 0.34225556785870037 -0.0061311129
1.5344087 -2.2061796 0.0088179219 1.5977508 -1.266290686104182 0.0048457927
36.622363 1.2080555 41.502725999999996 0.42939444000000004 0.230009347826856 -0.0061067077
25.013772 2.0598738 30.287308999999997 2.0046293 0.3062009087456825 0.0016027021
26.235525 2.5241325999999997 37.427692 -0.24260592 -0.09655124156002753 0.0005812168
14.280930000000001 2.5463409 35.477869000000005 1.2098806 0.25677862375680816 -0.0019871109
-3.1700502 1.1680139 -9.9148492 0.051117842000000004 -0.12017088436303323 -0.00068726967
20.926022 -2.7185975 24.906816 1.8120180000000001 0.5032232204097146 -0.0035904721
5.6096972 -2.2399469 -6.8009606 -0.44897509 0.2854801335290063 -0.0022662242
5.2438192 2.5067714 -2.3519693999999998 -0.47618326 -1.0175402990132447 -0.0018428834
16.164427 -2.5119298 23.973997999999998 1.8882321 -0.012636505821471293 0.0064742966
19.908613 -2.3841297999999997 37.47217 -1.0099305 0.7481024768534817 0.006369892
9.7620186 -2.1775116999999997 12.741811 -2.4738957 -0.5777527901588783 0.006065717
38.778846 -0.93430233 33.870388 -1.6708602 0.320860566688574 -0.0025824915
10.871789999999999 -2.7921098 35.791572 -1.6087082 -0.21477959108984526 -0.00033124035
7.229237599999999 -2.1196295000000003 1.2498776999999999 -1.6397175 0.42355303561472474 -0.0064866903
34.952087999999996 1.607838 -1.534796 -1.2556257 0.46388967429412903 -0.0042732589
18.161739 -2.8747897 31.088835 1.6212625 0.3450979421352339 0.00074216089
5.9332733 2.4928398 35.602624999999996 1.2386382 -0.4289347840399121 0.0040866236
17.797957 -2.7628994 19.209932 2.1336629 -0.2763350019101498 0.0057834511
4.6260886 2.5516954999999997 24.195846 -2.0887207 -0.16569167282235642 -0.0024207067
36.149648 1.7740353 34.494084 -0.74212144 -0.4052849906974257 -0.0055565771
43.938734 -0.32514315 -2.4910176 1.3475660999999999 0.4978222937991756 -0.0033361893
30.41403 -2.5641615 28.232207 1.5754609 0.7767663649542834 -0.0057336663
13.783619999999999 2.9318463 36.192896000000005 0.72849007 -0.011262561622039485 -0.0067552528
1.6369941 -1.8421565 -9.6719198 0.26449579 0.00901566544047008 0.0055197102
-11.059009999999999 -0.32436215 36.596696 -0.69127733 -0.27324072710924263 0.001256886
41.301804 -0.7765403999999999 34.808150000000005 1.0923342 0.9569373093056074 -0.004371131
-0.0077592023 2.1477381999999996 10.350534 -2.0123322 -0.05306684197018601 -0.0056404348
27.002813 -2.2860212 39.777931 -1.218312 -0.19961122734697265 0.0036528675
11.075189 2.7552285 35.998745 0.71164019 0.8538642408041107 -0.0034004164
21.388726000000002 -2.8097614 23.737052000000002 -2.3383656 0.4080893886201389 -0.0059690559
4.8582451 -2.2674555 29.877366 1.6530266999999998 -0.10375889257020968 0.0062336815
32.1222 -2.4108536 34.950422 1.1197424 0.5713401319340519 0.0023318704
45.753156000000004 -0.07120588900000001 16.620438 -1.9203219 0.162329235307938 -0.0025372589
39.866321000000006 0.45110098 37.390152 1.2962437999999998 -0.9516622696211081 0.0044652438
43.008664 0.9058105 13.758953 1.9769291000000002 0.07694905617163413 0.0035123915
14.231455 2.8274458 -5.8861522 -0.41006282 0.10848663447355733 -0.0043911857
26.659122 -2.7475465000000003 38.475264 -0.14155045 -0.05981438627280438 -0.0047766754
-8.596468499999999 0.33291092 38.770519 -0.3361381 0.15270266536716365 -0.005441232
33.207588 2.1575943000000004 19.861397999999998 -2.2547946999999997 0.6075490272325657 -0.0033742632
41.023924 -1.2375167 -5.3758172 0.6505084 0.2333057561411663 -0.0053563094
-10.399574 -0.84660618 30.984681 -1.4489371 -0.11211836968524364 0.0024139475
11.767557 -2.8221882 37.887421999999994 0.13564353 -1.0254411793544627 0.0035600449
38.589476 -1.4064215 15.975689000000001 2.1078487 0.9847106405088145 -0.0050780738
-10.312038000000001 1.5253911 28.592952 1.320884 0.06932009564417542 0.0014295768
10.356508999999999 2.2142649 12.499041 2.4941165 -0.9327113596998902 0.0046236703
44.221929 0.77954382 -7.5216083 0.71834123 0.9263400473119114 0.0065415233
9.616360799999999 2.7290029000000002 36.351181000000004 -0.66124924 -0.046645727102994486 0.0055164514
29.287515 2.4508072999999997 38.019791 -0.7724644599999999 0.4216436787888229 -0.0047755294
4.5901177 -2.3985244 34.163097 1.4803024 -0.017247858940747793 0.0031481631
37.149941999999996 1.6319948 4.150731599999999 2.0503237 0.03377721793444341 -0.0042302524
37.354915000000005 1.8744897 6.9934829 2.0380516 -0.44013408425147316 0.0062515117
3.3369302000000003 -1.8591316 -7.7332979 -0.57319479 -0.12862340481165005 0.0040334248
41.034081 0.15636594 36.947101 0.56761629 0.09177983064995528 -0.0042704016
22.783331 2.2118914 31.446695 1.9945411 0.4626437002732883 -0.0053286653
22.381657 -2.6803482 -5.6252018999999995 -0.31081898999999996 0.14054598608933797 -0.0063824788
35.546781 -1.6758966 4.6769294 -1.5595771 -0.7614960705496623 -0.0031081122
24.364769000000003 -3.103145 29.325112999999998 1.5403423 0.4910669616839059 -0.0067024104
39.012828999999996 0.18081504 42.619717 -0.35852486 0.5625414490400077 -0.0049778591
-0.82979497 1.9759463999999998 15.235602 2.206607 0.07959259294786132 -0.0034258275
-10.735346999999999 -0.17214952 39.394482 0.27792469 0.4025338458072211 -6.2033667e-06
-12.516777999999999 -0.12613363 6.0645068 -1.8524915 0.06390323872590979 -0.0043190998
16.356832 -3.0498214 39.280522 -0.87770022 0.44774726647795837 0.0025960835
-7.7196403 1.3069844000000002 22.636074999999998 1.8562409 0.07048928598712496 0.0053748559
41.981411 0.83826808 4.3462804 -1.5518998000000002 0.0026173513329015093 0.0012263083
-6.0819396 1.3631087 29.153256 -1.6885833 -0.13907634933196106 -0.0026753919
33.99307 -2.2155268 13.343165 2.303581 0.37035500421626116 -0.0034264679
-7.7185978 -0.15804764 -11.312038 0.36080244 -0.14457227256286045 9.9567024e-06
3.3472609999999996 2.4617527 37.656535 -0.084054363 0.2997150086003125 -0.0012755771
-9.7562728 -0.50796209 1.19829 1.7769312000000002 -0.2845690050508234 0.0040604996
-0.18823595 -2.3285459 -3.6965737 1.0808845 -0.4215443170412022 -0.00039423188
34.737171999999994 -2.2425298 -0.17337103 -1.2500641 0.03975784509900679 0.0056920559
-7.0724263999999994 -1.6758281 34.964014 -0.34312209 -1.164164214323262 0.0015085021
15.553374 -2.5221856 34.16553 -0.93066514 -0.9302273160093709 -0.0014459107
41.425279 0.38865268000000003 40.107609000000004 0.63892682 0.1451871348123267 -0.0030875439
35.681433999999996 -2.2896761 9.0142104 2.0854736 0.16550008857761958 0.0034967957
34.762253 1.5109298999999998 17.961676 2.5391535 -0.026404431854566802 -0.0039049523
-2.3717235 1.5852376 15.327288 2.3798386000000002 0.2706193706517411 0.0020666406
9.996538399999999 2.6411779 7.7370929 -2.033076 -0.1992476753289887 -0.0022102195
43.667979 0.44465399 -5.3124402 -0.19645777 -0.5816956933279784 0.0035776728
12.544349 -2.6020292 10.315629999999999 -2.2519738 -0.16987371048201427 -0.0048124837
14.897283000000002 -2.4964573000000003 18.095552 2.2770736 0.5150278875155638 0.0047500898
32.24932 -2.5616334 -5.9814384 0.57071045 0.06051199846522159 0.0023696351
30.802296 2.6432059999999997 -3.6215935 0.30755103 -0.3433541206634765 0.001370349
36.332350999999996 -2.4603202 31.13918 1.283009 -0.5679940579466064 0.0058085024
-9.2475964 -0.39734803 -5.399663100000001 -1.3577881 -0.11054726081982348 0.0038231739
41.648167 -1.4665312 -5.0699857 -0.81384754 1.4089599430561917 0.0059959593
34.473183 -2.0660336 37.680231 0.63928378 0.037932852021084866 -0.0002723633
42.266344 0.86409104 4.6514596 -1.881079 -0.28519628625201926 -0.0032686161
20.262648000000002 -2.5390717 24.904582 -2.3140783 0.06473117137466593 -0.003782399
23.05347 2.6118723 37.335409999999996 -0.11710928 0.7208144272096003 -0.00017592697
-10.227438 -0.13131276 33.141521 1.149444 0.6207136480896344 -0.0039251759
-13.155965 0.042266450000000004 29.405208 1.5428752000000001 0.16075961610869838 0.0025598765
10.082158000000002 2.5356256 -4.4093409999999995 1.5107214 -0.333640939808222 0.002588728
45.404927 -0.6547232199999999 -5.8018462 -0.64034647 0.8484683304164244 -0.0023163292
7.5014483 -2.3961787 10.063809 2.0342434 -0.040168671217210045 0.0014764551
-10.502561 1.2580375 4.032981899999999 -1.7121543 0.1311385566841947 1.9652157e-05
40.305704999999996 -0.82789702 39.56774 0.54150325 0.25444255864044824 -0.0067120708
-12.940712 -0.33576090999999997 21.506323000000002 2.0097126000000003 -0.11421187255876308 -0.0026083929
24.814623 -2.4060472 29.435325 -2.0899899 -2.0613240065940337 -0.00402476
-9.1519574 1.1911161 -8.9828342 -0.36495982 0.35673489512347756 0.0016777719
-0.13316515999999998 1.9486409 -9.20524 0.19886053 -0.12005792814479203 0.0034523059
42.854051 0.9443395 23.158248 -2.0652493 1.6189820495879959 0.0055501797
-11.125164 -0.30661022 25.597053000000002 -1.9607867 -0.6459615644310157 0.0049063998
-9.1304 -0.22422383 15.418271 1.9622664 1.008658417756328 -0.002972039
41.471433000000005 0.17936917 36.988275 1.3371126999999998 -0.5137362354654116 -0.0018384942
-3.5157795 -1.822886 5.0014933 1.6904778 1.1197738595517355 -0.0063304408
-12.188493 -0.29201987999999995 5.255999699999999 1.9261659 -0.6557233114438911 0.0026050723
46.06488 -0.32173679000000005 27.527566 2.1035896000000003 0.7346378200002189 -0.00020053119
3.826552 -2.2826679 30.270483000000002 -2.0874821 0.3632357172651117 -0.0023787051
-0.78045875 -1.6607687 2.4913368 -2.2777291 0.3343335839132581 -0.001885466
26.365745999999998 -2.0165693 36.422415 -1.7827305 0.36617134768468257 0.005755872
32.207778 2.3060115 -4.7473598 -0.8346423399999999 0.006566911384409865 0.0028183373
0.39664656 -1.9032144 9.5785789 -2.3567174 0.506863123450935 -0.0018242405
1.0855487 -2.5149959 28.523706 -1.8078054 -0.3151212477111379 0.002551863
45.355852 -0.17099405 7.4456686 -1.7320279 0.4488922066768939 0.006946982
-1.8456886000000001 -1.645895 31.96732 1.4348608999999999 1.192916722361131 -0.0049490126
37.407822 1.545822 32.496986 -1.3532816 0.377230294994199 -0.0058465731
-7.5069691 0.39251542 -9.1661687 0.73931598 0.6314324802890516 -0.005021688
35.47703 2.0034726999999997 -4.255151000000001 -1.0812993999999998 -0.021819436199591598 0.0027128582
7.833933399999999 2.5275407999999997 -4.980286700000001 -0.08464364099999999 -0.4568825429923211 0.005399347
-0.11090024 -1.9720332999999999 -1.8767272 1.355396 0.05339015273372807 -0.0028437167
5.3783386 -2.3518828 12.523888000000001 -2.1312528 0.41541472072513824 -0.0029408747
6.813527 -2.1214766 -5.9859529 -0.85891519 0.34352186011554103 -0.0022568459
16.895627 -2.6116613 31.853215 -2.0750376999999998 -0.3196471727818181 0.0030695533
32.275634999999994 1.6747826000000001 38.698283 0.39195296 -0.2261828134276045 0.003157374
1.6682685000000002 2.2369619 22.892484 -2.2851309 0.0989116556247909 -0.004975331
3.0910251 2.3065229 -6.6832434 1.563792 0.1829813921428113 -0.0025845382
45.58965 -0.11556996 6.8890505 -1.7460545 -0.5674670758680088 0.0031263316
-7.2950422 1.1292584 -7.4828882000000005 -0.72863607 -0.3341354177761114 0.0067148514
7.2481682 2.6827101 36.249654 -0.5999051700000001 -0.5193713791480449 0.0034684264
2.6649149999999997 -2.6928957000000002 38.178228000000004 -0.38402575 0.04326749862037309 0.0042605133
21.665253999999997 2.7155076 -6.9654655000000005 -0.047152533999999996 0.5946176607381548 -0.0023117719
5.5285075 2.8664093 13.511366 -2.2696360999999996 0.9386013173696651 -0.005119266
-8.4826612 1.2288008 34.799292 -1.6986605 0.3551932172989066 -0.0036253337
43.899056 -0.45818545 5.9487375 2.0386121 0.6129240620261571 0.0017356259
-7.2305414 -1.1456666 33.051361 -1.6258251000000001 -0.16255483359713058 -0.0012663448
-5.733004 2.001695 26.612129000000003 -2.3405717 0.6276043168840959 0.0063265653
43.983933 -0.7063357699999999 -9.5371481 0.1364767 0.09347678843972679 -0.00084757331
-9.446236800000001 -0.46062747 37.249331 -0.30272300999999996 -0.3244852437200239 -0.0069241455
7.8564337 -2.627131 16.464748 2.0437315000000003 0.4544095451258616 -0.0044871759
8.898389 -2.531667 18.793820999999998 2.3097030999999997 -0.20856739683758357 -0.0025104006
-10.186054 -0.48222413999999997 -7.462581999999999 1.3213498 -0.16867422265972262 0.00071088691
-9.5195195 0.030518819000000003 -7.0399426 1.1725942 0.38484236250449466 -0.0018366753
1.886207 2.1648677 35.964861 -0.75809956 -0.37000903684616704 -0.00021672414
1.5159269 -2.028758 7.5716008 2.0580478999999996 0.025924837881253444 0.0017462286
36.330735000000004 -2.161508 38.030108 0.34119098 0.4603980031716564 -0.0023859641
24.463585 2.8581885 -4.8309384 -0.44909715 -0.5207505617535336 0.0054882767
23.087991 2.6706908 -0.64524516 1.7575189999999998 0.2382928671673574 -0.006996377
3.2688256 2.7062958999999998 26.032137 2.0129878999999997 -0.0020438390751343345 0.0055769381
16.466415 2.9424951 -1.6411262 1.6460627 0.440013441558416 -0.0061290231
40.641782 -1.8075554999999999 4.7550327 1.8771908 -0.1915084693703861 0.001902485
-11.165209 -0.30154267 25.238973 -2.0564711 -0.2887511668493296 0.0023079083
12.279676 2.6729921 -4.4972218999999996 -0.39500126 -0.2874582987451524 0.0061333915
17.708964 2.6386393 36.246984000000005 0.9192094799999999 0.3589376756518127 -0.0016649779
-9.6894106 0.18266571 17.295267 1.9743775 0.220593651787789 0.0017693572
-1.4452587000000001 -2.3996426000000004 7.1774214 1.8676106 -0.10017480894217967 0.0058970663
45.648032 -0.81511488 9.100726199999999 -2.1456375999999997 -0.1681670191931515 0.0057231758
38.58962 -1.5714356999999999 -7.137953100000001 -0.02385744 0.2082722503919482 0.0027638294
43.0175 0.45899002 -5.2052311 -0.44545815000000005 0.013872329591372577 0.0019325821
-3.1376266 1.9387596 30.438007 -2.0299619 0.4833519856017501 0.00091023135
30.248327 2.1461693 35.690411 1.4755855 0.507919874398604 0.0027071968
18.823862000000002 -2.4953775 23.814249 -2.6778292 0.4805316523044184 -0.0011219243
-10.238696000000001 0.27735488 1.7333003 -1.8347298 -0.1411768622502451 0.0035327228
22.523799 -2.3333249 8.4862723 -2.3148074 -0.3156608970191619 0.003434946
40.123076 -1.4224372 16.325923999999997 -2.4488090000000002 -0.11628025631632995 -0.0031038989
7.7091941 -2.7876058 8.9543751 2.2909137 -0.47826264750064196 0.00084648943
5.445657 2.5343062 18.869858 -2.3478151 0.5559004513375407 -0.0029034354
39.103462 1.5018418 4.6051677 -1.8538915 0.9810696227514046 -0.0058958823
6.0908057 2.2635985 24.121062 -2.3091974 0.20016550983843 0.003598212
-5.0687904999999995 -0.43403927 -11.609352999999999 -0.49568195 0.6894261474071426 0.0036210351
-8.8722535 -0.91041493 31.182216 -1.3333981 -0.13145937707043154 0.00629417
-6.957895199999999 -1.3415783000000001 2.4299929000000002 -1.9657552 0.5435451397685254 -0.0056820233
25.243232000000003 2.4803557 27.963168 -2.0640888 -0.4015329826757815 0.00044414696
-8.1222899 -0.7275792299999999 41.17308 0.5175662 0.4789610931967555 -0.0030839032
-6.0220245 -0.94260702 34.202141 -1.2407896999999999 0.565113428637205 -0.0031767462
-6.532569799999999 -1.5268875 14.719713 1.7835671 -0.46982503131416825 0.0031739342
-1.3129828 -1.9897826 32.129483 -1.2213644000000001 1.1838449593351124 -0.0044086332
38.811501 1.3706110999999999 33.522708 1.8883096 -0.0823339410028275 0.0044830336
35.440246 1.6198325 13.227004 2.2630346 -0.15646267401091354 0.0030536347
-0.19765337000000002 1.9419636999999998 8.4846864 2.2073532 0.8606432099694902 -0.0041070462
31.035332 1.7778535 40.91476 0.64020227 0.5115270959879042 -0.0010848001
15.543985 -2.6881174 37.3575 -1.4260439 -0.06464205234875935 0.0042187003
32.137495 2.3212786000000003 40.798867 -0.42699021 0.6240351983209103 0.00038595196
1.7568787 2.0427714999999997 21.013761 -2.5387634 0.4810584823762629 0.0013769153
41.685936 -1.6744146 25.957397 1.6618653 0.23660215685513897 -0.0039683878
44.89223 0.25600921 -1.4680339 -1.2651565 -0.2644547621135426 0.0051190929
20.084401000000003 2.660153 17.137771 -2.4106365 0.6810270142636663 -0.0064069325
-8.781598200000001 -1.1067730999999998 -0.24421338999999997 1.3401300999999999 -0.016886097815660212 0.00043452516
19.379193 -2.7224219 -2.2835788999999997 -0.86422374 0.5069512113643663 -0.0055628888
25.565946999999998 -2.4582734 23.611594999999998 2.0828794999999998 0.09696018279449214 0.0034744249
36.889788 -1.4300074 37.752962000000004 -1.1861703 1.010433451281392 -0.003752339
11.563562 -2.7723481 35.996818 0.44091832999999997 0.17393502944523845 0.0038738732
41.922269 -1.546018 -8.571348200000001 0.72833358 0.20237510026930486 -0.0044426451
-9.1948472 0.21884566 38.260062 -0.60210837 0.6976127497753025 0.001030567
-2.1480814 -2.1977607 25.712097999999997 1.7365485 -0.4774719590398454 -3.8802911e-05
-9.3903376 -0.91930453 23.587411 -2.0162579 0.020563043889236885 0.0036343493
-5.348421299999999 2.1707985 5.6455202 -1.8373987999999999 -0.2899635727121903 0.0024192043
24.335507 2.3167173 7.1676146 1.8549119 -0.006017351236082669 -0.0053419828
6.2007217 2.5566500000000003 32.444044 -1.2404498000000002 0.6950944792308731 -0.0037726266
26.731688 -2.7018172000000003 1.7776736 2.0028276000000003 1.4394649622852043 -0.0033393922
-9.7745539 -0.7140174499999999 -5.210643699999999 1.3945726 0.8627483514934067 -0.0031292897
21.148346 -2.7210468 35.832808 0.31968237 -0.7280447550939015 -0.00022346929
9.3793135 2.4237146000000003 32.536994 1.4395126 -0.10902712741906112 0.0044987238
25.479814 -2.8393891 19.867122000000002 2.2579591 1.1198423132595559 -0.0040991505
23.404009 2.430537 10.27752 2.509802 1.1683553445202024 -0.0025982434
-4.763453299999999 -1.9109998000000001 14.469750999999999 2.0005933 0.3444263002965868 0.0071478478
-2.9851932999999997 1.8707071 38.357713000000004 -0.94120471 0.6210059824103371 0.00078382061
22.59786 2.9521241 37.632867 -0.44697768 0.6226487953946483 0.0044791492
40.105266 0.84685814 33.583622 -1.6737090000000001 -0.12558362949862706 -0.0070250133
-5.0098681 -1.8848671 29.252593 -1.9714289999999999 0.11951967223200496 0.004926585
-12.203654 -0.64624579 29.809704 1.7973093 0.5969790096444498 -0.0030499433
-8.4156086 1.3783907 4.881178 -1.6360552 -0.5511994904906463 0.0050291812
9.266506000000001 2.7723171 7.5411212 -1.9509569999999998 0.1992956562606101 -0.00055152272
14.257869 2.5472023 4.3930613 -1.7735136 -0.03429950807126143 0.0022264785
-11.697068999999999 0.22514837999999998 35.815611999999994 -1.2600775 -0.21529832680208627 0.0019394276
-11.19692 1.3158919 39.190295 0.44406169 0.6268666281112194 -0.0029423994
18.99858 2.5835112000000002 19.765621 -2.4328832 -0.05156194724642362 0.0024551132
44.212835999999996 0.18192391000000002 14.766223 -1.9891301000000001 0.009917603590359541 0.005362854
18.059679 2.7902693999999997 4.234687800000001 -1.8861048 -0.10820943749201918 -0.0018379399
-6.5160898000000005 1.7563962 24.350287 2.0834422 0.4367676666935689 -0.0045976225
-1.1749791 -1.8496226 -7.3274132 0.6067566600000001 0.23439370647491248 0.0061639822
27.416172999999997 -2.5495403 39.148405 -1.1782815 -0.38298534667058276 -0.0014013816
44.124396000000004 0.8798934 5.2928873 -1.9115582 0.04739163184087695 0.0022945133
24.050435 -2.5342064 14.184662000000001 -2.55149 -0.02222543002311327 0.00068465995
31.349195 1.7545853 33.357451000000005 1.4800392999999998 -0.17217940464910142 -0.0049292601
19.49178 2.4610601 35.101237 1.2314132 -0.5763111074433994 0.0065067603
-6.2223586 -1.0619314 39.708597999999995 0.75645705 -0.16144773041249166 0.0062842657
24.556407999999998 2.2253771999999996 8.2642434 2.2293892 0.08749897340009609 0.0039877408
-4.961428199999999 1.9767835999999999 10.26789 -1.9819938 -0.06427348917481437 0.0070248154
42.808365 0.71000864 12.377303 -1.9225134 0.40388120833239083 -0.005243668
41.580459 0.56890127 38.36889 -0.59819701 0.03581591984001832 0.00021281956
23.160719 2.7265603 30.947779 1.9413942 0.08445355863653244 -0.0064960569
40.644878000000006 0.54788486 35.730526 0.9712209 -0.3087288570533937 -0.0019156874
44.105368999999996 -0.8953830500000001 4.7350907 1.6190513 -0.17404895090636194 0.0057741056
14.247921 -2.8805231 -3.5038296 -1.6146083 -0.35540453202019806 -0.0041785854
-7.0366025 1.2906584 39.278175 0.43405628 -0.4269661445802947 -0.0038713793
0.14891471 -2.1150621 37.701591 0.043378037 -0.11344091964141283 0.0022975556
0.95397753 2.481975 34.160351 0.40552553 0.5862690191711722 -0.0048912087
-2.2515256 -1.983777 12.758444 2.0947803 0.5444095515045837 -0.00012052323
-1.8998559000000002 -2.0791767 23.56891 1.8470994 -0.021101710726946547 -0.0024965484
-8.502211299999999 1.0865312 31.887522 -1.4415177000000001 -0.09790271333442313 -0.0025237953
4.6849807 -2.3714762 28.774361 -1.7883912 -0.4864366839772109 0.0013344155
12.824940999999999 -2.4714891 9.016791099999999 -2.1397727 0.1510103057816739 -0.0036991261
20.154945 3.1107945 35.021322 -1.4175964 0.22087485161382592 -0.00065098488
1.3394032999999999 -2.5854087999999997 -7.0449763 0.9105414700000001 0.619216128226844 -0.0034330003
-11.272579 0.36550788 -0.44686988 1.8740002 0.002125385453948588 -0.0067479061
40.079381 0.53358978 39.944814 -0.21756504 0.07463756801380733 -0.0037724097
32.483598 2.0425115000000003 -3.2195167999999996 0.45076848 -0.49707312851643887 0.0042379758
15.788635 -2.613527 21.251183 2.3374603 -0.3716702933165232 0.0014651628
22.780865000000002 2.3492099 18.060288 2.537436 0.9739964445153675 0.00044525859
38.131853 1.6138960999999998 14.250128 2.2669522 -0.4825398388543051 -0.0023961865
44.886241 0.24911655 7.5196252 1.9335031999999999 0.1468408061457023 -0.0044659887
32.469449 -2.2559208 38.728316 -1.0911902 0.0474230364360709 -0.0037702435
14.767195000000001 -2.8020195 37.49818500000001 0.9049262 0.19448834135545162 0.00036763506
19.557108 -2.7489631 -1.6723199 1.3735043 0.3788215523547448 0.0034589148
41.341794 0.80118235 -6.624843800000001 -0.60783879 -0.12348022085169615 0.0060348054
3.8847448 2.4094439000000003 36.17745 -1.2761149999999999 -0.21847225567507259 -0.002986643
-10.480663 -0.37534310000000004 34.772518000000005 -0.6960710499999999 -0.07632247926839433 -0.0063305091
2.6143072999999997 -2.1273275999999997 19.766595000000002 -2.0982787000000003 -0.5741608452482662 -0.0068131023
-10.773459 0.66131251 33.791096 0.93779713 -0.004055110754082283 -0.0065059821
41.481911000000004 -1.1936961 29.303494 1.6777041 0.0045092367559446634 -0.0046111082
37.188901 -1.8211938 1.7181518 -1.5734105999999999 0.39378567982412954 0.0028218633
-9.6415913 -0.3420931 20.674099000000002 -1.8521084 -0.6075914371166853 -0.00010172938
45.246491999999996 0.38894132 13.806937999999999 1.9501582999999998 -0.14725416317634496 0.0024330431
27.535180999999998 2.6441537 34.684757 -0.94597398 0.22189186292933832 0.006432952
8.0673678 -2.3897204 -4.92051 -0.76534908 0.7322043185551111 -0.0047588918
30.3125 2.3182904 -8.6684074 0.56895449 0.08561044149937128 0.00012378325
37.947266 -1.2174996 36.803607 -1.9191576000000001 0.3577219003059246 0.0063745033
1.7248755 2.1028534000000003 20.387303999999997 -1.9356620999999998 -0.3567259520595024 0.00021531608
41.737307 1.5078809 10.524923000000001 -2.0161501 -0.00954806655981626 0.0062029705
-3.6032855 -1.5493235 -10.918538 -0.28746441 0.4739914857481857 -0.0049340512
-5.3481379 -1.3925332 31.603047000000004 1.6522257 0.03213344730758749 0.0023855426
35.380411 2.2851645 -4.8806652 0.75268426 0.57735192301645 -0.0063658856
10.11782 -2.8404418999999996 35.283404999999995 -0.017646956 1.0293528198013384 0.0064009076
25.532941 -2.9646630999999997 -7.269997200000001 -0.37757368 0.12735614731192713 -0.0055765581
20.521604 -2.5110603 34.934733 -1.7851576 0.3630074031219301 0.0058132501
-6.878092 -1.3186241 38.788419 -0.31818239 0.5749289607062249 0.0011749231
11.247975 -2.4463063999999997 -5.8750367 0.25359389 -0.3865400245922223 0.0033656031
-10.577798 -0.88013567 39.398799999999994 -0.30765943 0.08150788310402649 0.0033822441
37.266619 -1.8250418 18.509521 -2.3392679999999997 -0.45644223009745905 0.0029076851
23.699644999999997 -2.7498392000000003 15.831456000000001 2.0799744999999996 -0.6873365612409618 0.0036735376
8.6664635 2.2042279 -6.6101912 1.1325201 -0.5132941238239709 0.0014068838
25.755083000000003 -2.5350769 12.408436 2.1049818 -0.3992730982771921 0.0048069218
-11.281365999999998 -1.3056259000000001 0.38888717 1.6805425 -0.32055508378372666 0.00488279
-5.9131341 -1.4137781999999999 -11.335517999999999 -0.36176303000000004 1.3512679840085788 -0.0050090406
-8.261339 0.71508911 29.008699999999997 1.2849054 -0.4228086838791699 -0.0012401635
-2.4690315000000003 -1.7591723 30.21033 -1.7293752 -0.1359512576953053 -0.0013667294
29.650175 -1.9931489 38.638225999999996 -1.4173228 0.5864654372306582 0.0063838671
29.31051 -2.5444117 -2.8038067 1.6277345 -0.0378973508438944 0.0024259922
-4.4837343 -0.9236027600000001 1.0132915999999998 -1.9253886 -0.47593524676920973 0.0060171407
-7.5275229 -1.1795814 32.422905 1.5097101000000002 0.03523222150838694 -0.0016360071
2.989823 2.490431 3.7657787 -1.6815458 -0.2355215205796636 0.00637135
-8.8018506 0.87743818 35.3565 0.69717581 0.7335289307362309 0.00038262397
24.135279999999998 2.8512803 -5.9528818 0.17123141 0.1836019141103853 -0.0040877823
24.184043999999997 2.7761867000000002 -5.0956409 0.048540609 -0.4598724651572135 0.005468617
-4.2609086000000005 1.8132641 38.710405 -0.7353225099999999 -0.5451872687224476 -0.00016157652
-11.061425 -0.8028062300000001 23.909074999999998 -2.0382819000000003 0.5349882996186903 -0.0023798658
38.089492 1.1388345 -6.2184788 -0.45470341999999997 0.9602932130630877 -0.0058128765
5.160821 2.2890684 24.86279 -1.9994523999999998 -0.6160189955229944 0.0033339318
41.822972 -1.2008573 -6.2570041 1.0874097999999999 0.2956854869163945 0.0038891324
2.9210764 2.1078308 10.267089 2.2718312 0.3496693678940138 -0.006445086
43.621681 0.19137107 9.9951704 -1.9350672 -0.013204121585278308 -0.0029656462
1.5425232 -2.3283527 32.116256 -1.7211462000000002 -0.7355171283980827 0.0053238063
-9.2092532 0.12138839 42.19048 0.026837535 0.07724282442270791 0.0070599092
14.474444 -2.8635693 31.815458 -1.5938341 0.4019186744773569 -0.002921877
34.375729 2.1465524 -4.4975259 -0.90230436 0.16625233199710704 0.0034061207
43.160857 0.40819237999999997 37.464536 1.2385798 -0.2283667780533497 -0.0046559142
42.834666 -1.3225864999999999 -3.7473341999999996 1.3206624 0.18597555022922393 -0.0006812226
-8.7309214 -0.7721205200000001 -11.607052 0.343006 0.3194172372332698 -0.0055121155
36.666146 -1.0837948 39.994486 -1.5412834 -0.01887094296857203 0.0047832049
-2.8964592000000002 1.5506818 -6.1156106 1.4087927 0.5571499215137031 -0.0054565328
-11.534355 0.5042974499999999 15.080368 2.0140588999999998 0.2805723928289552 -0.0059890121
40.78445 0.7038773700000001 31.824089 -1.7736889 -0.5871666190483277 0.0068814838
20.595032 -2.8849221 35.493834 0.40088884 0.038084927177240706 -0.0010332719
6.5882048 2.6254628 -5.702076399999999 -1.0073956 0.5197376394196801 -0.0060554795
10.017086999999998 2.3976452 22.239892 2.4305489000000002 -0.13947398886433143 0.00033105504
-3.3803123 1.9858946 10.691824 -2.0300647 -0.26970203523113917 0.0062300355
16.72465 2.6836723 -0.9810986899999999 1.7459540999999998 0.014933161160328938 -0.0043426499
40.115755 -1.6937670999999999 21.718021 1.8977004 -0.07306405490824207 -0.0013992085
14.742251 2.8620353 33.438006 -1.036843 0.0065667553241433325 0.0056094858
16.930477999999997 2.7229092 1.3211671999999999 1.9721355 0.1506412663199025 0.00044879472
-7.242952900000001 1.654199 38.179925000000004 -1.2931735 0.33361350258928435 -0.003728617
38.756927 -2.0587698 5.8397562 -1.87073 0.16711732895916484 -0.006010321
32.031576 -2.0081221 41.460961999999995 -0.5326836699999999 0.7294461560198042 0.0033279581
2.0681006 -2.302037 34.970890999999995 -0.73813636 -0.16763405058192699 -0.0061292296
26.590841 2.1738217 36.621215 1.5221199 -0.24576488578911462 0.0039627049
42.293155999999996 1.5430532000000001 -4.569917500000001 1.0077555999999999 0.5259598838517687 0.0015475201
-6.3962705 1.5516824999999999 14.565769 -2.2394583999999997 -0.509423803879484 -0.0030384011
10.165833000000001 2.5818447 25.241626999999998 -2.2308572 -1.105690383206534 0.0063131399
30.163043000000002 2.4450220999999996 25.687199 -2.0015236 -0.20224951989021728 0.0053994965
5.7027644 -2.5339734999999997 34.600094999999996 -1.0339878 -0.5456997088216636 0.0053590441
12.051609 2.2634263 -0.88863861 2.0922851999999996 -0.49095209524746725 0.0022517711
34.490946 1.8382629000000001 31.733631999999997 1.7984822 0.5976969375394211 -0.0052874304
31.081108999999998 -2.6190816 30.896176 1.6553773 0.3842476107484658 -0.0027707476
33.816497 1.9733207 35.953281 -0.8073033599999999 -0.87152099056375 0.0010202467
47.435141 -0.26769634 16.817773000000003 2.1348468 -0.33690211802405157 0.0025708517
-8.7248082 1.1940165 15.439311 -1.9290668 -0.009749039755003934 -0.0015727128
3.9919392999999994 -1.8615774 6.3359986 -2.2132491 -0.15750856154262638 0.0032277246
-6.8582094 0.31209009000000004 -6.8451132 -1.3127085 0.6936628796300178 -0.004857031
11.107144 2.4923636 28.204216000000002 -2.2094733 0.8016839199522239 -0.0061673001
-5.6123897000000005 -0.38404362 -10.252425 -0.93914765 0.3871701432528097 0.0061587202
35.781829 -2.1179995 2.6256937 -1.6913004999999999 0.1313853599154471 -0.0063645648
12.993007 2.5573964 27.066758 2.0587422 0.47238778916834323 -0.0053250661
32.053053999999996 -1.6716473 39.367173 -1.7623357000000002 0.10741756337854828 0.0053753695
32.980500000000006 -2.3711651000000002 40.976768 -0.3032604 -0.3912275328414658 0.0028242272
13.125306 -3.0487723 39.294953 -0.895407 0.5868814543794804 -0.0011452164
-13.1899 0.033164118 16.296221 -2.0220863 0.2294943134790534 0.0045133595
39.601284 1.9018374999999998 9.8697917 2.0990058 -0.42354176178053526 0.0063831319
19.678503 -2.7075685000000003 19.986735 -2.3779657 0.18909513668797095 -0.0032156182
-7.6650295 -1.0849118999999998 -8.924671400000001 0.84258931 0.6270459707454386 -0.0002030494
3.0753016 -2.4084009 27.762724 -2.0552383 -0.42056678694636596 0.0066781785
-4.7599652 2.1178787 35.812835 0.37352431999999997 -0.23682252864547024 0.0047208162
-9.8043009 0.21529857 6.3557425 -2.0708375 0.3485714231162502 -0.0067071146
41.013006 -0.95521199 11.637812 2.1397293 0.4564696166474789 0.00064878012
26.620856 -2.8425778 36.970682 0.54094067 -0.10960321274580721 -0.00082294268
-6.458055 2.1677452 -1.2271859999999999 -0.9911696299999999 0.4441206640276356 0.0054560278
35.154782000000004 -2.2913527 -0.65606506 1.5759601 -1.0148930254043367 0.00662522
12.114615 2.6336354999999996 30.167158 -1.503414 -0.45114482008579265 0.003437183
-9.8759307 1.0491292 -11.308098000000001 -0.5235212100000001 0.21273114301794968 0.0017423093
40.242458 -1.4404647000000002 13.093314 2.0604577 -0.31836319707269817 0.0057329
-10.958891999999999 -0.2032643 -2.6951835 1.6586987 1.0756925851782133 -0.0023385365
-11.918699 -0.19362993 2.6254467999999997 1.8516824 0.1941230741946034 0.0019363533
40.594609 -1.1856331 41.42702 0.33141311999999995 0.18000089439661215 0.0010232871
-10.28542 0.80076919 42.263533 -0.26000418000000003 0.3371905255036321 0.00035556166
39.525716 -0.87619312 37.177296 -1.668393 0.6880518543522124 -0.00045059148
15.240525 -2.7926767999999997 0.15593995000000002 -1.6027342 -1.0248176983220947 0.0047514804
-9.1300556 -0.6155535599999999 -10.373444000000001 0.076619693 0.07599063839255653 -0.0031349712
28.738447 2.2423327 -5.2520126 -0.18818538 0.07147423147806735 -0.0014839352
-9.94952 1.0977655000000002 30.021074 1.745114 0.09620127134543466 0.006655575
7.3037291 -2.8072375 36.704351 0.56695117 0.30489468938168984 -0.0038533153
35.157911999999996 1.9859909999999998 -8.136844100000001 -0.63943176 0.10164910470653962 -0.0003208575
11.583467 -2.7226498 34.875473 -1.6138805 -0.6598361581629759 0.0014958872
39.113426 1.6004754 -6.2241886 -0.35803513 0.7208732791575154 -0.002495609
14.690152 2.8278623 4.113780800000001 -2.0709266 -0.07390896671132136 0.0031989253
42.037993 0.73489406 5.2740026 -1.9431582 0.5353767782107395 3.6734124e-05
-4.736807499999999 0.77074939 -8.5685041 1.2091489 0.014890276508450408 0.0044754287
19.499584 -2.9964081 33.814667 0.80554616 -0.14844807488424308 0.0024329233
3.8072566 -2.0138367 14.202345999999999 -2.3172884 0.8656485136705835 -0.004746186
34.375215 1.4777161 35.489067 1.5471051 0.11279250443464192 0.0047957736
-4.1533914 -1.8201278 20.212153 -2.0847181999999997 0.4341384818882819 -0.0068602102
-6.4813624 1.3086453 -5.8842009 -0.9225418400000001 0.5571589152465958 -0.0059914141
0.90388155 -2.4033823 23.52183 2.0938657000000003 0.7553953048477728 -0.0023980763
40.374722 -1.4038763 4.7429118 2.0975356 -0.21361913353486234 0.0020188562
36.57427 1.9682265 6.1600928 -1.8933586 0.4278345591608518 -0.0044195706
-3.5474727 -2.0682731 36.215258 -1.1125064 0.2090961523283008 -0.0038362279
14.978287 -2.1955476000000003 15.051576 -2.6339601999999998 -1.0058274186518192 0.0044194684
41.137615000000004 1.3507778 18.728474 2.3893451999999997 -1.0145397110411754 0.004339098
8.5210968 2.3651546000000003 16.064142 2.6134009 0.9746030527981395 0.0010372607
-12.930209999999999 -0.24326815000000002 5.6790454 1.9164436 -0.10579130392965141 -0.0034948114
6.276688 -2.4991558 35.528346 1.1435455 0.3300768121334304 8.8962719e-05
15.202414 2.9410018 -3.542973 -0.46032997000000003 -0.6766593028885219 0.0044305495
6.1202239 2.620718 2.6699338 -1.3335782 -0.421918380326164 0.00056660311
43.410498 -0.6227763000000001 -0.32217787 -1.5213024 0.31380550259061657 -0.0010506795
-7.4302521 -0.2446039 -5.4370614999999995 1.4133558000000002 0.11765347265675892 -0.0067569386
-9.1354289 -1.1650255 -7.9628154 0.86882566 -0.965553432089158 0.001222822
6.8206537 -2.2591517 -0.7095875700000001 -2.0243599000000003 0.3136019908826518 0.0061216749
-9.1670698 -0.89854827 20.102865 2.2542698 0.13648193353800359 -0.0012907711
36.780538 -1.8696906 34.179884 1.1004452 0.2546588642501336 0.0045618177
40.76323 -1.6611327999999999 25.922973 1.5391533 -0.07182260055486073 0.0024873608
34.481588 1.297019 35.947176999999996 1.4433041999999998 -0.24335381040698326 0.0029331829
39.729744 -0.68730313 44.151977 0.3093981 0.03878948101138359 0.0051096942
40.675991 0.08172552000000001 41.114023 -0.7991054 0.3911781306467028 -0.0018351954
0.66604129 -2.4276727 34.172692999999995 -1.0018240999999999 -0.2338171473937858 0.0065987641
-10.892195000000001 -0.81286193 0.10300665 1.5720272 -0.09752211122563129 0.0047636508
-12.352198999999999 0.49590425 29.005727 -1.7131196 -0.36648025074147506 0.0011513231
37.648063 1.4230096 25.013583 2.3044493999999998 -0.150762430902812 -0.00040482316
-8.169684199999999 -0.65435966 -8.7877951 -0.7123308700000001 -0.5588371711388422 -0.0058768415
22.272586 2.7444202 29.420234 1.811557 0.5446202835333215 -0.0014688775
-11.012566 -0.15782898 30.238554 -1.599351 0.20643778729330706 -0.0006735196
17.026392 2.4556933 0.56436577 2.2326857 0.2327182120386811 0.0011856936
36.303021 -2.1731596 9.6260055 1.9673038999999999 -0.12554746455861465 0.0017592279
19.238911 -2.5122556 3.4534792 -1.9221647000000002 -0.0184100668534929 0.00023202017
-2.7136689 -1.8307566 8.0470176 1.8704949 0.31376385274026247 0.0066825933
41.377334000000005 -1.0610922 -5.5495090000000005 -0.39829707999999997 -0.49347571136271456 0.003578173
19.575374 -2.9522846 33.706218 -1.3636232000000001 0.34757149735978815 -0.0032165647
19.547494 2.9782821 1.2780088 -1.5364702 0.5496796256351478 -0.0031416534
3.8036831 -2.2623545 22.082706 1.8065906 -0.46358234197378545 -0.00063917866
-5.918051899999999 0.84338943 -8.7012738 0.29825921 -0.19111503535818533 0.0027218671
13.334599 -2.5799966 -4.630421800000001 -1.4273836 0.6139945189160654 -0.00037601565
7.0038767 -2.5270427 -4.5742899 1.1803473 -0.09303277671387222 -0.0029519157
-2.6642975 1.9147026999999999 2.4725343 -1.5879903 0.4587012277899887 -0.0032629968
20.072186 -2.5362319999999996 34.75717100000001 1.1879509 0.5938802759787846 0.0057657622
32.891034 -1.9879726 36.719359 -1.5398269 -0.633833882974793 0.0013698619
-10.603136000000001 0.84579487 -0.35443173 1.9413612 0.06543859813644272 -0.0066002587
37.0456 -1.3164416 40.699939 0.41810566 0.22587898232947434 0.00075898367
10.421909 2.7666435999999996 -4.9132212 -0.36818711 0.3683558874026438 0.00047110161
-9.971524400000002 -1.0244464 40.15507 0.10330689 0.6074348701609749 0.0014563182
16.608988 2.5942016000000003 35.695538 0.90356353 0.2752383745242465 0.0016815736
-8.820743199999999 0.29167594 -9.996480400000001 0.020643193 0.12705964293929725 -0.0070178857
-1.8376024 1.5944757 -3.643424 1.6966818000000001 0.39090847066667334 -0.0023027767
-5.6309027 -1.4005613 29.595543 -1.7933077000000002 -0.09344973377111786 -0.0054507022
42.568363 1.3539977 -3.7688524 1.0873707000000001 -0.10657394363287048 0.002687951
39.835856 1.2585955 22.87871 2.0846358 -0.274486397116577 0.0024030826
37.73766 -1.876123 30.940421 1.155217 0.05879914330251991 -0.0011465748
38.637394 1.3668782 23.690821 2.3253744 -0.6493299580767105 0.0057679451
4.427625999999999 2.1660634 15.156172000000002 2.5391974 -0.3274984735870609 -0.00056533059
7.957050300000001 2.4684171 31.167063 1.4036847 -0.55373047893342 -0.0018746161
16.932123999999998 -2.8450366000000002 -7.6987883 -0.6016259 0.15710537883065903 0.0025579449
32.466504 -2.5132128000000002 35.412666 0.84847112 -0.1321079898859815 -0.0011000295
26.131439999999998 -2.5083235 27.60362 1.5517036 -0.24114491414028097 0.0057940692
-9.0318064 1.2965427999999999 33.687231 0.94970205 0.5082395446004089 -0.00059255385
-9.986374399999999 -0.33097271 -5.9560773000000005 1.3600208 0.41796242991075466 -0.0053809766
-0.8899408600000001 2.0263573 -8.0359472 1.1335950000000001 1.0593580914950205 -0.003252512
34.718318999999994 -2.1323433 29.105085 1.7079739 0.4214371522802547 -0.0068989464
26.461619 -2.4523541 -1.7728211 -1.2303434 0.2557396069303362 0.0061229738
38.848496000000004 -1.7657828 24.955229 1.7150385000000001 -1.3118753326004895 -0.0055560947
-5.2268362 1.8137999999999999 37.97348100000001 0.24476111999999997 -1.1177822924068563 0.0055092635
40.498411 0.87701823 36.430749 -1.063472 0.07729865650312776 -0.0032525051
-4.7361474 1.9005268000000002 16.942446 2.2472094 -0.45628784190520993 0.0031289421
41.63501 -0.54409295 34.080297 1.5487583 0.6504379859690975 -0.0053883602
-6.036721099999999 -1.6045147 32.196863 1.4685538999999999 -0.04165802831735801 -0.0020083476
42.294320000000006 -0.443122 -4.9331914 1.0699454 0.2665179497735987 -0.0048852912
2.4740811 2.2746996 1.9021022 2.1475044 -0.6400925076897943 0.0017854412
-3.8339564 -1.5612565 30.539298 1.5843498 0.6234058143596296 -0.0035237208
-7.4433254 0.95100678 -7.836629899999999 1.121763 0.3990366771071775 -0.0020825892
-8.828363000000001 -1.0114071 -11.495381 0.19872185 0.724715224508087 -0.0037839115
31.729434 -2.1537331 36.840628 0.54873859 0.1974678155895131 0.004170749
-7.8451665 1.4087787 35.253322 1.2748807 0.39792963725868574 -0.0043753629
42.321304 0.35691096 -2.3332751000000003 -1.1379873999999999 -0.6619065661438052 -0.0012444842
41.562943999999995 -0.70438087 29.304 1.6685483 -0.2617759977722805 -0.0018703566
42.961107999999996 1.1957765 -6.3197123 -0.5933901899999999 -0.36228172288254984 0.0052470344
24.849006 -2.6534589 15.819595999999999 2.3143038000000002 -0.8774531807764326 0.0034255001
36.001233 2.1237176 -6.460337 -0.09699070900000001 -0.31688460205067087 0.0059864162
42.015985 0.55409312 -7.0557381999999995 -0.79095329 0.896470644321057 0.0022047762
-11.730476 0.34548418 28.937946 -1.6074135 -0.14432421274244894 0.0060484663
31.646997000000002 2.2900948000000003 1.2837406 1.824642 -0.38755211088893365 0.0020498515
23.053282000000003 -2.5703234 29.696844 -2.3905057 0.7026124292265306 -0.00036163202
0.2019771 2.2040606 35.755901 0.84319804 0.3274322999805373 0.0026534142
-6.6557645 -1.3849534000000001 -2.9725913999999998 -1.7760082 1.1261315420008515 -0.0025826758
30.790171 2.4568445 17.284077 -2.1618296999999997 0.6380118645875885 0.00060164748
36.293247 -2.335397 -3.8764331 -1.1285667 0.008742079126007626 -0.0021111134
42.846561 -0.66346136 -10.380556 0.71001335 0.264672613125218 0.00013872067
31.273119 -2.7552754 35.854907 0.73314249 -0.26737851067191143 -0.0015290577
8.940905 -2.6568025 34.896549 -1.013261 0.6841591134116408 0.0060962878
41.799043 0.8624661199999999 7.701930099999999 -2.0297936 -0.288667968486457 -0.0071010399
22.69781 2.8085482 1.7905582000000002 -1.6968405 0.48568698667083815 -0.0034751071
43.001455 -1.0937915 8.4724979 -1.9412759 0.6679275789692259 -0.0042188467
-1.221716 -1.5147050999999998 10.609401 -2.3218446000000004 0.2764494883297057 0.00076760634
-8.7723531 -0.058962643999999995 2.4192367999999997 -1.8798662000000002 0.07735370828221494 -0.0041731455
30.069022 2.1904539 18.666622 -2.1780805 -0.5797248244359818 -0.00074003805
-1.1561621 -1.8557228000000001 -7.6201381 -0.62677176 0.06971006390240515 0.00068782205
13.603728 -2.7043121 22.167673 -2.3481887 0.0722150566569498 -0.0038708251
16.256585 -2.7611548 12.972615999999999 2.2108198 0.2481268477893139 -0.0049883858
-2.2128481 -1.7258136000000002 26.138469 -1.872182 -0.4269968499444243 0.0012793543
43.770531 -0.04114837 -4.757504 1.3129975 0.33611039085044203 -0.0037563382
35.546811999999996 -1.3350622 38.944660999999996 0.049411799 0.7809972955860812 0.0060799103
10.831052000000001 2.7739796 1.5689205000000002 -1.3348668 0.03363491681251298 0.0025405781
41.209194999999994 0.14056280999999998 31.636337 -1.9700971 0.34720184227066664 0.0025646912
43.618668 0.16132793 -0.65768524 1.1957258 -0.8480390886800813 0.0026288442
-6.9352568 -0.9847612299999999 27.361798999999998 1.9277624999999998 -0.15494607223371526 -0.0065928332
45.277268 -0.57953564 9.031918 -1.8613494 0.00776470179795835 0.001168248
23.912136 2.7163143 30.409959999999998 -1.7948182 0.30194254089494693 -0.0049371798
2.1745276000000002 -2.5622089000000003 29.024874 -1.6346908 -0.5219558486334567 0.0055533712
34.222849 -2.2505463 26.99481 -2.2574771 0.3324226056819897 -0.0060175144
1.3634913 -2.4115715 37.052093 -0.0033634456000000003 -0.19796976975620997 0.0019721993
1.3073088 2.6595513 36.258221 0.41659318 -0.13406848431707774 0.00094298756
34.002693 1.7396453 30.725354 1.9769944 0.3924437388731544 0.0018127776
20.44038 -2.5185622 -3.4996373 1.1690585 0.4704000981956684 -0.00077006195
-1.1853912 2.3816605 9.7410007 -1.8781858 0.041757955023411196 -0.0054527325
3.8445197 2.3285546999999998 -3.0357409000000004 -1.4185266 0.8506904158024056 -0.0049499723
46.736821 0.12581403 -2.5368967000000002 1.2992894000000001 -0.5816545755012603 0.0048726498
-6.267894399999999 -1.5044134 22.725107 1.8040338 -0.10219084664086484 -0.0068952005
39.871392 -1.4441553 -0.6460897 1.5092409999999998 0.23765879886463484 0.0070540311
1.8110175 2.2174351999999997 4.0308299000000005 2.4895199999999997 -0.2676803960836016 2.6639833e-05
10.665723999999999 -2.3689074 28.716618 -2.1293169 -0.5182851895591889 0.0016797261
47.389384 0.57998426 3.325954 -1.645878 -0.4038183788744358 0.0045806275
8.8341172 -2.2356878 -1.8962276999999998 -1.6833955 -0.349005757078823 0.0029946556
37.912676 -1.8365434999999999 19.857626 2.0062422 -0.29094677772580946 -0.0064461104
21.492379999999997 -2.7150685 -1.3751054 1.2880454 -0.3595727091974175 0.0042207187
3.5156768 -2.4645349 33.071549999999995 -1.3284101 -0.4319362080491237 0.0015343081
37.469063 -1.6330126 -1.4256778 1.5317122 0.15166859129361387 0.0067885716
3.3468495 2.289984 22.897312 2.1029591 -0.7488540742442683 0.0058311951
20.524278 2.5880073 24.647578 2.4286949 1.0227068058760185 -0.0027927525
4.2282362 -2.5358542 36.73148 0.13880394 -0.1461404223634866 -0.0060312364
23.236195000000002 2.3278283 7.954522900000001 2.4254462 0.49531433437949934 -0.0018780249
-9.2320056 0.61727932 36.000052999999994 1.0953234 0.058588467009591604 -0.0058984739
38.509314 -1.3944769000000001 38.245757999999995 -1.2537738 -0.45735226919391125 0.0021687855
44.521537 -0.39394430999999996 2.2502111 -1.7404147 -0.06379727481831197 0.0014948122
-0.13421767 1.5769621999999999 -4.083091 1.8132225 -0.4089993263787557 0.0066155644
30.603295 2.4195264 4.188504099999999 2.2292753 -0.9219275446135152 0.0048114314
23.423323999999997 2.8201832000000002 -0.25871363999999997 -1.0805019999999999 -0.3043468317089975 0.0054061645
37.420552 0.35118162999999997 43.322025000000004 0.5038112 0.04797604713769385 0.0048931978
14.268511 2.6635462999999997 -3.8602162 1.4674939999999999 -0.2046892941473371 0.0028674518
39.908142 -1.091262 -6.0687483 -0.17531398 0.48875648437098734 0.0035960493
27.489703000000002 -2.3952191000000003 1.3462333 1.8573357 0.08259924092248837 0.0066352649
14.399405 -2.7561547 37.81461 -0.32957351999999995 -0.2459789974346634 0.0023084154
26.165924 -1.9595611 33.324501 -2.2197911 0.010740871911896276 0.0046533341
41.973147000000004 -1.0855685 5.037843400000001 -1.7091449 0.09599903649419611 -0.0027107431
-1.353463 2.3411271 16.446438 -2.1114144 0.28245152564544557 -0.0043633016
8.799913499999999 -2.7453701 18.643469999999997 2.1982910999999996 -0.20550509159030275 0.0015584182
14.911304 2.7914599 -2.8885373000000003 -1.2076727999999999 0.9798336811762698 -0.0049817538
2.4019602 2.6308141 0.61988924 -1.1382114 0.011403798190008908 0.0071215525
-11.876563999999998 -1.2737903 15.956738000000001 1.9879527000000001 -0.3727536707804464 0.00030642387
39.361813000000005 -0.091660329 40.538973 -0.94946182 0.11359541170494322 -0.0031680277
43.480232 -0.8112957 -4.6880803 -0.82285343 0.6610372901916471 -0.003624678
-1.6490385 -1.9673314999999998 21.958865 -2.0330613 -0.47824192391330034 0.0054609687
33.988001 -2.1440363 30.069909999999997 1.5254147 -0.32948707660025434 0.0061402788
19.374153000000003 -2.7217891 -5.5585571 -0.61058883 -0.3146219815305253 -0.0046147326
29.734531 -2.2531131 27.803805 1.5781798 0.848972638154349 -0.0020661683
-9.1764311 0.87105634 19.178993 -2.2298035 0.6244847582932537 -0.0023735728
17.720427 2.4743168 5.0761772 2.3791183 -0.3995115715383737 0.006799559
36.776738 2.0864361000000002 27.957396 -1.5394786 -0.8416770740385016 0.0059728549
15.933247000000001 -2.9840592 33.026392 1.1438995 0.2904123473163092 -0.004091795
43.62426 1.0568222999999999 9.0752486 1.8658531 0.02421880655504377 -0.0009569245
43.809674 -0.66378851 24.103731 1.7198980000000001 0.12882597914463723 -0.00076888701
-8.9235045 -0.86271013 9.8136065 1.8518012 0.032580848784036574 -0.007037705
35.691573 -1.4701089 32.593239000000004 -1.76046 -1.020650914540112 0.0036153508
28.817154000000002 2.7089743 31.617517 -1.6259017 -0.8404987430227979 0.00270609
15.002507999999999 -2.6591428 29.749732 -2.0202009000000003 0.3796162436600401 -0.0026047318
40.314954 1.4150904 22.690117 -1.9587126 -0.45774165982647913 -0.00073469349
36.479251999999995 -1.7447363 38.311263999999994 -1.6063775 1.0321602071901963 -0.0029939464
-3.2940842000000004 -1.4068463999999998 2.0392641 -1.9791596 -0.03142733540422517 0.0037811976
-4.170776999999999 1.4439765 9.874225699999998 2.2882946 0.35598119497260605 -0.0018762455
36.478588 1.4713988 41.888018 -0.14702713 1.1631545854690597 -0.0058485287
20.439637 2.8524731 0.6356139399999999 -1.8564205 0.015160611145119103 -0.00062112912
-0.4489047 -2.1937488 -4.8461432 -1.2508408999999998 0.09434747552124294 -0.0069415
-9.1402487 -0.30950804 36.955092 0.9034507399999999 0.5181586946061367 -0.0039965883
-3.3246859 -1.7827176 15.623126 1.9869027 0.2696076897063713 0.0024250391
5.5791508 2.686191 21.015109 -2.2804186 0.48092403240313103 0.004796462
13.888175 2.8760789 36.529657 -0.91578944 -0.23173978763744743 0.0050747344
18.271183 -2.5398932000000003 33.854345 -1.7051854 -0.36766724614210633 -0.0019472524
22.775942 -2.8586682 -4.6809227 1.3809112 0.20849748133148743 -0.00087113968
47.006963999999996 0.34969934999999996 18.573800000000002 -1.9314941 -0.12385419293260622 0.0048336001
32.276053 1.8637558 37.286737 1.2184741000000001 0.3169982777675435 -0.0062036292
28.510231 -2.4057332 -5.141922999999999 0.7066858699999999 0.19021212284500838 -0.00198619
41.642842 -1.1503342 20.105317 -2.3070896 -0.6465212786304511 0.0065798546
-6.1228842000000006 1.4600062999999999 2.6733655 2.1939569 1.1323818063444313 -0.0024376382
13.366953 -2.629118 34.903969 0.6094954499999999 -0.03138062626243821 0.0022695745
-5.840375099999999 0.82110938 -7.466620799999999 0.9915012400000001 0.7035422798698056 -0.0052465082
-9.1825475 -0.79966635 27.01766 1.5275214 -0.3327352582386925 -0.00021062814
-9.433796300000001 1.1548992 39.253239 -0.059911243 0.45648676807612226 -0.00020994969
8.454892699999998 2.3683422 24.233903 2.2069479999999997 0.22271324915392687 -0.0026178795
42.516873 1.585092 21.846852 -1.6956944999999999 -0.6416654482365896 0.0066844316
30.011064 -2.5992791 36.615354 0.6117667800000001 -0.14984116357419622 -0.0013603388
1.4310513999999999 2.2402131 7.813162800000001 2.4611146 -0.011809427957356861 -0.0032588008
-8.7827761 -1.4841900000000001 3.3108982 1.6259155 -0.7526606780247405 0.0066069771
29.315687 2.1017734 13.239549 2.3736666 0.3276567632859733 -0.0067455566
11.059229 2.7199524 37.235989 0.24225752 0.5257653912111556 -0.004830953
28.800052 2.3051744 33.411465 -1.2418281 0.5264062263478377 0.0032387383
34.2937 -1.8240901 40.658719000000005 -0.019712603999999998 -0.2859188503529606 0.0067472523
15.087719 -2.5125275 9.5568364 2.1957478999999998 0.4686278514610781 -0.00024526374
38.522027 1.2909202 -0.078602057 -1.7464579 0.7246778055123614 0.005293737
41.884896 -0.40178361 18.063572 2.1643812000000002 0.25755743035640283 -0.0039101374
39.226378 1.4911614999999998 22.825119 2.0777425999999997 -0.458551754482757 -0.002550949
-3.678381 1.8321604999999999 29.101748999999998 -2.1579005 -0.1984701987884839 0.0064302811
34.11669 -2.2138773 -6.764939 1.4407230999999998 0.5771609772000763 -0.0067505686
0.14755742000000002 -2.1704337000000002 33.533833 1.4858209 0.019833762863219886 -0.0053938902
29.092911 2.583669 -1.0130692 -1.3024265 -0.2854875058565325 -0.0066608715
-6.4228252999999995 0.66850041 -6.553584900000001 -0.83415709 -0.6095535656203774 0.0049811044
20.353126 -3.0326248000000002 36.498348 0.65715106 0.22629558977118783 -0.0037954673
39.521139 0.86588071 37.131128 1.1483589 0.3549667272367625 -0.0026765609
43.904736 0.81102732 -7.005276599999999 -0.36097457 -3.604854844154259e-05 -0.0016348374
9.4748565 -2.6634559 -5.6021623 0.35494661 -0.6459662259714447 -0.0020120328
8.6514729 2.6325133000000003 28.308818 -1.6813887 -0.8134265176338837 0.0065149078
38.403168 -1.5938795000000001 6.7366182 2.1096247999999997 0.494587463420553 -0.0034142857
17.131703 -2.6753528 16.477945000000002 2.1751791000000003 0.8291020620423145 0.0015392765
40.600147 -1.0307849 27.745283999999998 -2.0934880000000002 0.23608061155141125 0.0013074087
2.2220684 -2.2064081 -6.2341768 0.44433495 -0.2640653461465159 0.0038057849
40.244865999999995 0.089335204 39.552583000000006 -0.67602091 0.23832394748147803 -0.0066888147
7.4040814 -2.4255948 6.8748927 -2.2395074 0.4431266665345451 -0.0059315928
30.709179 -2.6925561 36.471676 0.9298010600000001 0.29526161608532797 0.0055562088
19.150739 2.5008944 -2.2233571 1.8800739 0.05411905298282852 -0.0038640815
34.469885999999995 -1.954051 38.844845 0.53251462 -0.792272573839742 0.0046970904
-8.0397464 -1.1314226 41.326571 -0.29651814 -0.017715789435894486 0.0032743641
12.166031 2.8826988 -3.4623881 -0.74345871 -0.5303134079299554 0.00078082083
-0.26167224 2.0449804 -0.73120343 2.2657489 -0.12659339769235345 0.0004695195
17.300165 2.6908790999999996 19.731392 2.2750936 -0.0932618584911571 -0.0044584097
3.5733368000000003 -2.2955623 39.424347999999995 0.12892264 0.6548417989481071 -0.0022362137
-7.0100834 1.7907869 -2.1083551000000003 -1.3348162000000001 0.059201821858756096 -0.0041553586
18.378392 2.6545198 9.0964085 -2.1263037000000002 -0.03813899091243263 0.0021496235
-9.892854700000001 0.07777957499999999 37.325727 0.38087292 0.20239994577310183 -0.0055384133
-9.5866514 0.16856088 -5.4842349 -1.1449195 -0.07383618841137485 0.0072906912
17.330946 -2.7432789 37.020426 0.81645884 0.49375183162975145 0.0012451581
42.733306 0.19239817 -5.3743056000000005 1.1438518 0.7671836058932032 -0.0061431984
21.918019 -2.554488 4.0969984 -2.2263511 -0.6766985966342027 0.0023493182
40.534514 -1.1401297 15.244473 -2.2875066 0.6692904715176723 0.0038793255
44.424704000000006 0.21019508 -0.17957325 1.5314774 -0.803372208290176 -0.00063184235
-4.170318 2.1663455 26.253396 -2.0638127 0.19719664314229016 -0.00057810142
41.227207 0.77069828 1.1942485999999999 1.5841249 0.7732707669906886 -0.0022943886
10.050614 -2.6886804 35.30866399999999 -1.5203795 0.43176988732675503 -0.0024334698
20.94772 -2.9232582999999996 6.0894591 2.0717394000000002 -0.35834862414902574 0.00085596959
42.630845 -0.72934906 -7.6526483999999995 -0.2986646 0.9015413869293674 -0.0061502737
-5.527481300000001 2.1246193 31.716985000000005 1.3258733999999999 0.063235232382108 -0.0063309293
35.132974 -1.7487538 25.909106 -2.1388374999999997 0.48880439183267804 -0.0058404454
32.827869 -2.3952283000000003 -6.5913385 0.92258307 -0.5913983097138913 0.0039899934
30.896361000000002 -2.3868462 36.323904999999996 -0.8400358299999999 -0.5745868441738764 -0.0034784439
-3.8343924 1.9099802 10.894222000000001 2.0433665000000003 -0.2502588767744109 -0.0051644677
-3.1166949 2.2269940999999998 21.059548 2.341827 -0.262477534272374 0.00053775809
-7.675406 -1.4446292 2.6093711 1.8499152 0.4043679592903301 -0.00087997753
12.143736 -2.7551347 35.377983 -1.5058046999999999 0.4260458956969248 -0.0065093421
-8.1952786 -1.4548733999999999 38.073418 0.089644799 -0.43857953652180515 0.0050558604
39.653092 1.0129143 42.319770999999996 -0.030581535999999996 -0.39759104221611774 0.0071041947
17.296490000000002 -2.8013483 1.6070872 1.5907171 -0.03215493852903234 0.0012975124
42.784580000000005 0.59564346 23.712819 2.1796804 -0.3434329614994264 0.0067368903
-4.2602778 -1.4576312 -11.101948 0.55617902 -0.016864559472121895 0.0057137283
-0.89117945 -2.3316112 31.721859999999996 -1.4891596999999999 0.36437564124119454 -0.0033384121
11.340039999999998 2.7732533 -6.0894364 0.50095714 -0.3564264987558621 0.0062626635
-5.8675743 -1.4765213000000001 19.344975 -2.2842583 0.35272794644239736 -0.0028835628
16.853358 2.4685970999999998 25.783827 2.0057769999999997 0.30084609085025565 0.0010543444
45.61142 -0.59097363 31.587854999999998 1.6784048999999999 0.3555235786423475 0.0058205073
34.086859999999994 1.7340212 29.813570000000002 -1.6532265 0.6469618195354429 -0.0046257251
15.562972 -2.8985113 37.656795 -1.191894 0.09247131697022186 0.00038279729
-0.6824522399999999 -1.9538335 -4.6339397 0.39283319 0.13537652522866192 0.00055902808
-4.043140500000001 -1.8117363999999998 28.671015 -1.7576197 -0.29355222414315146 -0.0022170962
27.691513 2.6490685 35.918182 -1.1266876 -0.25248137004517945 0.0050091825
-2.3856887 2.3550682000000003 11.758506 -2.0913198000000004 -0.6858079053282413 0.0044750649
34.153579 -2.5942431 32.396813 0.96362803 -0.35606601474084526 0.0062006008
32.167559999999995 2.4208983 33.775982000000006 -1.5678669 0.47687505385481405 -0.00013145558
28.874216 -2.3185275 40.262117 -0.57910101 -0.6479418577417054 0.005370462
43.739923 0.64837741 14.858442 2.1393508000000003 0.29045736664969063 0.00055206105
14.631023 2.7459861 16.328952 -2.0119475 -0.36632930803562996 0.0042804883
19.998195 2.6869455999999996 34.831313 -0.9149625699999999 -0.9151434072185299 0.0012129701
-0.27861804 2.5504564000000003 -0.45039651 -1.5936886 0.044238312550167365 -0.004119177
10.301986000000001 2.7332602 33.937779 -1.4401024999999998 1.0260732741028404 -0.0019540587
28.957495 -2.5060189999999998 3.9329699 -2.2761232000000002 1.1856774767473135 -0.005424606
28.24182 -2.6559885 37.482622 -0.43270617 0.2746154001810556 -0.0037683378
44.177994999999996 0.45152113 -8.5485343 0.55526893 0.3234848366088436 0.0044488075
19.95399 -2.6686022 35.656462 -1.5676196999999998 -0.5587592930123286 0.0016063289
16.175144999999997 2.972101 34.856517 0.82242235 -0.4641465910413554 -0.0012263727
-8.782497699999999 0.88139051 25.035257 1.8151776 1.0242091899549088 -0.0066279242
40.229659 -0.91710585 -5.4331551 1.0114841 0.08945230071278286 0.0022953401
20.166465000000002 2.3056479 8.7115062 2.7379425 0.5285393371143277 0.0030975081
10.222434000000002 -2.770743 35.931728 -0.6481566400000001 -0.9037207077488048 0.0035825883
42.167075 0.069070734 3.2373203 -1.8063034 -0.0008703942911751885 -0.0026354238
41.345893000000004 -0.33688014 41.875391 -0.85744732 0.11827609485097178 0.0010509728
15.958376999999999 -2.6815722 32.300629 1.1639158 -0.10571676995170641 0.0020345655
-9.827090199999999 -0.22748274000000002 0.44523958 1.7524349000000001 0.17463694849566064 -0.0026454473
1.6573393 -2.4049547999999996 13.025161 2.1356449 -0.3182733864160649 0.0050906513
-7.553982899999999 -0.5990758700000001 37.308701 0.51233513 -0.23641694929369544 0.0048199629
27.32766 2.7584548 -6.1103772 0.28248785000000004 -0.33190727745446447 0.0064533425
36.455883 -2.2402321 -3.7722236000000002 -1.0987324 0.24705756641829635 -0.005459259
21.031481 2.8432161 28.995181 -1.5298632 0.4076453262253666 0.0029235641
-11.356305 0.37188022 -1.661033 1.8409695 0.08507499264462509 0.0013051995
-7.1142581 -1.0548074 37.720380999999996 -0.65788052 -0.36589689949193 0.00085439306
37.292999 0.9241431800000001 36.380089 1.0835176 0.11477762395974311 -0.0039798216
6.763092 2.7037991 24.092828 2.1588868999999997 -0.08260664111791928 0.00052622637
14.45516 -2.9216549 35.761334999999995 -1.4497354999999998 0.49248472867022763 0.0021839818
41.683177 0.96431683 -11.007225 0.37137977 0.9448205723356091 -0.0044777209
-2.4004133999999997 2.0601095 14.446102 2.61285 0.3594047924041411 0.003225836
-2.6294219 -2.0053565 36.04976 1.0524977 -0.56752248232952 0.0045626506
-7.8156805 -0.39610482999999996 -10.212542 -0.43302363000000005 0.14667531892702979 0.00081842573
-5.2706139 0.6081876199999999 -11.092011000000001 -0.23421298 -0.3129646012323737 0.0027716806
